0,1.333658966109576,0.51644,1.249719530940056,58.87
1,0.7584016878739037,0.73286,1.297981162071228,63.59
2,0.5656843606163474,0.80204,0.8988020926713943,74.02
3,0.4548520352072118,0.84264,0.7535236287117004,76.72
4,0.38460289555437427,0.86702,0.5094372072815895,83.06
5,0.3257653760102094,0.88668,0.5727628058195114,81.68
6,0.2911482173806566,0.89976,0.7325886428356171,77.76
7,0.2557592744869954,0.90948,0.5648608857393265,83.05
8,0.22679755173604507,0.92134,0.5319529381394387,84.15
9,0.20113732395193462,0.93006,0.4646596309542656,86.11
10,0.1737479184708937,0.94034,0.4054222483932972,87.99
11,0.1668732450212664,0.9408,0.7672094613313675,80.7
12,0.14562722445105958,0.94928,0.6105169406533242,84.01
13,0.12808847571234874,0.9557,0.6045671769976616,84.51
14,0.11892615724593172,0.9584,0.8233775556087494,82.72
15,0.10494672955797456,0.96354,0.38947541803121566,88.96
16,0.096632779702125,0.96604,0.4494612170010805,88.27
17,0.08206397940016463,0.97174,0.6003849767148495,86.32
18,0.08059449710637864,0.97238,0.7594855907559395,83.6
19,0.0737199231915538,0.97444,0.4494531916081905,89.66
20,0.06299176500619524,0.9782,0.67809012144804,84.89
21,0.06280865928496393,0.97756,0.4375552801787853,89.37
22,0.06307702378162643,0.97772,0.4938139389455318,88.77
23,0.05123642007427295,0.98198,0.4816517422348261,89.38
24,0.05136787569831552,0.98202,0.5100018748641014,88.16
25,0.044404553030343616,0.98444,0.4447394189238548,89.96
26,0.040349501439982366,0.98548,0.48179561622440814,89.65
27,0.040198367689271715,0.98586,0.5863427871465683,87.83
28,0.03901787591464532,0.98632,0.4104415797442198,90.64
29,0.03590719586671771,0.98776,0.9121752113103867,84.12
30,0.032769168734245596,0.98898,0.41073888681828974,90.84
31,0.02594909759338402,0.99114,0.6330729335546493,87.82
32,0.029980133309045715,0.9899,0.4908140669763088,89.82
33,0.026478043528716733,0.99132,0.415151552259922,90.63
34,0.02142375371123538,0.9928,0.3952544904500246,91.38
35,0.02067411120247353,0.99356,0.427637058570981,90.9
36,0.024886880979856568,0.99178,0.456204579398036,90.82
37,0.023830214782101115,0.99168,0.38764402594417335,92.01
38,0.020320676267147064,0.99346,0.3971506351977587,91.53
39,0.017442206301919335,0.9946,0.5695064078271389,89.55
40,0.015161106267662915,0.99516,0.5504982627928257,89.52
41,0.013835702027144183,0.99578,0.37643125671893357,92.27
42,0.017457684902164636,0.99382,0.6241540925204754,88.81
43,0.019050882976797537,0.99326,0.4884451689571142,90.44
44,0.016920273433691915,0.994,0.4470917274802923,91.16
45,0.01762195262352905,0.9941,0.5816517777740955,90.23
46,0.016595385182658424,0.99414,0.5514103130996227,90.23
47,0.01567851626754874,0.99462,0.44816001914441583,91.76
48,0.012323055625952723,0.99584,0.4645916974544525,91.11
49,0.01383246042672783,0.99522,0.3803370867669582,92.63
50,0.011204889982633883,0.99614,0.4495287275314331,91.31
51,0.01131685878343099,0.99628,0.5338742171227931,90.79
52,0.010696181913127984,0.99628,0.49941673055291175,91.08
53,0.009285010092551142,0.99682,0.4689733712375164,91.34
54,0.00876415321303298,0.99724,0.6599421000480652,89.31
55,0.010431317360047489,0.9964,0.4683555293828249,91.61
56,0.006590987910585635,0.99802,0.4538661510869861,91.92
57,0.010399476865597088,0.99662,0.454920843988657,91.77
58,0.01152344663029589,0.99612,0.4919522798806429,91.12
59,0.01252937250484205,0.99586,0.5336618679761886,90.86
60,0.00933022429580655,0.99692,0.5215856089442968,90.9
61,0.008826420823459887,0.99694,0.4063192468509078,92.59
62,0.006311598534444514,0.99804,0.4713184678554535,91.86
63,0.008311534612475302,0.99732,0.46069323729723693,91.73
64,0.011296989854432338,0.99628,0.405842714458704,92.59
65,0.0076951416985839224,0.99738,1.0151820635795594,85.29
66,0.008516976200139432,0.99718,0.43960853297263386,92.04
67,0.0059152056779855355,0.9979,0.4448590387403965,92.16
68,0.007246719658984552,0.9975,0.4376538361608982,92.05
69,0.004024252228800903,0.99898,0.4523327655345202,91.98
70,0.006889081033675567,0.99778,0.5691436260938645,90.56
71,0.005897564643188892,0.99826,0.4472868900001049,92.28
72,0.008185340881185688,0.9973,0.5383428896963597,91.05
73,0.009312481276424187,0.99688,0.5927939184010029,90.45
74,0.006686825536267684,0.99782,0.46299225054681303,92.25
75,0.008930626251470402,0.99686,0.5870688596367836,89.95
76,0.006035465613731643,0.9982,0.4152735309302807,92.3
77,0.0066692960193848756,0.99784,0.45765788584947587,91.96
78,0.010481142742342561,0.99652,0.49467057511210444,91.37
79,0.008596320178054864,0.997,0.5542745611071587,90.85
80,0.004497166153739023,0.99878,0.45348559744656086,92.59
81,0.003956349541866661,0.99866,0.43874697789549827,92.59
82,0.005119007710507973,0.99842,0.4248914389312267,92.71
83,0.0030606853277863138,0.99912,0.4206856956332922,92.62
84,0.0025554379606690936,0.9992,0.4055422608554363,92.95
85,0.0034889512106745274,0.9988,0.39787345215678216,92.53
86,0.002444027858736265,0.99924,0.43524830006062987,92.64
87,0.002780731059396473,0.99932,0.4338535210490227,92.65
88,0.0025291703565491607,0.99932,0.501797116920352,91.74
89,0.0030245870103776133,0.99914,0.4174102473072708,92.61
90,0.0017805986240079811,0.99958,0.3980611141398549,92.98
91,0.001826591111327786,0.9995,0.4537901366502047,92.47
92,0.001960642010573765,0.9995,0.409801612123847,93.11
93,0.0011385481547364189,0.9997,0.4040590525045991,93.21
94,0.0007302459166206591,0.99992,0.39466808918863533,93.23
95,0.0006713130742983173,0.99986,0.3949279760941863,93.2
96,0.0006726086842339209,0.99986,0.39572777800261977,93.3
97,0.0006495851137147754,0.99986,0.3905451912805438,93.44
98,0.0005688654396401913,0.99986,0.39127664688974617,93.43
99,0.000544598166983577,0.99998,0.3904101699590683,93.38
100,0.0005044454561017663,0.99994,0.39297531682997944,93.34
101,0.0006851418815610354,0.99986,0.3879209465533495,93.45
102,0.0006208940521063854,0.99988,0.3877266443148255,93.46
103,0.0004291594428706395,0.99998,0.39103096194565296,93.29
104,0.0005878858783942125,0.9999,0.39316463775932786,93.33
105,0.0004904769552166543,0.99996,0.38800964716821906,93.33
106,0.0004964274385318165,0.99994,0.3908549711853266,93.38
107,0.0005608017982431518,0.99994,0.3874033439904451,93.49
108,0.0007038438802330738,0.99986,0.3875984686613083,93.36
109,0.0005661075072594658,0.9999,0.39221438065171244,93.29
110,0.0004229756572957882,0.99996,0.39242273569107056,93.33
111,0.0006087444990020617,0.99982,0.3894938389956951,93.31
112,0.0004230344634833019,0.99996,0.3888723910599947,93.44
113,0.00048552328706397423,0.99992,0.3866357348114252,93.4
114,0.0006655482801577777,0.99984,0.39043304793536665,93.26
115,0.00048132737160033886,0.99998,0.39009926937520506,93.29
116,0.0005077764619965954,0.99996,0.3903482826054096,93.47
117,0.0004345191522951588,0.99998,0.3916077870503068,93.4
118,0.0004903397177789084,0.99996,0.3883033597096801,93.32
119,0.00047469777061039456,0.99996,0.3909765814989805,93.46
120,0.0006894511296851513,0.99988,0.39234340280294416,93.33
121,0.00044181785925151245,0.99994,0.3878664629906416,93.4
122,0.0006352793587216288,0.99984,0.39001336608082054,93.42
123,0.0004575893911786134,0.9999,0.39228210106492045,93.35
124,0.0005247864100500456,0.9999,0.38907292906194924,93.4
125,0.00046700788358145434,0.99996,0.3902402631565928,93.37
126,0.0005625659604961781,0.99994,0.3900494159758091,93.38
127,0.0006975418351509649,0.9998,0.3891112511232495,93.4
128,0.0004430913063876159,0.99994,0.389761736355722,93.38
129,0.00046524557161747534,0.9999,0.392287366874516,93.37
130,0.000520358000265058,0.9999,0.38900365062057973,93.36
131,0.0005372943894942398,0.99992,0.3913476112112403,93.29
132,0.0004532275202027891,0.99996,0.38924654215574267,93.39
133,0.0005112554449217378,0.99992,0.39061650440096857,93.44
134,0.0005041227373473175,0.99998,0.3902543539181352,93.4
135,0.00047859488545781204,0.99992,0.3890951140597463,93.4
136,0.0005173891096764355,0.99996,0.3902035435661674,93.41
137,0.0005625260153027904,0.99994,0.390847757011652,93.38
138,0.0005689717962576584,0.99988,0.3901931928098202,93.41
139,0.0004487299893880287,0.99998,0.3907413764670491,93.4
140,0.0006027139590510056,0.99988,0.39090994067490104,93.35
141,0.0005691829735211924,0.99994,0.39053432915359737,93.34
142,0.0006522937484866823,0.99992,0.3909364417940378,93.34
143,0.0006022189603210367,0.99984,0.3899525164440274,93.45
144,0.0005010540794838419,0.99994,0.3883029821515083,93.39
145,0.0004442544106026049,0.99994,0.3886573096737266,93.38
146,0.0006213328893989554,0.9999,0.3906288792937994,93.33
147,0.0005165390289186359,0.99992,0.38916416492313144,93.37
148,0.000539073067934007,0.99992,0.3911554327234626,93.35
149,0.0004934905606912702,0.99996,0.3893917689472437,93.24
150,0.00042324750813717483,0.99996,0.3946909818053246,93.35
151,0.0006017121741303441,0.99982,0.3924399694800377,93.32
152,0.0007124290937948448,0.99984,0.3880498434975743,93.34
153,0.0004651060511293771,0.99994,0.39070140935480596,93.37
154,0.0006081193704586809,0.99986,0.38911747813224795,93.39
155,0.0005742135864701551,0.99988,0.39287021607160566,93.31
156,0.00047489654111011666,0.99994,0.3915611504763365,93.34
157,0.0006465141949823836,0.99984,0.3898386547714472,93.37
158,0.0006187046808667024,0.99992,0.39205652233213184,93.29
159,0.0007206205840763228,0.99986,0.39064264692366124,93.35
160,0.0007937903884593445,0.99984,0.39002311501652004,93.45
161,0.000475146015506813,0.99992,0.3868582217767835,93.39
162,0.0005660854565860082,0.99992,0.38989999283105137,93.34
163,0.0004853828560018762,0.99994,0.3908437780290842,93.44
164,0.0005515475178767434,0.99994,0.3894971987977624,93.43
165,0.0004318568312451053,0.99992,0.3913280124589801,93.45
166,0.0006149065787950114,0.99982,0.38950566958636046,93.47
167,0.0005636058595624593,0.99996,0.3899521292373538,93.44
168,0.0006438794724769471,0.99986,0.3906372644007206,93.42
169,0.0004892312790616415,0.9999,0.3908337388187647,93.37
170,0.0004895467359079596,0.99996,0.390480539239943,93.39
171,0.0006531900666711276,0.99988,0.39237326081842183,93.33
172,0.000559835739986366,0.99994,0.3886290043592453,93.36
173,0.0004063948722141783,0.99992,0.38896067887544633,93.38
174,0.0007470307847582604,0.99982,0.39181319404393433,93.39
175,0.000566574607213871,0.99986,0.3904845568910241,93.44
176,0.0005241180776053911,0.99992,0.39054736025631426,93.29
177,0.0007002238789216027,0.99982,0.3882951134070754,93.35
178,0.00039245342774040664,1.0,0.3883649468421936,93.42
179,0.0005624462478815594,0.99988,0.39243102934211493,93.22
180,0.0005167419362329113,0.99996,0.39033377438783645,93.34
181,0.0005366865974550833,0.99988,0.3905929996818304,93.34
182,0.0005426693051491324,0.9999,0.3911487738788128,93.35
183,0.0006814533258791861,0.99984,0.39146287567913535,93.44
184,0.0006041053844534832,0.99986,0.38851252615451815,93.26
185,0.0005853708843020853,0.9999,0.39109734423458575,93.38
186,0.0007284708073358391,0.99988,0.38994399953633546,93.31
187,0.0005497061459341949,0.99988,0.3887767544016242,93.37
188,0.0005188689436069797,0.99996,0.38914600785821674,93.38
189,0.000627978904465454,0.9999,0.38937980867922306,93.34
190,0.0006087831962291542,0.99992,0.39303422026336193,93.35
191,0.0005384072585160459,0.99986,0.392345949858427,93.37
192,0.0004807166012195761,0.99994,0.3909204218909144,93.34
193,0.000539611760185093,0.99988,0.3874386525154114,93.43
194,0.0004639812614744925,0.99998,0.3904874334484339,93.39
195,0.0005294311782130805,0.99988,0.3870660048350692,93.49
196,0.0005404203903892308,0.99996,0.38742700576782224,93.4
197,0.0005295466069448287,0.9999,0.38977397717535495,93.34
198,0.000637254345679895,0.99986,0.3908546414226294,93.43
199,0.0006018425078194379,0.99992,0.38992337580770253,93.36
200,0.0005671269753390713,0.9999,0.39305606212466954,93.37
201,0.0005206772299838321,0.9999,0.38932378314435484,93.36
202,0.0005977844586149287,0.99992,0.39261671237647533,93.3
203,0.0006402416983643151,0.99988,0.3897650337591767,93.36
204,0.0005846212949211378,0.99986,0.3901233041286469,93.37
205,0.0004473919130187682,0.99994,0.39224335841834546,93.32
206,0.0006230550463205082,0.99988,0.3917686166986823,93.38
207,0.0004423894807654659,0.99996,0.38899508990347387,93.33
208,0.00046229673474503067,0.9999,0.3906480514258146,93.31
209,0.0005919401507626366,0.9999,0.3924557300657034,93.35
210,0.000512204408790628,0.99992,0.38924648106098175,93.47
211,0.0005846235491467885,0.99992,0.3901649884134531,93.37
212,0.0007955851533528789,0.99982,0.39046046186238526,93.38
213,0.0004153320398491324,0.99996,0.3885966689884663,93.37
214,0.00045788345996604856,0.99996,0.3886923872679472,93.26
215,0.0005424250783089101,0.99996,0.39011042803525925,93.31
216,0.0004916210477823949,0.99994,0.3877919214963913,93.37
217,0.0005238187396941293,0.99992,0.38972826264798643,93.41
218,0.0005139691541995615,0.99994,0.39027183566242457,93.41
219,0.0006226450986409908,0.99984,0.3915781667456031,93.36
220,0.0004349444833401914,0.99996,0.3931393267214298,93.26
221,0.0005093657088887585,0.99992,0.38974759858101604,93.29
222,0.00072078686350819,0.9998,0.39149001009762285,93.39
223,0.00047487521837667924,0.99994,0.39042069151997566,93.36
224,0.0004950194216757308,0.9999,0.38747695691883566,93.45
225,0.00044975953980955197,0.99992,0.3874482240155339,93.37
226,0.0005593555038580504,0.99988,0.39177918508648873,93.38
227,0.0005130012131259179,0.99992,0.3933433552831411,93.39
228,0.0006046760169896436,0.99986,0.39041257292032244,93.33
229,0.0005255100710908204,0.9999,0.39094471085816623,93.4
230,0.0005399408680863222,0.99988,0.38966616939753296,93.35
231,0.0005103569030297249,0.9999,0.38900047473609445,93.38
232,0.0005348046703854829,0.99994,0.39180033560842276,93.4
233,0.0005401606887967214,0.99992,0.3917188663035631,93.34
234,0.0005587301919084338,0.9999,0.3889714789763093,93.37
235,0.000604563134039402,0.99984,0.3891123331338167,93.46
236,0.0007439266814066625,0.99986,0.3891175800561905,93.42
237,0.00047615257942902584,0.99996,0.38914413698017597,93.41
238,0.0005588568918242612,0.99992,0.389276571162045,93.37
239,0.0005692774434755568,0.99992,0.38945681899785994,93.4
240,0.0005745864718544471,0.9999,0.3914647579193115,93.4
241,0.0005417781479447089,0.99992,0.3908634461462498,93.27
242,0.0006832627727247565,0.9998,0.3920651263743639,93.42
243,0.00045988235784241396,0.99996,0.39022679656744,93.34
244,0.0004603393204525694,0.99994,0.3914749125763774,93.41
245,0.0005097313724664251,0.9999,0.39086682520806787,93.26
246,0.0005794961777221843,0.99994,0.38971262507140636,93.29
247,0.0006036855432766435,0.99994,0.3894127418845892,93.32
248,0.0004355068649648411,0.99996,0.3901373579725623,93.35
249,0.0007084132689076638,0.9999,0.38772936664521696,93.35
250,0.0004356548227631794,0.99996,0.38878695722669365,93.41
251,0.00047039981082747535,0.99996,0.39141775362193587,93.44
252,0.0005875598458225465,0.99986,0.3902777134254575,93.34
253,0.0006115405532091012,0.9999,0.38808343932032585,93.39
254,0.0004939039649903033,0.99994,0.3874249398708344,93.39
255,0.00047992454732165616,0.99996,0.38800917711108923,93.33
256,0.0006448041257338927,0.99988,0.3877364294603467,93.38
257,0.0004818204628384632,0.99994,0.39145203739404677,93.36
258,0.0006048078122495166,0.99984,0.3887767319008708,93.41
259,0.00046002226101610894,0.99996,0.39098718341439964,93.3
260,0.0005220202209926365,0.99992,0.39088122434914113,93.29
261,0.0004789589996845045,0.99994,0.391858387850225,93.46
262,0.0005122362405283238,0.9999,0.38992912132292984,93.39
263,0.0006803667949214268,0.99984,0.3899654359742999,93.33
264,0.0005192369165475412,0.9999,0.38796706303954126,93.48
265,0.0004891620610718248,0.99994,0.39109914265573026,93.37
266,0.0004080117453777534,1.0,0.3900424336269498,93.42
267,0.0005064504221081734,0.99996,0.3893519313633442,93.33
268,0.0005860479515152471,0.99992,0.3906759401410818,93.38
269,0.000500988502943334,0.9999,0.38878298964351415,93.4
270,0.0005254675817592968,0.99988,0.38855996236205104,93.34
271,0.000513430355209619,0.99992,0.3911317780986428,93.38
272,0.0005575933591340971,0.99996,0.3902850279957056,93.39
273,0.0005243856374182097,0.9999,0.3913138125091791,93.38
274,0.0006184284730106973,0.99988,0.39263832788914443,93.34
275,0.0005861731555797886,0.99984,0.3929236933216453,93.34
276,0.00044943979176718864,0.99998,0.38970215238630773,93.33
277,0.0005950153979268568,0.9999,0.3900134872272611,93.39
278,0.000569294168213171,0.99992,0.38916148375719783,93.43
279,0.000572490406280998,0.9999,0.389552085660398,93.38
280,0.0005339175272208063,0.99986,0.390709542222321,93.37
281,0.0005142514948504489,0.9999,0.3898710776865482,93.34
282,0.0005317989517697919,0.99996,0.38974234674125907,93.36
283,0.000553756912277304,0.99992,0.3876357528567314,93.42
284,0.0004757371514275208,0.99994,0.389425712376833,93.36
285,0.0004946824992099381,0.99992,0.3907729069888592,93.39
286,0.0006174685466834945,0.99992,0.3882170499116182,93.43
287,0.0003832573168780035,1.0,0.3915348693355918,93.33
288,0.000552692561583204,0.99988,0.38970513369888066,93.34
289,0.0006230026864639634,0.99986,0.38976517083123324,93.31
290,0.0005248188724606762,0.99992,0.3897528927400708,93.4
291,0.0005221872892983429,0.99992,0.388668567314744,93.37
292,0.0005980437578595428,0.99988,0.38966909997165206,93.41
293,0.0005431674954379001,0.99992,0.3871690101921558,93.43
294,0.000544780025915469,0.99988,0.38770218919962646,93.37
295,0.0005898114913088881,0.99988,0.3887405548617244,93.39
296,0.0005747629210467229,0.9999,0.38942852478474377,93.42
297,0.0005805081837629551,0.99988,0.3903244050592184,93.4
298,0.0006037418570671983,0.9999,0.39036168560385703,93.37
299,0.00042895316468056615,0.99998,0.38916736125946044,93.32
300,0.00048718074202070685,0.99992,0.38708960060030223,93.39
301,0.0005809850762119232,0.99984,0.3922267623990774,93.39
302,0.00043118030708634515,0.99992,0.38934657979756593,93.38
303,0.0005038391770151875,0.99994,0.3927890266478062,93.35
304,0.000665063224256496,0.9998,0.390187818557024,93.39
305,0.0004485924606700666,0.99992,0.38881573241204026,93.4
306,0.0006587821904465954,0.99984,0.39117453917860984,93.38
307,0.0004456168798151571,0.99996,0.390399474427104,93.42
308,0.0005045213451956772,0.99996,0.39156785167753694,93.37
309,0.0005002647713946222,0.9999,0.3880296701192856,93.42
310,0.0004677558227249718,0.99998,0.38898897875100374,93.37
311,0.0005749515769884105,0.9999,0.39129041478037835,93.35
312,0.0008198755190615742,0.99978,0.38723054140806196,93.41
313,0.00040998268502411884,0.99996,0.38968625146895647,93.34
314,0.000508722106521518,0.99988,0.3893979628011584,93.39
315,0.0005512273829618512,0.9999,0.39072129465639593,93.34
316,0.0005904214213723722,0.99984,0.3887107403203845,93.39
317,0.00048721973091879586,0.99992,0.390669861510396,93.4
318,0.00048110266702899905,0.99996,0.3884179549664259,93.38
319,0.0006327883781367422,0.99984,0.3889693283289671,93.34
320,0.00045071792645294155,0.99994,0.38773106042295696,93.42
321,0.00047581987193850517,0.99996,0.39019291996955874,93.4
322,0.0006275270467676471,0.99984,0.38986373856663703,93.39
323,0.0006039200202964456,0.99988,0.3912949169427156,93.4
324,0.00046633516660008086,0.99994,0.3914039423316717,93.37
325,0.0005115828226895674,0.99994,0.3898621038347483,93.32
326,0.0005350157656595813,0.99994,0.3891186315566301,93.38
327,0.0003690704951346244,0.99994,0.38859756890684366,93.35
328,0.00044236272332899253,0.99998,0.3898646019771695,93.36
329,0.0006207690538202539,0.99982,0.3894160368666053,93.35
330,0.00048294605215551547,0.99998,0.3890165535733104,93.44
331,0.0004373425889313352,1.0,0.39157183475792406,93.32
332,0.0004648415194919614,0.99996,0.3912664467841387,93.33
333,0.0005327035780138823,0.99984,0.3898585077002645,93.25
334,0.0004201320602650554,0.99996,0.39161717530339957,93.35
335,0.0005728195199881063,0.99986,0.3912964464724064,93.39
336,0.0006095359706745038,0.9999,0.3924016758799553,93.41
337,0.0006019152624084784,0.99996,0.3913858732953668,93.21
338,0.0005084085990549744,0.9999,0.39167169950902464,93.37
339,0.0006769486914967637,0.99982,0.3926071137562394,93.27
340,0.0006084148174353048,0.99988,0.3892981467023492,93.4
341,0.0005384039486903706,0.99992,0.3901248724386096,93.32
342,0.0007394812410519295,0.99986,0.3910457146912813,93.28
343,0.0007109030833482132,0.9999,0.3894590523466468,93.34
344,0.0005483450172656595,0.9999,0.387264268733561,93.34
345,0.0004501591862776005,0.99998,0.3911159113794565,93.3
346,0.00046619436013764796,0.99996,0.39084444161504506,93.3
347,0.00048569284970193265,0.99994,0.3884233618155122,93.38
348,0.0005616630034377117,0.99986,0.39161057259887455,93.37
349,0.0006359911597747107,0.99992,0.390788617990911,93.39
350,0.0005497289949532627,0.99992,0.38878398165106776,93.36
351,0.0005363084222821285,0.99994,0.39031205024570226,93.4
352,0.0005621912686739746,0.9999,0.38919943053275347,93.36
353,0.0005651218297086237,0.99988,0.39109723508358,93.32
354,0.0005412485097947916,0.9999,0.3930179161950946,93.35
355,0.000548059418986184,0.99988,0.3896121108531952,93.35
356,0.0005960171140701799,0.99992,0.39645951889455316,93.35
357,0.0006195902958383684,0.9999,0.3907666663825512,93.36
358,0.0005533205654882692,0.99994,0.3907018944621086,93.35
359,0.0005258285061763974,0.99994,0.3920278403908014,93.28
360,0.0005118144785731083,0.99992,0.38983730707317593,93.42
361,0.0006073687482825326,0.99988,0.39052923426032066,93.38
362,0.000466387090094559,0.99996,0.39063781302422285,93.36
363,0.0004502598739192223,0.99994,0.3898753158003092,93.35
364,0.0006267724551565354,0.99984,0.39198440227657555,93.25
365,0.0006614065440797397,0.99982,0.3908841883018613,93.41
366,0.00047351219250684807,0.99992,0.3922228080779314,93.32
367,0.0006294423528417559,0.99982,0.38755563031882045,93.43
368,0.0004653615186262913,0.99992,0.3898553080111742,93.43
369,0.0005258967980819568,0.99994,0.3914373122528195,93.33
370,0.0005305930381090574,0.9999,0.3903235303610563,93.34
371,0.0005164992112173315,0.99992,0.3894238263368607,93.49
372,0.0005621228891033608,0.99994,0.3927599274367094,93.33
373,0.00045703985082828783,0.99998,0.3904266459494829,93.4
374,0.0006012097629906429,0.9999,0.38863461289554835,93.41
375,0.0005725587191770438,0.99996,0.3911929054930806,93.3
376,0.0004929197814298884,0.99992,0.38977630976587535,93.28
377,0.0005362698489137928,0.99988,0.3892472580447793,93.33
378,0.0005471973963256906,0.99992,0.39109629914164545,93.36
379,0.00048354371448459526,0.99994,0.3930775099992752,93.4
380,0.0005531617747846028,0.9999,0.39209605164825917,93.32
381,0.00046241076857707873,1.0,0.39221424236893654,93.37
382,0.0004750932631207287,0.99994,0.3903298853337765,93.34
383,0.0004238223537842593,0.99994,0.39088580951094626,93.46
384,0.0005054551660289567,0.99996,0.3890597257018089,93.32
385,0.000743360868888869,0.99984,0.39268115200102327,93.33
386,0.0006859470492281268,0.99982,0.3898875156790018,93.31
387,0.0005821851532287893,0.99982,0.3898805520310998,93.36
388,0.0005829879618666666,0.99992,0.39122678339481354,93.42
389,0.0006945930497870897,0.99982,0.3905815829336643,93.34
390,0.0004178808606497686,0.99994,0.3891002194955945,93.23
391,0.0005259068725663987,0.9999,0.38929866399616003,93.27
392,0.000559222254240552,0.9999,0.39239387832581996,93.33
393,0.0004399665366367573,0.99996,0.38954316921532156,93.41
394,0.0006798841897710857,0.99988,0.39115572985261676,93.38
395,0.0005261162376931414,0.99992,0.391560577750206,93.39
396,0.0006164675230122246,0.99984,0.38925026629120113,93.41
397,0.0005629821638802967,0.99984,0.3884116181731224,93.39
398,0.0005786973839986574,0.99992,0.39185823895037175,93.36
399,0.000495794455489844,0.99994,0.3896779557317495,93.35
