alexnet,0.05,0.05,5,216.3,0.08456999999999999,39.9,0.08420000000000001
alexnet,0.05,0.29500000000000004,5,216.3,0.08456999999999999,39.9,0.08420000000000001
alexnet,0.05,0.54,5,216.3,0.08456999999999999,39.9,0.08420000000000001
alexnet,0.05,0.7850000000000001,5,216.3,0.08456999999999999,39.9,0.08420000000000001
alexnet,0.05,1.03,5,216.3,0.08456999999999999,39.9,0.08420000000000001
alexnet,0.05,1.2750000000000001,5,216.3,0.08456999999999999,39.9,0.08420000000000001
alexnet,0.05,1.5200000000000002,5,216.3,0.08456999999999999,39.9,0.08420000000000001
alexnet,0.05,1.7650000000000001,5,216.3,0.08456999999999999,39.9,0.08420000000000001
alexnet,0.05,2.0100000000000002,5,216.3,0.08456999999999999,39.9,0.08420000000000001
alexnet,0.05,2.255,5,216.3,0.08456999999999999,39.9,0.08420000000000001
alexnet,0.29500000000000004,0.05,5,216.3,0.08456999999999999,39.9,0.08420000000000001
alexnet,0.29500000000000004,0.29500000000000004,5,216.3,0.08456999999999999,39.9,0.08420000000000001
alexnet,0.29500000000000004,0.54,5,216.3,0.08456999999999999,39.9,0.08420000000000001
alexnet,0.29500000000000004,0.7850000000000001,5,216.3,0.08456999999999999,39.9,0.08420000000000001
alexnet,0.29500000000000004,1.03,5,216.3,0.08456999999999999,39.9,0.08420000000000001
alexnet,0.29500000000000004,1.2750000000000001,5,216.3,0.08456999999999999,39.9,0.08420000000000001
alexnet,0.29500000000000004,1.5200000000000002,5,216.3,0.08456999999999999,39.9,0.08420000000000001
alexnet,0.29500000000000004,1.7650000000000001,5,216.3,0.08456999999999999,39.9,0.08420000000000001
alexnet,0.29500000000000004,2.0100000000000002,5,216.3,0.08456999999999999,39.9,0.08420000000000001
alexnet,0.29500000000000004,2.255,5,216.3,0.08456999999999999,39.9,0.08420000000000001
alexnet,0.54,0.05,5,216.3,0.08456999999999999,39.9,0.08420000000000001
alexnet,0.54,0.29500000000000004,5,216.3,0.08456999999999999,39.9,0.08420000000000001
alexnet,0.54,0.54,5,216.3,0.08456999999999999,39.9,0.08420000000000001
alexnet,0.54,0.7850000000000001,5,216.3,0.08456999999999999,39.9,0.08420000000000001
alexnet,0.54,1.03,5,216.3,0.08456999999999999,39.9,0.08420000000000001
alexnet,0.54,1.2750000000000001,5,216.3,0.08456999999999999,39.9,0.08420000000000001
alexnet,0.54,1.5200000000000002,5,216.3,0.08456999999999999,39.9,0.08420000000000001
alexnet,0.54,1.7650000000000001,5,216.3,0.08456999999999999,39.9,0.08420000000000001
alexnet,0.54,2.0100000000000002,5,216.3,0.08456999999999999,39.9,0.08420000000000001
alexnet,0.54,2.255,5,216.3,0.08456999999999999,39.9,0.08420000000000001
alexnet,0.7850000000000001,0.05,5,216.3,0.08456999999999999,39.9,0.08420000000000001
alexnet,0.7850000000000001,0.29500000000000004,5,216.3,0.08456999999999999,39.9,0.08420000000000001
alexnet,0.7850000000000001,0.54,5,216.3,0.08456999999999999,39.9,0.08420000000000001
alexnet,0.7850000000000001,0.7850000000000001,5,216.3,0.08456999999999999,39.9,0.08420000000000001
alexnet,0.7850000000000001,1.03,5,216.3,0.08456999999999999,39.9,0.08420000000000001
alexnet,0.7850000000000001,1.2750000000000001,5,216.3,0.08456999999999999,39.9,0.08420000000000001
alexnet,0.7850000000000001,1.5200000000000002,5,216.3,0.08456999999999999,39.9,0.08420000000000001
alexnet,0.7850000000000001,1.7650000000000001,5,216.3,0.08456999999999999,39.9,0.08420000000000001
alexnet,0.7850000000000001,2.0100000000000002,5,216.3,0.08456999999999999,39.9,0.08420000000000001
alexnet,0.7850000000000001,2.255,5,216.3,0.08456999999999999,39.9,0.08420000000000001
alexnet,1.03,0.05,5,216.3,0.08456999999999999,39.9,0.08420000000000001
alexnet,1.03,0.29500000000000004,5,216.3,0.08456999999999999,39.9,0.08420000000000001
alexnet,1.03,0.54,5,216.3,0.08456999999999999,39.9,0.08420000000000001
alexnet,1.03,0.7850000000000001,5,216.3,0.08456999999999999,39.9,0.08420000000000001
alexnet,1.03,1.03,5,216.3,0.08456999999999999,39.9,0.08420000000000001
alexnet,1.03,1.2750000000000001,5,216.3,0.08456999999999999,17.1,0.08402
alexnet,1.03,1.5200000000000002,5,216.3,0.08456999999999999,17.1,0.08402
alexnet,1.03,1.7650000000000001,5,216.3,0.08456999999999999,17.1,0.08402
alexnet,1.03,2.0100000000000002,5,216.3,0.08456999999999999,17.1,0.08402
alexnet,1.03,2.255,5,216.3,0.08456999999999999,17.1,0.08402
alexnet,1.2750000000000001,0.05,5,216.3,0.08456999999999999,39.9,0.08420000000000001
alexnet,1.2750000000000001,0.29500000000000004,5,216.3,0.08456999999999999,39.9,0.08420000000000001
alexnet,1.2750000000000001,0.54,5,216.3,0.08456999999999999,39.9,0.08420000000000001
alexnet,1.2750000000000001,0.7850000000000001,5,216.3,0.08456999999999999,39.9,0.08420000000000001
alexnet,1.2750000000000001,1.03,5,216.3,0.08456999999999999,39.9,0.08420000000000001
alexnet,1.2750000000000001,1.2750000000000001,5,216.3,0.08456999999999999,17.1,0.08402
alexnet,1.2750000000000001,1.5200000000000002,5,216.3,0.08456999999999999,17.1,0.08402
alexnet,1.2750000000000001,1.7650000000000001,5,216.3,0.08456999999999999,17.1,0.08402
alexnet,1.2750000000000001,2.0100000000000002,5,216.3,0.08456999999999999,17.1,0.08402
alexnet,1.2750000000000001,2.255,5,216.3,0.08456999999999999,17.1,0.08402
alexnet,1.5200000000000002,0.05,5,216.3,0.08456999999999999,39.9,0.08420000000000001
alexnet,1.5200000000000002,0.29500000000000004,5,216.3,0.08456999999999999,39.9,0.08420000000000001
alexnet,1.5200000000000002,0.54,5,216.3,0.08456999999999999,39.9,0.08420000000000001
alexnet,1.5200000000000002,0.7850000000000001,5,216.3,0.08456999999999999,39.9,0.08420000000000001
alexnet,1.5200000000000002,1.03,5,216.3,0.08456999999999999,39.9,0.08420000000000001
alexnet,1.5200000000000002,1.2750000000000001,5,216.3,0.08456999999999999,5.1,0.08266
alexnet,1.5200000000000002,1.5200000000000002,5,216.3,0.08456999999999999,5.1,0.08266
alexnet,1.5200000000000002,1.7650000000000001,5,216.3,0.08456999999999999,5.1,0.08266
alexnet,1.5200000000000002,2.0100000000000002,5,216.3,0.08456999999999999,5.1,0.08266
alexnet,1.5200000000000002,2.255,5,216.3,0.08456999999999999,5.1,0.08266
alexnet,1.7650000000000001,0.05,5,216.3,0.08456999999999999,39.9,0.08420000000000001
alexnet,1.7650000000000001,0.29500000000000004,5,216.3,0.08456999999999999,39.9,0.08420000000000001
alexnet,1.7650000000000001,0.54,5,216.3,0.08456999999999999,39.9,0.08420000000000001
alexnet,1.7650000000000001,0.7850000000000001,5,216.3,0.08456999999999999,9.5,0.08364
alexnet,1.7650000000000001,1.03,5,216.3,0.08456999999999999,6.1,0.08279
alexnet,1.7650000000000001,1.2750000000000001,5,216.3,0.08456999999999999,2.6,0.07954000000000001
alexnet,1.7650000000000001,1.5200000000000002,5,216.3,0.08456999999999999,2.6,0.07954000000000001
alexnet,1.7650000000000001,1.7650000000000001,5,216.3,0.08456999999999999,2.6,0.07954000000000001
alexnet,1.7650000000000001,2.0100000000000002,5,216.3,0.08456999999999999,2.6,0.07954000000000001
alexnet,1.7650000000000001,2.255,5,216.3,0.08456999999999999,2.6,0.07954000000000001
alexnet,2.0100000000000002,0.05,5,216.3,0.08456999999999999,39.9,0.08420000000000001
alexnet,2.0100000000000002,0.29500000000000004,5,216.3,0.08456999999999999,39.9,0.08420000000000001
alexnet,2.0100000000000002,0.54,5,216.3,0.08456999999999999,39.9,0.08420000000000001
alexnet,2.0100000000000002,0.7850000000000001,5,216.3,0.08456999999999999,9.5,0.08364
alexnet,2.0100000000000002,1.03,5,216.3,0.08456999999999999,6.1,0.08279
alexnet,2.0100000000000002,1.2750000000000001,5,216.3,0.08456999999999999,2.6,0.07954000000000001
alexnet,2.0100000000000002,1.5200000000000002,5,216.3,0.08456999999999999,2.6,0.07954000000000001
alexnet,2.0100000000000002,1.7650000000000001,5,216.3,0.08456999999999999,2.6,0.07954000000000001
alexnet,2.0100000000000002,2.0100000000000002,5,216.3,0.08456999999999999,2.6,0.07954000000000001
alexnet,2.0100000000000002,2.255,5,216.3,0.08456999999999999,2.6,0.07954000000000001
alexnet,2.255,0.05,5,216.3,0.08456999999999999,39.9,0.08420000000000001
alexnet,2.255,0.29500000000000004,5,216.3,0.08456999999999999,39.9,0.08420000000000001
alexnet,2.255,0.54,5,216.3,0.08456999999999999,39.9,0.08420000000000001
alexnet,2.255,0.7850000000000001,5,216.3,0.08456999999999999,9.5,0.08364
alexnet,2.255,1.03,5,216.3,0.08456999999999999,6.1,0.08279
alexnet,2.255,1.2750000000000001,5,216.3,0.08456999999999999,2.6,0.07954000000000001
alexnet,2.255,1.5200000000000002,5,216.3,0.08456999999999999,2.6,0.07954000000000001
alexnet,2.255,1.7650000000000001,5,216.3,0.08456999999999999,2.6,0.07954000000000001
alexnet,2.255,2.0100000000000002,5,216.3,0.08456999999999999,2.6,0.07954000000000001
alexnet,2.255,2.255,5,216.3,0.08456999999999999,2.6,0.07954000000000001
alexnet,0.05,0.05,7,216.3,0.08456999999999999,39.9,0.08420000000000001
alexnet,0.05,0.29500000000000004,7,216.3,0.08456999999999999,39.9,0.08420000000000001
alexnet,0.05,0.54,7,216.3,0.08456999999999999,39.9,0.08420000000000001
alexnet,0.05,0.7850000000000001,7,216.3,0.08456999999999999,39.9,0.08420000000000001
alexnet,0.05,1.03,7,216.3,0.08456999999999999,39.9,0.08420000000000001
alexnet,0.05,1.2750000000000001,7,216.3,0.08456999999999999,39.9,0.08420000000000001
alexnet,0.05,1.5200000000000002,7,216.3,0.08456999999999999,39.9,0.08420000000000001
alexnet,0.05,1.7650000000000001,7,216.3,0.08456999999999999,39.9,0.08420000000000001
alexnet,0.05,2.0100000000000002,7,216.3,0.08456999999999999,39.9,0.08420000000000001
alexnet,0.05,2.255,7,216.3,0.08456999999999999,39.9,0.08420000000000001
alexnet,0.29500000000000004,0.05,7,216.3,0.08456999999999999,39.9,0.08420000000000001
alexnet,0.29500000000000004,0.29500000000000004,7,216.3,0.08456999999999999,39.9,0.08420000000000001
alexnet,0.29500000000000004,0.54,7,216.3,0.08456999999999999,39.9,0.08420000000000001
alexnet,0.29500000000000004,0.7850000000000001,7,216.3,0.08456999999999999,39.9,0.08420000000000001
alexnet,0.29500000000000004,1.03,7,216.3,0.08456999999999999,39.9,0.08420000000000001
alexnet,0.29500000000000004,1.2750000000000001,7,216.3,0.08456999999999999,39.9,0.08420000000000001
alexnet,0.29500000000000004,1.5200000000000002,7,216.3,0.08456999999999999,39.9,0.08420000000000001
alexnet,0.29500000000000004,1.7650000000000001,7,216.3,0.08456999999999999,39.9,0.08420000000000001
alexnet,0.29500000000000004,2.0100000000000002,7,216.3,0.08456999999999999,39.9,0.08420000000000001
alexnet,0.29500000000000004,2.255,7,216.3,0.08456999999999999,39.9,0.08420000000000001
alexnet,0.54,0.05,7,216.3,0.08456999999999999,39.9,0.08420000000000001
alexnet,0.54,0.29500000000000004,7,216.3,0.08456999999999999,39.9,0.08420000000000001
alexnet,0.54,0.54,7,216.3,0.08456999999999999,39.9,0.08420000000000001
alexnet,0.54,0.7850000000000001,7,216.3,0.08456999999999999,39.9,0.08420000000000001
alexnet,0.54,1.03,7,216.3,0.08456999999999999,39.9,0.08420000000000001
alexnet,0.54,1.2750000000000001,7,216.3,0.08456999999999999,39.9,0.08420000000000001
alexnet,0.54,1.5200000000000002,7,216.3,0.08456999999999999,39.9,0.08420000000000001
alexnet,0.54,1.7650000000000001,7,216.3,0.08456999999999999,39.9,0.08420000000000001
alexnet,0.54,2.0100000000000002,7,216.3,0.08456999999999999,39.9,0.08420000000000001
alexnet,0.54,2.255,7,216.3,0.08456999999999999,39.9,0.08420000000000001
alexnet,0.7850000000000001,0.05,7,216.3,0.08456999999999999,39.9,0.08420000000000001
alexnet,0.7850000000000001,0.29500000000000004,7,216.3,0.08456999999999999,39.9,0.08420000000000001
alexnet,0.7850000000000001,0.54,7,216.3,0.08456999999999999,39.9,0.08420000000000001
alexnet,0.7850000000000001,0.7850000000000001,7,216.3,0.08456999999999999,39.9,0.08420000000000001
alexnet,0.7850000000000001,1.03,7,216.3,0.08456999999999999,39.9,0.08420000000000001
alexnet,0.7850000000000001,1.2750000000000001,7,216.3,0.08456999999999999,39.9,0.08420000000000001
alexnet,0.7850000000000001,1.5200000000000002,7,216.3,0.08456999999999999,39.9,0.08420000000000001
alexnet,0.7850000000000001,1.7650000000000001,7,216.3,0.08456999999999999,39.9,0.08420000000000001
alexnet,0.7850000000000001,2.0100000000000002,7,216.3,0.08456999999999999,39.9,0.08420000000000001
alexnet,0.7850000000000001,2.255,7,216.3,0.08456999999999999,39.9,0.08420000000000001
alexnet,1.03,0.05,7,216.3,0.08456999999999999,39.9,0.08420000000000001
alexnet,1.03,0.29500000000000004,7,216.3,0.08456999999999999,39.9,0.08420000000000001
alexnet,1.03,0.54,7,216.3,0.08456999999999999,39.9,0.08420000000000001
alexnet,1.03,0.7850000000000001,7,216.3,0.08456999999999999,39.9,0.08420000000000001
alexnet,1.03,1.03,7,216.3,0.08456999999999999,39.9,0.08420000000000001
alexnet,1.03,1.2750000000000001,7,216.3,0.08456999999999999,39.9,0.08420000000000001
alexnet,1.03,1.5200000000000002,7,216.3,0.08456999999999999,39.9,0.08420000000000001
alexnet,1.03,1.7650000000000001,7,216.3,0.08456999999999999,39.9,0.08420000000000001
alexnet,1.03,2.0100000000000002,7,216.3,0.08456999999999999,39.9,0.08420000000000001
alexnet,1.03,2.255,7,216.3,0.08456999999999999,39.9,0.08420000000000001
alexnet,1.2750000000000001,0.05,7,216.3,0.08456999999999999,39.9,0.08420000000000001
alexnet,1.2750000000000001,0.29500000000000004,7,216.3,0.08456999999999999,39.9,0.08420000000000001
alexnet,1.2750000000000001,0.54,7,216.3,0.08456999999999999,39.9,0.08420000000000001
alexnet,1.2750000000000001,0.7850000000000001,7,216.3,0.08456999999999999,39.9,0.08420000000000001
alexnet,1.2750000000000001,1.03,7,216.3,0.08456999999999999,20.5,0.08435
alexnet,1.2750000000000001,1.2750000000000001,7,216.3,0.08456999999999999,15.8,0.08402
alexnet,1.2750000000000001,1.5200000000000002,7,216.3,0.08456999999999999,15.8,0.08402
alexnet,1.2750000000000001,1.7650000000000001,7,216.3,0.08456999999999999,15.8,0.08402
alexnet,1.2750000000000001,2.0100000000000002,7,216.3,0.08456999999999999,15.8,0.08402
alexnet,1.2750000000000001,2.255,7,216.3,0.08456999999999999,15.8,0.08402
alexnet,1.5200000000000002,0.05,7,216.3,0.08456999999999999,39.9,0.08420000000000001
alexnet,1.5200000000000002,0.29500000000000004,7,216.3,0.08456999999999999,39.9,0.08420000000000001
alexnet,1.5200000000000002,0.54,7,216.3,0.08456999999999999,39.9,0.08420000000000001
alexnet,1.5200000000000002,0.7850000000000001,7,216.3,0.08456999999999999,7.2,0.08298000000000001
alexnet,1.5200000000000002,1.03,7,216.3,0.08456999999999999,7.2,0.08298000000000001
alexnet,1.5200000000000002,1.2750000000000001,7,216.3,0.08456999999999999,2.8,0.08009000000000001
alexnet,1.5200000000000002,1.5200000000000002,7,216.3,0.08456999999999999,2.8,0.08009000000000001
alexnet,1.5200000000000002,1.7650000000000001,7,216.3,0.08456999999999999,2.8,0.08009000000000001
alexnet,1.5200000000000002,2.0100000000000002,7,216.3,0.08456999999999999,2.8,0.08009000000000001
alexnet,1.5200000000000002,2.255,7,216.3,0.08456999999999999,2.8,0.08009000000000001
alexnet,1.7650000000000001,0.05,7,216.3,0.08456999999999999,39.9,0.08420000000000001
alexnet,1.7650000000000001,0.29500000000000004,7,216.3,0.08456999999999999,39.9,0.08420000000000001
alexnet,1.7650000000000001,0.54,7,216.3,0.08456999999999999,7.3,0.08363
alexnet,1.7650000000000001,0.7850000000000001,7,216.3,0.08456999999999999,7.2,0.08298000000000001
alexnet,1.7650000000000001,1.03,7,216.3,0.08456999999999999,7.2,0.08298000000000001
alexnet,1.7650000000000001,1.2750000000000001,7,216.3,0.08456999999999999,2.8,0.08009000000000001
alexnet,1.7650000000000001,1.5200000000000002,7,216.3,0.08456999999999999,2.8,0.08009000000000001
alexnet,1.7650000000000001,1.7650000000000001,7,216.3,0.08456999999999999,2.8,0.08009000000000001
alexnet,1.7650000000000001,2.0100000000000002,7,216.3,0.08456999999999999,2.8,0.08009000000000001
alexnet,1.7650000000000001,2.255,7,216.3,0.08456999999999999,2.8,0.08009000000000001
alexnet,2.0100000000000002,0.05,7,216.3,0.08456999999999999,39.9,0.08420000000000001
alexnet,2.0100000000000002,0.29500000000000004,7,216.3,0.08456999999999999,39.9,0.08420000000000001
alexnet,2.0100000000000002,0.54,7,216.3,0.08456999999999999,7.3,0.08363
alexnet,2.0100000000000002,0.7850000000000001,7,216.3,0.08456999999999999,7.2,0.08298000000000001
alexnet,2.0100000000000002,1.03,7,216.3,0.08456999999999999,7.2,0.08298000000000001
alexnet,2.0100000000000002,1.2750000000000001,7,216.3,0.08456999999999999,2.8,0.08009000000000001
alexnet,2.0100000000000002,1.5200000000000002,7,216.3,0.08456999999999999,2.8,0.08009000000000001
alexnet,2.0100000000000002,1.7650000000000001,7,216.3,0.08456999999999999,2.8,0.08009000000000001
alexnet,2.0100000000000002,2.0100000000000002,7,216.3,0.08456999999999999,2.8,0.08009000000000001
alexnet,2.0100000000000002,2.255,7,216.3,0.08456999999999999,2.8,0.08009000000000001
alexnet,2.255,0.05,7,216.3,0.08456999999999999,39.9,0.08420000000000001
alexnet,2.255,0.29500000000000004,7,216.3,0.08456999999999999,39.9,0.08420000000000001
alexnet,2.255,0.54,7,216.3,0.08456999999999999,7.3,0.08363
alexnet,2.255,0.7850000000000001,7,216.3,0.08456999999999999,7.2,0.08298000000000001
alexnet,2.255,1.03,7,216.3,0.08456999999999999,7.2,0.08298000000000001
alexnet,2.255,1.2750000000000001,7,216.3,0.08456999999999999,2.8,0.08009000000000001
alexnet,2.255,1.5200000000000002,7,216.3,0.08456999999999999,2.8,0.08009000000000001
alexnet,2.255,1.7650000000000001,7,216.3,0.08456999999999999,2.8,0.08009000000000001
alexnet,2.255,2.0100000000000002,7,216.3,0.08456999999999999,2.8,0.08009000000000001
alexnet,2.255,2.255,7,216.3,0.08456999999999999,2.8,0.08009000000000001
alexnet,0.05,0.05,9,216.3,0.08456999999999999,39.9,0.08420000000000001
alexnet,0.05,0.29500000000000004,9,216.3,0.08456999999999999,39.9,0.08420000000000001
alexnet,0.05,0.54,9,216.3,0.08456999999999999,39.9,0.08420000000000001
alexnet,0.05,0.7850000000000001,9,216.3,0.08456999999999999,39.9,0.08420000000000001
alexnet,0.05,1.03,9,216.3,0.08456999999999999,39.9,0.08420000000000001
alexnet,0.05,1.2750000000000001,9,216.3,0.08456999999999999,39.9,0.08420000000000001
alexnet,0.05,1.5200000000000002,9,216.3,0.08456999999999999,39.9,0.08420000000000001
alexnet,0.05,1.7650000000000001,9,216.3,0.08456999999999999,39.9,0.08420000000000001
alexnet,0.05,2.0100000000000002,9,216.3,0.08456999999999999,39.9,0.08420000000000001
alexnet,0.05,2.255,9,216.3,0.08456999999999999,39.9,0.08420000000000001
alexnet,0.29500000000000004,0.05,9,216.3,0.08456999999999999,39.9,0.08420000000000001
alexnet,0.29500000000000004,0.29500000000000004,9,216.3,0.08456999999999999,39.9,0.08420000000000001
alexnet,0.29500000000000004,0.54,9,216.3,0.08456999999999999,39.9,0.08420000000000001
alexnet,0.29500000000000004,0.7850000000000001,9,216.3,0.08456999999999999,39.9,0.08420000000000001
alexnet,0.29500000000000004,1.03,9,216.3,0.08456999999999999,39.9,0.08420000000000001
alexnet,0.29500000000000004,1.2750000000000001,9,216.3,0.08456999999999999,39.9,0.08420000000000001
alexnet,0.29500000000000004,1.5200000000000002,9,216.3,0.08456999999999999,39.9,0.08420000000000001
alexnet,0.29500000000000004,1.7650000000000001,9,216.3,0.08456999999999999,39.9,0.08420000000000001
alexnet,0.29500000000000004,2.0100000000000002,9,216.3,0.08456999999999999,39.9,0.08420000000000001
alexnet,0.29500000000000004,2.255,9,216.3,0.08456999999999999,39.9,0.08420000000000001
alexnet,0.54,0.05,9,216.3,0.08456999999999999,39.9,0.08420000000000001
alexnet,0.54,0.29500000000000004,9,216.3,0.08456999999999999,39.9,0.08420000000000001
alexnet,0.54,0.54,9,216.3,0.08456999999999999,39.9,0.08420000000000001
alexnet,0.54,0.7850000000000001,9,216.3,0.08456999999999999,39.9,0.08420000000000001
alexnet,0.54,1.03,9,216.3,0.08456999999999999,39.9,0.08420000000000001
alexnet,0.54,1.2750000000000001,9,216.3,0.08456999999999999,39.9,0.08420000000000001
alexnet,0.54,1.5200000000000002,9,216.3,0.08456999999999999,39.9,0.08420000000000001
alexnet,0.54,1.7650000000000001,9,216.3,0.08456999999999999,39.9,0.08420000000000001
alexnet,0.54,2.0100000000000002,9,216.3,0.08456999999999999,39.9,0.08420000000000001
alexnet,0.54,2.255,9,216.3,0.08456999999999999,39.9,0.08420000000000001
alexnet,0.7850000000000001,0.05,9,216.3,0.08456999999999999,39.9,0.08420000000000001
alexnet,0.7850000000000001,0.29500000000000004,9,216.3,0.08456999999999999,39.9,0.08420000000000001
alexnet,0.7850000000000001,0.54,9,216.3,0.08456999999999999,39.9,0.08420000000000001
alexnet,0.7850000000000001,0.7850000000000001,9,216.3,0.08456999999999999,39.9,0.08420000000000001
alexnet,0.7850000000000001,1.03,9,216.3,0.08456999999999999,39.9,0.08420000000000001
alexnet,0.7850000000000001,1.2750000000000001,9,216.3,0.08456999999999999,39.9,0.08420000000000001
alexnet,0.7850000000000001,1.5200000000000002,9,216.3,0.08456999999999999,39.9,0.08420000000000001
alexnet,0.7850000000000001,1.7650000000000001,9,216.3,0.08456999999999999,39.9,0.08420000000000001
alexnet,0.7850000000000001,2.0100000000000002,9,216.3,0.08456999999999999,39.9,0.08420000000000001
alexnet,0.7850000000000001,2.255,9,216.3,0.08456999999999999,39.9,0.08420000000000001
alexnet,1.03,0.05,9,216.3,0.08456999999999999,39.9,0.08420000000000001
alexnet,1.03,0.29500000000000004,9,216.3,0.08456999999999999,39.9,0.08420000000000001
alexnet,1.03,0.54,9,216.3,0.08456999999999999,39.9,0.08420000000000001
alexnet,1.03,0.7850000000000001,9,216.3,0.08456999999999999,39.9,0.08420000000000001
alexnet,1.03,1.03,9,216.3,0.08456999999999999,20.5,0.08435
alexnet,1.03,1.2750000000000001,9,216.3,0.08456999999999999,20.5,0.08435
alexnet,1.03,1.5200000000000002,9,216.3,0.08456999999999999,20.5,0.08435
alexnet,1.03,1.7650000000000001,9,216.3,0.08456999999999999,20.5,0.08435
alexnet,1.03,2.0100000000000002,9,216.3,0.08456999999999999,20.5,0.08435
alexnet,1.03,2.255,9,216.3,0.08456999999999999,20.5,0.08435
alexnet,1.2750000000000001,0.05,9,216.3,0.08456999999999999,39.9,0.08420000000000001
alexnet,1.2750000000000001,0.29500000000000004,9,216.3,0.08456999999999999,39.9,0.08420000000000001
alexnet,1.2750000000000001,0.54,9,216.3,0.08456999999999999,39.9,0.08420000000000001
alexnet,1.2750000000000001,0.7850000000000001,9,216.3,0.08456999999999999,6.6,0.08298000000000001
alexnet,1.2750000000000001,1.03,9,216.3,0.08456999999999999,6.0,0.08279
alexnet,1.2750000000000001,1.2750000000000001,9,216.3,0.08456999999999999,6.0,0.08279
alexnet,1.2750000000000001,1.5200000000000002,9,216.3,0.08456999999999999,6.0,0.08279
alexnet,1.2750000000000001,1.7650000000000001,9,216.3,0.08456999999999999,6.0,0.08279
alexnet,1.2750000000000001,2.0100000000000002,9,216.3,0.08456999999999999,6.0,0.08279
alexnet,1.2750000000000001,2.255,9,216.3,0.08456999999999999,6.0,0.08279
alexnet,1.5200000000000002,0.05,9,216.3,0.08456999999999999,39.9,0.08420000000000001
alexnet,1.5200000000000002,0.29500000000000004,9,216.3,0.08456999999999999,39.9,0.08420000000000001
alexnet,1.5200000000000002,0.54,9,216.3,0.08456999999999999,10.6,0.08364
alexnet,1.5200000000000002,0.7850000000000001,9,216.3,0.08456999999999999,6.6,0.08298000000000001
alexnet,1.5200000000000002,1.03,9,216.3,0.08456999999999999,6.0,0.08279
alexnet,1.5200000000000002,1.2750000000000001,9,216.3,0.08456999999999999,3.0,0.08009000000000001
alexnet,1.5200000000000002,1.5200000000000002,9,216.3,0.08456999999999999,3.0,0.08009000000000001
alexnet,1.5200000000000002,1.7650000000000001,9,216.3,0.08456999999999999,3.0,0.08009000000000001
alexnet,1.5200000000000002,2.0100000000000002,9,216.3,0.08456999999999999,3.0,0.08009000000000001
alexnet,1.5200000000000002,2.255,9,216.3,0.08456999999999999,3.0,0.08009000000000001
alexnet,1.7650000000000001,0.05,9,216.3,0.08456999999999999,39.9,0.08420000000000001
alexnet,1.7650000000000001,0.29500000000000004,9,216.3,0.08456999999999999,39.9,0.08420000000000001
alexnet,1.7650000000000001,0.54,9,216.3,0.08456999999999999,10.6,0.08364
alexnet,1.7650000000000001,0.7850000000000001,9,216.3,0.08456999999999999,6.6,0.08298000000000001
alexnet,1.7650000000000001,1.03,9,216.3,0.08456999999999999,6.0,0.08279
alexnet,1.7650000000000001,1.2750000000000001,9,216.3,0.08456999999999999,3.0,0.08009000000000001
alexnet,1.7650000000000001,1.5200000000000002,9,216.3,0.08456999999999999,3.0,0.08009000000000001
alexnet,1.7650000000000001,1.7650000000000001,9,216.3,0.08456999999999999,3.0,0.08009000000000001
alexnet,1.7650000000000001,2.0100000000000002,9,216.3,0.08456999999999999,3.0,0.08009000000000001
alexnet,1.7650000000000001,2.255,9,216.3,0.08456999999999999,3.0,0.08009000000000001
alexnet,2.0100000000000002,0.05,9,216.3,0.08456999999999999,39.9,0.08420000000000001
alexnet,2.0100000000000002,0.29500000000000004,9,216.3,0.08456999999999999,39.9,0.08420000000000001
alexnet,2.0100000000000002,0.54,9,216.3,0.08456999999999999,10.6,0.08364
alexnet,2.0100000000000002,0.7850000000000001,9,216.3,0.08456999999999999,6.6,0.08298000000000001
alexnet,2.0100000000000002,1.03,9,216.3,0.08456999999999999,6.0,0.08279
alexnet,2.0100000000000002,1.2750000000000001,9,216.3,0.08456999999999999,3.0,0.08009000000000001
alexnet,2.0100000000000002,1.5200000000000002,9,216.3,0.08456999999999999,3.0,0.08009000000000001
alexnet,2.0100000000000002,1.7650000000000001,9,216.3,0.08456999999999999,3.0,0.08009000000000001
alexnet,2.0100000000000002,2.0100000000000002,9,216.3,0.08456999999999999,3.0,0.08009000000000001
alexnet,2.0100000000000002,2.255,9,216.3,0.08456999999999999,3.0,0.08009000000000001
alexnet,2.255,0.05,9,216.3,0.08456999999999999,39.9,0.08420000000000001
alexnet,2.255,0.29500000000000004,9,216.3,0.08456999999999999,39.9,0.08420000000000001
alexnet,2.255,0.54,9,216.3,0.08456999999999999,10.6,0.08364
alexnet,2.255,0.7850000000000001,9,216.3,0.08456999999999999,6.6,0.08298000000000001
alexnet,2.255,1.03,9,216.3,0.08456999999999999,6.0,0.08279
alexnet,2.255,1.2750000000000001,9,216.3,0.08456999999999999,3.0,0.08009000000000001
alexnet,2.255,1.5200000000000002,9,216.3,0.08456999999999999,3.0,0.08009000000000001
alexnet,2.255,1.7650000000000001,9,216.3,0.08456999999999999,3.0,0.08009000000000001
alexnet,2.255,2.0100000000000002,9,216.3,0.08456999999999999,3.0,0.08009000000000001
alexnet,2.255,2.255,9,216.3,0.08456999999999999,3.0,0.08009000000000001
alexnet,0.05,0.05,11,216.3,0.08456999999999999,39.9,0.08420000000000001
alexnet,0.05,0.29500000000000004,11,216.3,0.08456999999999999,39.9,0.08420000000000001
alexnet,0.05,0.54,11,216.3,0.08456999999999999,39.9,0.08420000000000001
alexnet,0.05,0.7850000000000001,11,216.3,0.08456999999999999,39.9,0.08420000000000001
alexnet,0.05,1.03,11,216.3,0.08456999999999999,39.9,0.08420000000000001
alexnet,0.05,1.2750000000000001,11,216.3,0.08456999999999999,39.9,0.08420000000000001
alexnet,0.05,1.5200000000000002,11,216.3,0.08456999999999999,39.9,0.08420000000000001
alexnet,0.05,1.7650000000000001,11,216.3,0.08456999999999999,39.9,0.08420000000000001
alexnet,0.05,2.0100000000000002,11,216.3,0.08456999999999999,39.9,0.08420000000000001
alexnet,0.05,2.255,11,216.3,0.08456999999999999,39.9,0.08420000000000001
alexnet,0.29500000000000004,0.05,11,216.3,0.08456999999999999,39.9,0.08420000000000001
alexnet,0.29500000000000004,0.29500000000000004,11,216.3,0.08456999999999999,39.9,0.08420000000000001
alexnet,0.29500000000000004,0.54,11,216.3,0.08456999999999999,39.9,0.08420000000000001
alexnet,0.29500000000000004,0.7850000000000001,11,216.3,0.08456999999999999,39.9,0.08420000000000001
alexnet,0.29500000000000004,1.03,11,216.3,0.08456999999999999,39.9,0.08420000000000001
alexnet,0.29500000000000004,1.2750000000000001,11,216.3,0.08456999999999999,39.9,0.08420000000000001
alexnet,0.29500000000000004,1.5200000000000002,11,216.3,0.08456999999999999,39.9,0.08420000000000001
alexnet,0.29500000000000004,1.7650000000000001,11,216.3,0.08456999999999999,39.9,0.08420000000000001
alexnet,0.29500000000000004,2.0100000000000002,11,216.3,0.08456999999999999,39.9,0.08420000000000001
alexnet,0.29500000000000004,2.255,11,216.3,0.08456999999999999,39.9,0.08420000000000001
alexnet,0.54,0.05,11,216.3,0.08456999999999999,39.9,0.08420000000000001
alexnet,0.54,0.29500000000000004,11,216.3,0.08456999999999999,39.9,0.08420000000000001
alexnet,0.54,0.54,11,216.3,0.08456999999999999,39.9,0.08420000000000001
alexnet,0.54,0.7850000000000001,11,216.3,0.08456999999999999,39.9,0.08420000000000001
alexnet,0.54,1.03,11,216.3,0.08456999999999999,39.9,0.08420000000000001
alexnet,0.54,1.2750000000000001,11,216.3,0.08456999999999999,39.9,0.08420000000000001
alexnet,0.54,1.5200000000000002,11,216.3,0.08456999999999999,39.9,0.08420000000000001
alexnet,0.54,1.7650000000000001,11,216.3,0.08456999999999999,39.9,0.08420000000000001
alexnet,0.54,2.0100000000000002,11,216.3,0.08456999999999999,39.9,0.08420000000000001
alexnet,0.54,2.255,11,216.3,0.08456999999999999,39.9,0.08420000000000001
alexnet,0.7850000000000001,0.05,11,216.3,0.08456999999999999,39.9,0.08420000000000001
alexnet,0.7850000000000001,0.29500000000000004,11,216.3,0.08456999999999999,39.9,0.08420000000000001
alexnet,0.7850000000000001,0.54,11,216.3,0.08456999999999999,39.9,0.08420000000000001
alexnet,0.7850000000000001,0.7850000000000001,11,216.3,0.08456999999999999,39.9,0.08420000000000001
alexnet,0.7850000000000001,1.03,11,216.3,0.08456999999999999,39.9,0.08420000000000001
alexnet,0.7850000000000001,1.2750000000000001,11,216.3,0.08456999999999999,39.9,0.08420000000000001
alexnet,0.7850000000000001,1.5200000000000002,11,216.3,0.08456999999999999,39.9,0.08420000000000001
alexnet,0.7850000000000001,1.7650000000000001,11,216.3,0.08456999999999999,39.9,0.08420000000000001
alexnet,0.7850000000000001,2.0100000000000002,11,216.3,0.08456999999999999,39.9,0.08420000000000001
alexnet,0.7850000000000001,2.255,11,216.3,0.08456999999999999,39.9,0.08420000000000001
alexnet,1.03,0.05,11,216.3,0.08456999999999999,39.9,0.08420000000000001
alexnet,1.03,0.29500000000000004,11,216.3,0.08456999999999999,39.9,0.08420000000000001
alexnet,1.03,0.54,11,216.3,0.08456999999999999,39.9,0.08420000000000001
alexnet,1.03,0.7850000000000001,11,216.3,0.08456999999999999,20.7,0.08435
alexnet,1.03,1.03,11,216.3,0.08456999999999999,15.9,0.08402
alexnet,1.03,1.2750000000000001,11,216.3,0.08456999999999999,6.0,0.08279
alexnet,1.03,1.5200000000000002,11,216.3,0.08456999999999999,6.0,0.08279
alexnet,1.03,1.7650000000000001,11,216.3,0.08456999999999999,6.0,0.08279
alexnet,1.03,2.0100000000000002,11,216.3,0.08456999999999999,6.0,0.08279
alexnet,1.03,2.255,11,216.3,0.08456999999999999,6.0,0.08279
alexnet,1.2750000000000001,0.05,11,216.3,0.08456999999999999,39.9,0.08420000000000001
alexnet,1.2750000000000001,0.29500000000000004,11,216.3,0.08456999999999999,39.9,0.08420000000000001
alexnet,1.2750000000000001,0.54,11,216.3,0.08456999999999999,26.2,0.08456999999999999
alexnet,1.2750000000000001,0.7850000000000001,11,216.3,0.08456999999999999,12.3,0.08375
alexnet,1.2750000000000001,1.03,11,216.3,0.08456999999999999,6.2,0.08279
alexnet,1.2750000000000001,1.2750000000000001,11,216.3,0.08456999999999999,6.0,0.08279
alexnet,1.2750000000000001,1.5200000000000002,11,216.3,0.08456999999999999,6.0,0.08279
alexnet,1.2750000000000001,1.7650000000000001,11,216.3,0.08456999999999999,6.0,0.08279
alexnet,1.2750000000000001,2.0100000000000002,11,216.3,0.08456999999999999,6.0,0.08279
alexnet,1.2750000000000001,2.255,11,216.3,0.08456999999999999,6.0,0.08279
alexnet,1.5200000000000002,0.05,11,216.3,0.08456999999999999,39.9,0.08420000000000001
alexnet,1.5200000000000002,0.29500000000000004,11,216.3,0.08456999999999999,39.9,0.08420000000000001
alexnet,1.5200000000000002,0.54,11,216.3,0.08456999999999999,10.8,0.08364
alexnet,1.5200000000000002,0.7850000000000001,11,216.3,0.08456999999999999,10.8,0.08364
alexnet,1.5200000000000002,1.03,11,216.3,0.08456999999999999,6.2,0.08279
alexnet,1.5200000000000002,1.2750000000000001,11,216.3,0.08456999999999999,6.0,0.08279
alexnet,1.5200000000000002,1.5200000000000002,11,216.3,0.08456999999999999,3.2,0.08125
alexnet,1.5200000000000002,1.7650000000000001,11,216.3,0.08456999999999999,3.2,0.08125
alexnet,1.5200000000000002,2.0100000000000002,11,216.3,0.08456999999999999,3.2,0.08125
alexnet,1.5200000000000002,2.255,11,216.3,0.08456999999999999,3.2,0.08125
alexnet,1.7650000000000001,0.05,11,216.3,0.08456999999999999,39.9,0.08420000000000001
alexnet,1.7650000000000001,0.29500000000000004,11,216.3,0.08456999999999999,39.9,0.08420000000000001
alexnet,1.7650000000000001,0.54,11,216.3,0.08456999999999999,10.8,0.08364
alexnet,1.7650000000000001,0.7850000000000001,11,216.3,0.08456999999999999,10.8,0.08364
alexnet,1.7650000000000001,1.03,11,216.3,0.08456999999999999,6.2,0.08279
alexnet,1.7650000000000001,1.2750000000000001,11,216.3,0.08456999999999999,6.0,0.08279
alexnet,1.7650000000000001,1.5200000000000002,11,216.3,0.08456999999999999,3.2,0.08125
alexnet,1.7650000000000001,1.7650000000000001,11,216.3,0.08456999999999999,3.2,0.08125
alexnet,1.7650000000000001,2.0100000000000002,11,216.3,0.08456999999999999,3.2,0.08125
alexnet,1.7650000000000001,2.255,11,216.3,0.08456999999999999,3.2,0.08125
alexnet,2.0100000000000002,0.05,11,216.3,0.08456999999999999,39.9,0.08420000000000001
alexnet,2.0100000000000002,0.29500000000000004,11,216.3,0.08456999999999999,39.9,0.08420000000000001
alexnet,2.0100000000000002,0.54,11,216.3,0.08456999999999999,10.8,0.08364
alexnet,2.0100000000000002,0.7850000000000001,11,216.3,0.08456999999999999,10.8,0.08364
alexnet,2.0100000000000002,1.03,11,216.3,0.08456999999999999,6.2,0.08279
alexnet,2.0100000000000002,1.2750000000000001,11,216.3,0.08456999999999999,6.0,0.08279
alexnet,2.0100000000000002,1.5200000000000002,11,216.3,0.08456999999999999,3.2,0.08125
alexnet,2.0100000000000002,1.7650000000000001,11,216.3,0.08456999999999999,3.2,0.08125
alexnet,2.0100000000000002,2.0100000000000002,11,216.3,0.08456999999999999,3.2,0.08125
alexnet,2.0100000000000002,2.255,11,216.3,0.08456999999999999,3.2,0.08125
alexnet,2.255,0.05,11,216.3,0.08456999999999999,39.9,0.08420000000000001
alexnet,2.255,0.29500000000000004,11,216.3,0.08456999999999999,39.9,0.08420000000000001
alexnet,2.255,0.54,11,216.3,0.08456999999999999,10.8,0.08364
alexnet,2.255,0.7850000000000001,11,216.3,0.08456999999999999,10.8,0.08364
alexnet,2.255,1.03,11,216.3,0.08456999999999999,6.2,0.08279
alexnet,2.255,1.2750000000000001,11,216.3,0.08456999999999999,6.0,0.08279
alexnet,2.255,1.5200000000000002,11,216.3,0.08456999999999999,3.2,0.08125
alexnet,2.255,1.7650000000000001,11,216.3,0.08456999999999999,3.2,0.08125
alexnet,2.255,2.0100000000000002,11,216.3,0.08456999999999999,3.2,0.08125
alexnet,2.255,2.255,11,216.3,0.08456999999999999,3.2,0.08125
alexnet,0.05,0.05,13,216.3,0.08456999999999999,39.9,0.08420000000000001
alexnet,0.05,0.29500000000000004,13,216.3,0.08456999999999999,39.9,0.08420000000000001
alexnet,0.05,0.54,13,216.3,0.08456999999999999,39.9,0.08420000000000001
alexnet,0.05,0.7850000000000001,13,216.3,0.08456999999999999,39.9,0.08420000000000001
alexnet,0.05,1.03,13,216.3,0.08456999999999999,39.9,0.08420000000000001
alexnet,0.05,1.2750000000000001,13,216.3,0.08456999999999999,39.9,0.08420000000000001
alexnet,0.05,1.5200000000000002,13,216.3,0.08456999999999999,39.9,0.08420000000000001
alexnet,0.05,1.7650000000000001,13,216.3,0.08456999999999999,39.9,0.08420000000000001
alexnet,0.05,2.0100000000000002,13,216.3,0.08456999999999999,39.9,0.08420000000000001
alexnet,0.05,2.255,13,216.3,0.08456999999999999,39.9,0.08420000000000001
alexnet,0.29500000000000004,0.05,13,216.3,0.08456999999999999,39.9,0.08420000000000001
alexnet,0.29500000000000004,0.29500000000000004,13,216.3,0.08456999999999999,39.9,0.08420000000000001
alexnet,0.29500000000000004,0.54,13,216.3,0.08456999999999999,39.9,0.08420000000000001
alexnet,0.29500000000000004,0.7850000000000001,13,216.3,0.08456999999999999,39.9,0.08420000000000001
alexnet,0.29500000000000004,1.03,13,216.3,0.08456999999999999,39.9,0.08420000000000001
alexnet,0.29500000000000004,1.2750000000000001,13,216.3,0.08456999999999999,39.9,0.08420000000000001
alexnet,0.29500000000000004,1.5200000000000002,13,216.3,0.08456999999999999,39.9,0.08420000000000001
alexnet,0.29500000000000004,1.7650000000000001,13,216.3,0.08456999999999999,39.9,0.08420000000000001
alexnet,0.29500000000000004,2.0100000000000002,13,216.3,0.08456999999999999,39.9,0.08420000000000001
alexnet,0.29500000000000004,2.255,13,216.3,0.08456999999999999,39.9,0.08420000000000001
alexnet,0.54,0.05,13,216.3,0.08456999999999999,39.9,0.08420000000000001
alexnet,0.54,0.29500000000000004,13,216.3,0.08456999999999999,39.9,0.08420000000000001
alexnet,0.54,0.54,13,216.3,0.08456999999999999,39.9,0.08420000000000001
alexnet,0.54,0.7850000000000001,13,216.3,0.08456999999999999,39.9,0.08420000000000001
alexnet,0.54,1.03,13,216.3,0.08456999999999999,39.9,0.08420000000000001
alexnet,0.54,1.2750000000000001,13,216.3,0.08456999999999999,39.9,0.08420000000000001
alexnet,0.54,1.5200000000000002,13,216.3,0.08456999999999999,39.9,0.08420000000000001
alexnet,0.54,1.7650000000000001,13,216.3,0.08456999999999999,39.9,0.08420000000000001
alexnet,0.54,2.0100000000000002,13,216.3,0.08456999999999999,39.9,0.08420000000000001
alexnet,0.54,2.255,13,216.3,0.08456999999999999,39.9,0.08420000000000001
alexnet,0.7850000000000001,0.05,13,216.3,0.08456999999999999,39.9,0.08420000000000001
alexnet,0.7850000000000001,0.29500000000000004,13,216.3,0.08456999999999999,39.9,0.08420000000000001
alexnet,0.7850000000000001,0.54,13,216.3,0.08456999999999999,39.9,0.08420000000000001
alexnet,0.7850000000000001,0.7850000000000001,13,216.3,0.08456999999999999,20.9,0.08435
alexnet,0.7850000000000001,1.03,13,216.3,0.08456999999999999,20.9,0.08435
alexnet,0.7850000000000001,1.2750000000000001,13,216.3,0.08456999999999999,20.9,0.08435
alexnet,0.7850000000000001,1.5200000000000002,13,216.3,0.08456999999999999,20.9,0.08435
alexnet,0.7850000000000001,1.7650000000000001,13,216.3,0.08456999999999999,20.9,0.08435
alexnet,0.7850000000000001,2.0100000000000002,13,216.3,0.08456999999999999,20.9,0.08435
alexnet,0.7850000000000001,2.255,13,216.3,0.08456999999999999,20.9,0.08435
alexnet,1.03,0.05,13,216.3,0.08456999999999999,39.9,0.08420000000000001
alexnet,1.03,0.29500000000000004,13,216.3,0.08456999999999999,39.9,0.08420000000000001
alexnet,1.03,0.54,13,216.3,0.08456999999999999,39.9,0.08420000000000001
alexnet,1.03,0.7850000000000001,13,216.3,0.08456999999999999,20.8,0.08435
alexnet,1.03,1.03,13,216.3,0.08456999999999999,6.4,0.08298000000000001
alexnet,1.03,1.2750000000000001,13,216.3,0.08456999999999999,6.0,0.08279
alexnet,1.03,1.5200000000000002,13,216.3,0.08456999999999999,6.0,0.08279
alexnet,1.03,1.7650000000000001,13,216.3,0.08456999999999999,6.0,0.08279
alexnet,1.03,2.0100000000000002,13,216.3,0.08456999999999999,6.0,0.08279
alexnet,1.03,2.255,13,216.3,0.08456999999999999,6.0,0.08279
alexnet,1.2750000000000001,0.05,13,216.3,0.08456999999999999,39.9,0.08420000000000001
alexnet,1.2750000000000001,0.29500000000000004,13,216.3,0.08456999999999999,22.0,0.08435
alexnet,1.2750000000000001,0.54,13,216.3,0.08456999999999999,21.6,0.08435
alexnet,1.2750000000000001,0.7850000000000001,13,216.3,0.08456999999999999,13.6,0.08375
alexnet,1.2750000000000001,1.03,13,216.3,0.08456999999999999,6.4,0.08298000000000001
alexnet,1.2750000000000001,1.2750000000000001,13,216.3,0.08456999999999999,6.0,0.08279
alexnet,1.2750000000000001,1.5200000000000002,13,216.3,0.08456999999999999,6.0,0.08279
alexnet,1.2750000000000001,1.7650000000000001,13,216.3,0.08456999999999999,6.0,0.08279
alexnet,1.2750000000000001,2.0100000000000002,13,216.3,0.08456999999999999,6.0,0.08279
alexnet,1.2750000000000001,2.255,13,216.3,0.08456999999999999,6.0,0.08279
alexnet,1.5200000000000002,0.05,13,216.3,0.08456999999999999,39.9,0.08420000000000001
alexnet,1.5200000000000002,0.29500000000000004,13,216.3,0.08456999999999999,22.0,0.08435
alexnet,1.5200000000000002,0.54,13,216.3,0.08456999999999999,11.0,0.08364
alexnet,1.5200000000000002,0.7850000000000001,13,216.3,0.08456999999999999,11.0,0.08364
alexnet,1.5200000000000002,1.03,13,216.3,0.08456999999999999,6.4,0.08298000000000001
alexnet,1.5200000000000002,1.2750000000000001,13,216.3,0.08456999999999999,3.5,0.08129
alexnet,1.5200000000000002,1.5200000000000002,13,216.3,0.08456999999999999,3.5,0.08129
alexnet,1.5200000000000002,1.7650000000000001,13,216.3,0.08456999999999999,3.5,0.08129
alexnet,1.5200000000000002,2.0100000000000002,13,216.3,0.08456999999999999,3.5,0.08129
alexnet,1.5200000000000002,2.255,13,216.3,0.08456999999999999,3.5,0.08129
alexnet,1.7650000000000001,0.05,13,216.3,0.08456999999999999,39.9,0.08420000000000001
alexnet,1.7650000000000001,0.29500000000000004,13,216.3,0.08456999999999999,22.0,0.08435
alexnet,1.7650000000000001,0.54,13,216.3,0.08456999999999999,11.0,0.08364
alexnet,1.7650000000000001,0.7850000000000001,13,216.3,0.08456999999999999,11.0,0.08364
alexnet,1.7650000000000001,1.03,13,216.3,0.08456999999999999,6.4,0.08298000000000001
alexnet,1.7650000000000001,1.2750000000000001,13,216.3,0.08456999999999999,3.5,0.08129
alexnet,1.7650000000000001,1.5200000000000002,13,216.3,0.08456999999999999,3.4,0.08125
alexnet,1.7650000000000001,1.7650000000000001,13,216.3,0.08456999999999999,3.4,0.08125
alexnet,1.7650000000000001,2.0100000000000002,13,216.3,0.08456999999999999,3.4,0.08125
alexnet,1.7650000000000001,2.255,13,216.3,0.08456999999999999,3.4,0.08125
alexnet,2.0100000000000002,0.05,13,216.3,0.08456999999999999,39.9,0.08420000000000001
alexnet,2.0100000000000002,0.29500000000000004,13,216.3,0.08456999999999999,22.0,0.08435
alexnet,2.0100000000000002,0.54,13,216.3,0.08456999999999999,11.0,0.08364
alexnet,2.0100000000000002,0.7850000000000001,13,216.3,0.08456999999999999,11.0,0.08364
alexnet,2.0100000000000002,1.03,13,216.3,0.08456999999999999,6.4,0.08298000000000001
alexnet,2.0100000000000002,1.2750000000000001,13,216.3,0.08456999999999999,3.5,0.08129
alexnet,2.0100000000000002,1.5200000000000002,13,216.3,0.08456999999999999,3.4,0.08125
alexnet,2.0100000000000002,1.7650000000000001,13,216.3,0.08456999999999999,3.4,0.08125
alexnet,2.0100000000000002,2.0100000000000002,13,216.3,0.08456999999999999,3.4,0.08125
alexnet,2.0100000000000002,2.255,13,216.3,0.08456999999999999,3.4,0.08125
alexnet,2.255,0.05,13,216.3,0.08456999999999999,39.9,0.08420000000000001
alexnet,2.255,0.29500000000000004,13,216.3,0.08456999999999999,22.0,0.08435
alexnet,2.255,0.54,13,216.3,0.08456999999999999,11.0,0.08364
alexnet,2.255,0.7850000000000001,13,216.3,0.08456999999999999,11.0,0.08364
alexnet,2.255,1.03,13,216.3,0.08456999999999999,6.4,0.08298000000000001
alexnet,2.255,1.2750000000000001,13,216.3,0.08456999999999999,3.5,0.08129
alexnet,2.255,1.5200000000000002,13,216.3,0.08456999999999999,3.4,0.08125
alexnet,2.255,1.7650000000000001,13,216.3,0.08456999999999999,3.4,0.08125
alexnet,2.255,2.0100000000000002,13,216.3,0.08456999999999999,3.4,0.08125
alexnet,2.255,2.255,13,216.3,0.08456999999999999,3.4,0.08125
alexnet,0.05,0.05,15,216.3,0.08456999999999999,39.9,0.08420000000000001
alexnet,0.05,0.29500000000000004,15,216.3,0.08456999999999999,39.9,0.08420000000000001
alexnet,0.05,0.54,15,216.3,0.08456999999999999,39.9,0.08420000000000001
alexnet,0.05,0.7850000000000001,15,216.3,0.08456999999999999,39.9,0.08420000000000001
alexnet,0.05,1.03,15,216.3,0.08456999999999999,39.9,0.08420000000000001
alexnet,0.05,1.2750000000000001,15,216.3,0.08456999999999999,39.9,0.08420000000000001
alexnet,0.05,1.5200000000000002,15,216.3,0.08456999999999999,39.9,0.08420000000000001
alexnet,0.05,1.7650000000000001,15,216.3,0.08456999999999999,39.9,0.08420000000000001
alexnet,0.05,2.0100000000000002,15,216.3,0.08456999999999999,39.9,0.08420000000000001
alexnet,0.05,2.255,15,216.3,0.08456999999999999,39.9,0.08420000000000001
alexnet,0.29500000000000004,0.05,15,216.3,0.08456999999999999,39.9,0.08420000000000001
alexnet,0.29500000000000004,0.29500000000000004,15,216.3,0.08456999999999999,39.9,0.08420000000000001
alexnet,0.29500000000000004,0.54,15,216.3,0.08456999999999999,39.9,0.08420000000000001
alexnet,0.29500000000000004,0.7850000000000001,15,216.3,0.08456999999999999,39.9,0.08420000000000001
alexnet,0.29500000000000004,1.03,15,216.3,0.08456999999999999,39.9,0.08420000000000001
alexnet,0.29500000000000004,1.2750000000000001,15,216.3,0.08456999999999999,39.9,0.08420000000000001
alexnet,0.29500000000000004,1.5200000000000002,15,216.3,0.08456999999999999,39.9,0.08420000000000001
alexnet,0.29500000000000004,1.7650000000000001,15,216.3,0.08456999999999999,39.9,0.08420000000000001
alexnet,0.29500000000000004,2.0100000000000002,15,216.3,0.08456999999999999,39.9,0.08420000000000001
alexnet,0.29500000000000004,2.255,15,216.3,0.08456999999999999,39.9,0.08420000000000001
alexnet,0.54,0.05,15,216.3,0.08456999999999999,39.9,0.08420000000000001
alexnet,0.54,0.29500000000000004,15,216.3,0.08456999999999999,39.9,0.08420000000000001
alexnet,0.54,0.54,15,216.3,0.08456999999999999,39.9,0.08420000000000001
alexnet,0.54,0.7850000000000001,15,216.3,0.08456999999999999,39.9,0.08420000000000001
alexnet,0.54,1.03,15,216.3,0.08456999999999999,39.9,0.08420000000000001
alexnet,0.54,1.2750000000000001,15,216.3,0.08456999999999999,39.9,0.08420000000000001
alexnet,0.54,1.5200000000000002,15,216.3,0.08456999999999999,39.9,0.08420000000000001
alexnet,0.54,1.7650000000000001,15,216.3,0.08456999999999999,39.9,0.08420000000000001
alexnet,0.54,2.0100000000000002,15,216.3,0.08456999999999999,39.9,0.08420000000000001
alexnet,0.54,2.255,15,216.3,0.08456999999999999,39.9,0.08420000000000001
alexnet,0.7850000000000001,0.05,15,216.3,0.08456999999999999,39.9,0.08420000000000001
alexnet,0.7850000000000001,0.29500000000000004,15,216.3,0.08456999999999999,39.9,0.08420000000000001
alexnet,0.7850000000000001,0.54,15,216.3,0.08456999999999999,39.9,0.08420000000000001
alexnet,0.7850000000000001,0.7850000000000001,15,216.3,0.08456999999999999,39.9,0.08420000000000001
alexnet,0.7850000000000001,1.03,15,216.3,0.08456999999999999,39.9,0.08420000000000001
alexnet,0.7850000000000001,1.2750000000000001,15,216.3,0.08456999999999999,39.9,0.08420000000000001
alexnet,0.7850000000000001,1.5200000000000002,15,216.3,0.08456999999999999,39.9,0.08420000000000001
alexnet,0.7850000000000001,1.7650000000000001,15,216.3,0.08456999999999999,39.9,0.08420000000000001
alexnet,0.7850000000000001,2.0100000000000002,15,216.3,0.08456999999999999,39.9,0.08420000000000001
alexnet,0.7850000000000001,2.255,15,216.3,0.08456999999999999,39.9,0.08420000000000001
alexnet,1.03,0.05,15,216.3,0.08456999999999999,39.9,0.08420000000000001
alexnet,1.03,0.29500000000000004,15,216.3,0.08456999999999999,39.9,0.08420000000000001
alexnet,1.03,0.54,15,216.3,0.08456999999999999,11.5,0.08364
alexnet,1.03,0.7850000000000001,15,216.3,0.08456999999999999,11.5,0.08364
alexnet,1.03,1.03,15,216.3,0.08456999999999999,11.5,0.08364
alexnet,1.03,1.2750000000000001,15,216.3,0.08456999999999999,11.5,0.08364
alexnet,1.03,1.5200000000000002,15,216.3,0.08456999999999999,11.5,0.08364
alexnet,1.03,1.7650000000000001,15,216.3,0.08456999999999999,11.5,0.08364
alexnet,1.03,2.0100000000000002,15,216.3,0.08456999999999999,11.5,0.08364
alexnet,1.03,2.255,15,216.3,0.08456999999999999,11.5,0.08364
alexnet,1.2750000000000001,0.05,15,216.3,0.08456999999999999,39.9,0.08420000000000001
alexnet,1.2750000000000001,0.29500000000000004,15,216.3,0.08456999999999999,39.9,0.08420000000000001
alexnet,1.2750000000000001,0.54,15,216.3,0.08456999999999999,11.4,0.08364
alexnet,1.2750000000000001,0.7850000000000001,15,216.3,0.08456999999999999,11.4,0.08364
alexnet,1.2750000000000001,1.03,15,216.3,0.08456999999999999,11.4,0.08364
alexnet,1.2750000000000001,1.2750000000000001,15,216.3,0.08456999999999999,6.0,0.08279
alexnet,1.2750000000000001,1.5200000000000002,15,216.3,0.08456999999999999,6.0,0.08279
alexnet,1.2750000000000001,1.7650000000000001,15,216.3,0.08456999999999999,6.0,0.08279
alexnet,1.2750000000000001,2.0100000000000002,15,216.3,0.08456999999999999,6.0,0.08279
alexnet,1.2750000000000001,2.255,15,216.3,0.08456999999999999,6.0,0.08279
alexnet,1.5200000000000002,0.05,15,216.3,0.08456999999999999,39.9,0.08420000000000001
alexnet,1.5200000000000002,0.29500000000000004,15,216.3,0.08456999999999999,39.9,0.08420000000000001
alexnet,1.5200000000000002,0.54,15,216.3,0.08456999999999999,11.2,0.08364
alexnet,1.5200000000000002,0.7850000000000001,15,216.3,0.08456999999999999,11.2,0.08364
alexnet,1.5200000000000002,1.03,15,216.3,0.08456999999999999,11.0,0.08364
alexnet,1.5200000000000002,1.2750000000000001,15,216.3,0.08456999999999999,3.7,0.08129
alexnet,1.5200000000000002,1.5200000000000002,15,216.3,0.08456999999999999,3.7,0.08129
alexnet,1.5200000000000002,1.7650000000000001,15,216.3,0.08456999999999999,3.7,0.08129
alexnet,1.5200000000000002,2.0100000000000002,15,216.3,0.08456999999999999,3.7,0.08129
alexnet,1.5200000000000002,2.255,15,216.3,0.08456999999999999,3.7,0.08129
alexnet,1.7650000000000001,0.05,15,216.3,0.08456999999999999,39.9,0.08420000000000001
alexnet,1.7650000000000001,0.29500000000000004,15,216.3,0.08456999999999999,39.9,0.08420000000000001
alexnet,1.7650000000000001,0.54,15,216.3,0.08456999999999999,11.2,0.08364
alexnet,1.7650000000000001,0.7850000000000001,15,216.3,0.08456999999999999,11.2,0.08364
alexnet,1.7650000000000001,1.03,15,216.3,0.08456999999999999,11.0,0.08364
alexnet,1.7650000000000001,1.2750000000000001,15,216.3,0.08456999999999999,3.7,0.08129
alexnet,1.7650000000000001,1.5200000000000002,15,216.3,0.08456999999999999,3.7,0.08129
alexnet,1.7650000000000001,1.7650000000000001,15,216.3,0.08456999999999999,3.7,0.08129
alexnet,1.7650000000000001,2.0100000000000002,15,216.3,0.08456999999999999,3.7,0.08129
alexnet,1.7650000000000001,2.255,15,216.3,0.08456999999999999,3.7,0.08129
alexnet,2.0100000000000002,0.05,15,216.3,0.08456999999999999,39.9,0.08420000000000001
alexnet,2.0100000000000002,0.29500000000000004,15,216.3,0.08456999999999999,39.9,0.08420000000000001
alexnet,2.0100000000000002,0.54,15,216.3,0.08456999999999999,11.2,0.08364
alexnet,2.0100000000000002,0.7850000000000001,15,216.3,0.08456999999999999,11.2,0.08364
alexnet,2.0100000000000002,1.03,15,216.3,0.08456999999999999,11.0,0.08364
alexnet,2.0100000000000002,1.2750000000000001,15,216.3,0.08456999999999999,3.7,0.08129
alexnet,2.0100000000000002,1.5200000000000002,15,216.3,0.08456999999999999,3.7,0.08129
alexnet,2.0100000000000002,1.7650000000000001,15,216.3,0.08456999999999999,3.7,0.08129
alexnet,2.0100000000000002,2.0100000000000002,15,216.3,0.08456999999999999,3.7,0.08129
alexnet,2.0100000000000002,2.255,15,216.3,0.08456999999999999,3.7,0.08129
alexnet,2.255,0.05,15,216.3,0.08456999999999999,39.9,0.08420000000000001
alexnet,2.255,0.29500000000000004,15,216.3,0.08456999999999999,39.9,0.08420000000000001
alexnet,2.255,0.54,15,216.3,0.08456999999999999,11.2,0.08364
alexnet,2.255,0.7850000000000001,15,216.3,0.08456999999999999,11.2,0.08364
alexnet,2.255,1.03,15,216.3,0.08456999999999999,11.0,0.08364
alexnet,2.255,1.2750000000000001,15,216.3,0.08456999999999999,3.7,0.08129
alexnet,2.255,1.5200000000000002,15,216.3,0.08456999999999999,3.7,0.08129
alexnet,2.255,1.7650000000000001,15,216.3,0.08456999999999999,3.7,0.08129
alexnet,2.255,2.0100000000000002,15,216.3,0.08456999999999999,3.7,0.08129
alexnet,2.255,2.255,15,216.3,0.08456999999999999,3.7,0.08129
alexnet,0.05,0.05,17,216.3,0.08456999999999999,39.9,0.08420000000000001
alexnet,0.05,0.29500000000000004,17,216.3,0.08456999999999999,39.9,0.08420000000000001
alexnet,0.05,0.54,17,216.3,0.08456999999999999,39.9,0.08420000000000001
alexnet,0.05,0.7850000000000001,17,216.3,0.08456999999999999,39.9,0.08420000000000001
alexnet,0.05,1.03,17,216.3,0.08456999999999999,39.9,0.08420000000000001
alexnet,0.05,1.2750000000000001,17,216.3,0.08456999999999999,39.9,0.08420000000000001
alexnet,0.05,1.5200000000000002,17,216.3,0.08456999999999999,39.9,0.08420000000000001
alexnet,0.05,1.7650000000000001,17,216.3,0.08456999999999999,39.9,0.08420000000000001
alexnet,0.05,2.0100000000000002,17,216.3,0.08456999999999999,39.9,0.08420000000000001
alexnet,0.05,2.255,17,216.3,0.08456999999999999,39.9,0.08420000000000001
alexnet,0.29500000000000004,0.05,17,216.3,0.08456999999999999,39.9,0.08420000000000001
alexnet,0.29500000000000004,0.29500000000000004,17,216.3,0.08456999999999999,39.9,0.08420000000000001
alexnet,0.29500000000000004,0.54,17,216.3,0.08456999999999999,39.9,0.08420000000000001
alexnet,0.29500000000000004,0.7850000000000001,17,216.3,0.08456999999999999,39.9,0.08420000000000001
alexnet,0.29500000000000004,1.03,17,216.3,0.08456999999999999,39.9,0.08420000000000001
alexnet,0.29500000000000004,1.2750000000000001,17,216.3,0.08456999999999999,39.9,0.08420000000000001
alexnet,0.29500000000000004,1.5200000000000002,17,216.3,0.08456999999999999,39.9,0.08420000000000001
alexnet,0.29500000000000004,1.7650000000000001,17,216.3,0.08456999999999999,39.9,0.08420000000000001
alexnet,0.29500000000000004,2.0100000000000002,17,216.3,0.08456999999999999,39.9,0.08420000000000001
alexnet,0.29500000000000004,2.255,17,216.3,0.08456999999999999,39.9,0.08420000000000001
alexnet,0.54,0.05,17,216.3,0.08456999999999999,39.9,0.08420000000000001
alexnet,0.54,0.29500000000000004,17,216.3,0.08456999999999999,39.9,0.08420000000000001
alexnet,0.54,0.54,17,216.3,0.08456999999999999,39.9,0.08420000000000001
alexnet,0.54,0.7850000000000001,17,216.3,0.08456999999999999,39.9,0.08420000000000001
alexnet,0.54,1.03,17,216.3,0.08456999999999999,39.9,0.08420000000000001
alexnet,0.54,1.2750000000000001,17,216.3,0.08456999999999999,39.9,0.08420000000000001
alexnet,0.54,1.5200000000000002,17,216.3,0.08456999999999999,39.9,0.08420000000000001
alexnet,0.54,1.7650000000000001,17,216.3,0.08456999999999999,39.9,0.08420000000000001
alexnet,0.54,2.0100000000000002,17,216.3,0.08456999999999999,39.9,0.08420000000000001
alexnet,0.54,2.255,17,216.3,0.08456999999999999,39.9,0.08420000000000001
alexnet,0.7850000000000001,0.05,17,216.3,0.08456999999999999,39.9,0.08420000000000001
alexnet,0.7850000000000001,0.29500000000000004,17,216.3,0.08456999999999999,39.9,0.08420000000000001
alexnet,0.7850000000000001,0.54,17,216.3,0.08456999999999999,39.9,0.08420000000000001
alexnet,0.7850000000000001,0.7850000000000001,17,216.3,0.08456999999999999,39.9,0.08420000000000001
alexnet,0.7850000000000001,1.03,17,216.3,0.08456999999999999,39.9,0.08420000000000001
alexnet,0.7850000000000001,1.2750000000000001,17,216.3,0.08456999999999999,39.9,0.08420000000000001
alexnet,0.7850000000000001,1.5200000000000002,17,216.3,0.08456999999999999,39.9,0.08420000000000001
alexnet,0.7850000000000001,1.7650000000000001,17,216.3,0.08456999999999999,39.9,0.08420000000000001
alexnet,0.7850000000000001,2.0100000000000002,17,216.3,0.08456999999999999,39.9,0.08420000000000001
alexnet,0.7850000000000001,2.255,17,216.3,0.08456999999999999,39.9,0.08420000000000001
alexnet,1.03,0.05,17,216.3,0.08456999999999999,39.9,0.08420000000000001
alexnet,1.03,0.29500000000000004,17,216.3,0.08456999999999999,39.9,0.08420000000000001
alexnet,1.03,0.54,17,216.3,0.08456999999999999,11.5,0.08364
alexnet,1.03,0.7850000000000001,17,216.3,0.08456999999999999,11.5,0.08364
alexnet,1.03,1.03,17,216.3,0.08456999999999999,11.5,0.08364
alexnet,1.03,1.2750000000000001,17,216.3,0.08456999999999999,11.5,0.08364
alexnet,1.03,1.5200000000000002,17,216.3,0.08456999999999999,11.5,0.08364
alexnet,1.03,1.7650000000000001,17,216.3,0.08456999999999999,11.5,0.08364
alexnet,1.03,2.0100000000000002,17,216.3,0.08456999999999999,11.5,0.08364
alexnet,1.03,2.255,17,216.3,0.08456999999999999,11.5,0.08364
alexnet,1.2750000000000001,0.05,17,216.3,0.08456999999999999,39.9,0.08420000000000001
alexnet,1.2750000000000001,0.29500000000000004,17,216.3,0.08456999999999999,22.1,0.08435
alexnet,1.2750000000000001,0.54,17,216.3,0.08456999999999999,11.5,0.08364
alexnet,1.2750000000000001,0.7850000000000001,17,216.3,0.08456999999999999,11.5,0.08364
alexnet,1.2750000000000001,1.03,17,216.3,0.08456999999999999,11.5,0.08364
alexnet,1.2750000000000001,1.2750000000000001,17,216.3,0.08456999999999999,3.9,0.08129
alexnet,1.2750000000000001,1.5200000000000002,17,216.3,0.08456999999999999,3.9,0.08129
alexnet,1.2750000000000001,1.7650000000000001,17,216.3,0.08456999999999999,3.9,0.08129
alexnet,1.2750000000000001,2.0100000000000002,17,216.3,0.08456999999999999,3.9,0.08129
alexnet,1.2750000000000001,2.255,17,216.3,0.08456999999999999,3.9,0.08129
alexnet,1.5200000000000002,0.05,17,216.3,0.08456999999999999,39.9,0.08420000000000001
alexnet,1.5200000000000002,0.29500000000000004,17,216.3,0.08456999999999999,22.1,0.08435
alexnet,1.5200000000000002,0.54,17,216.3,0.08456999999999999,11.4,0.08364
alexnet,1.5200000000000002,0.7850000000000001,17,216.3,0.08456999999999999,6.8,0.08298000000000001
alexnet,1.5200000000000002,1.03,17,216.3,0.08456999999999999,6.6,0.08298000000000001
alexnet,1.5200000000000002,1.2750000000000001,17,216.3,0.08456999999999999,3.9,0.08129
alexnet,1.5200000000000002,1.5200000000000002,17,216.3,0.08456999999999999,3.9,0.08129
alexnet,1.5200000000000002,1.7650000000000001,17,216.3,0.08456999999999999,3.9,0.08129
alexnet,1.5200000000000002,2.0100000000000002,17,216.3,0.08456999999999999,3.9,0.08129
alexnet,1.5200000000000002,2.255,17,216.3,0.08456999999999999,3.9,0.08129
alexnet,1.7650000000000001,0.05,17,216.3,0.08456999999999999,39.9,0.08420000000000001
alexnet,1.7650000000000001,0.29500000000000004,17,216.3,0.08456999999999999,22.1,0.08435
alexnet,1.7650000000000001,0.54,17,216.3,0.08456999999999999,11.4,0.08364
alexnet,1.7650000000000001,0.7850000000000001,17,216.3,0.08456999999999999,6.8,0.08298000000000001
alexnet,1.7650000000000001,1.03,17,216.3,0.08456999999999999,6.6,0.08298000000000001
alexnet,1.7650000000000001,1.2750000000000001,17,216.3,0.08456999999999999,3.9,0.08129
alexnet,1.7650000000000001,1.5200000000000002,17,216.3,0.08456999999999999,3.9,0.08129
alexnet,1.7650000000000001,1.7650000000000001,17,216.3,0.08456999999999999,3.9,0.08129
alexnet,1.7650000000000001,2.0100000000000002,17,216.3,0.08456999999999999,3.9,0.08129
alexnet,1.7650000000000001,2.255,17,216.3,0.08456999999999999,3.9,0.08129
alexnet,2.0100000000000002,0.05,17,216.3,0.08456999999999999,39.9,0.08420000000000001
alexnet,2.0100000000000002,0.29500000000000004,17,216.3,0.08456999999999999,22.1,0.08435
alexnet,2.0100000000000002,0.54,17,216.3,0.08456999999999999,11.4,0.08364
alexnet,2.0100000000000002,0.7850000000000001,17,216.3,0.08456999999999999,6.8,0.08298000000000001
alexnet,2.0100000000000002,1.03,17,216.3,0.08456999999999999,6.6,0.08298000000000001
alexnet,2.0100000000000002,1.2750000000000001,17,216.3,0.08456999999999999,3.9,0.08129
alexnet,2.0100000000000002,1.5200000000000002,17,216.3,0.08456999999999999,3.9,0.08129
alexnet,2.0100000000000002,1.7650000000000001,17,216.3,0.08456999999999999,3.9,0.08129
alexnet,2.0100000000000002,2.0100000000000002,17,216.3,0.08456999999999999,3.9,0.08129
alexnet,2.0100000000000002,2.255,17,216.3,0.08456999999999999,3.9,0.08129
alexnet,2.255,0.05,17,216.3,0.08456999999999999,39.9,0.08420000000000001
alexnet,2.255,0.29500000000000004,17,216.3,0.08456999999999999,22.1,0.08435
alexnet,2.255,0.54,17,216.3,0.08456999999999999,11.4,0.08364
alexnet,2.255,0.7850000000000001,17,216.3,0.08456999999999999,6.8,0.08298000000000001
alexnet,2.255,1.03,17,216.3,0.08456999999999999,6.6,0.08298000000000001
alexnet,2.255,1.2750000000000001,17,216.3,0.08456999999999999,3.9,0.08129
alexnet,2.255,1.5200000000000002,17,216.3,0.08456999999999999,3.9,0.08129
alexnet,2.255,1.7650000000000001,17,216.3,0.08456999999999999,3.9,0.08129
alexnet,2.255,2.0100000000000002,17,216.3,0.08456999999999999,3.9,0.08129
alexnet,2.255,2.255,17,216.3,0.08456999999999999,3.9,0.08129
alexnet,0.05,0.05,19,216.3,0.08456999999999999,39.9,0.08420000000000001
alexnet,0.05,0.29500000000000004,19,216.3,0.08456999999999999,39.9,0.08420000000000001
alexnet,0.05,0.54,19,216.3,0.08456999999999999,39.9,0.08420000000000001
alexnet,0.05,0.7850000000000001,19,216.3,0.08456999999999999,39.9,0.08420000000000001
alexnet,0.05,1.03,19,216.3,0.08456999999999999,39.9,0.08420000000000001
alexnet,0.05,1.2750000000000001,19,216.3,0.08456999999999999,39.9,0.08420000000000001
alexnet,0.05,1.5200000000000002,19,216.3,0.08456999999999999,39.9,0.08420000000000001
alexnet,0.05,1.7650000000000001,19,216.3,0.08456999999999999,39.9,0.08420000000000001
alexnet,0.05,2.0100000000000002,19,216.3,0.08456999999999999,39.9,0.08420000000000001
alexnet,0.05,2.255,19,216.3,0.08456999999999999,39.9,0.08420000000000001
alexnet,0.29500000000000004,0.05,19,216.3,0.08456999999999999,39.9,0.08420000000000001
alexnet,0.29500000000000004,0.29500000000000004,19,216.3,0.08456999999999999,39.9,0.08420000000000001
alexnet,0.29500000000000004,0.54,19,216.3,0.08456999999999999,39.9,0.08420000000000001
alexnet,0.29500000000000004,0.7850000000000001,19,216.3,0.08456999999999999,39.9,0.08420000000000001
alexnet,0.29500000000000004,1.03,19,216.3,0.08456999999999999,39.9,0.08420000000000001
alexnet,0.29500000000000004,1.2750000000000001,19,216.3,0.08456999999999999,39.9,0.08420000000000001
alexnet,0.29500000000000004,1.5200000000000002,19,216.3,0.08456999999999999,39.9,0.08420000000000001
alexnet,0.29500000000000004,1.7650000000000001,19,216.3,0.08456999999999999,39.9,0.08420000000000001
alexnet,0.29500000000000004,2.0100000000000002,19,216.3,0.08456999999999999,39.9,0.08420000000000001
alexnet,0.29500000000000004,2.255,19,216.3,0.08456999999999999,39.9,0.08420000000000001
alexnet,0.54,0.05,19,216.3,0.08456999999999999,39.9,0.08420000000000001
alexnet,0.54,0.29500000000000004,19,216.3,0.08456999999999999,39.9,0.08420000000000001
alexnet,0.54,0.54,19,216.3,0.08456999999999999,39.9,0.08420000000000001
alexnet,0.54,0.7850000000000001,19,216.3,0.08456999999999999,39.9,0.08420000000000001
alexnet,0.54,1.03,19,216.3,0.08456999999999999,39.9,0.08420000000000001
alexnet,0.54,1.2750000000000001,19,216.3,0.08456999999999999,39.9,0.08420000000000001
alexnet,0.54,1.5200000000000002,19,216.3,0.08456999999999999,39.9,0.08420000000000001
alexnet,0.54,1.7650000000000001,19,216.3,0.08456999999999999,39.9,0.08420000000000001
alexnet,0.54,2.0100000000000002,19,216.3,0.08456999999999999,39.9,0.08420000000000001
alexnet,0.54,2.255,19,216.3,0.08456999999999999,39.9,0.08420000000000001
alexnet,0.7850000000000001,0.05,19,216.3,0.08456999999999999,39.9,0.08420000000000001
alexnet,0.7850000000000001,0.29500000000000004,19,216.3,0.08456999999999999,39.9,0.08420000000000001
alexnet,0.7850000000000001,0.54,19,216.3,0.08456999999999999,18.9,0.08402
alexnet,0.7850000000000001,0.7850000000000001,19,216.3,0.08456999999999999,18.9,0.08402
alexnet,0.7850000000000001,1.03,19,216.3,0.08456999999999999,18.9,0.08402
alexnet,0.7850000000000001,1.2750000000000001,19,216.3,0.08456999999999999,18.9,0.08402
alexnet,0.7850000000000001,1.5200000000000002,19,216.3,0.08456999999999999,18.9,0.08402
alexnet,0.7850000000000001,1.7650000000000001,19,216.3,0.08456999999999999,18.9,0.08402
alexnet,0.7850000000000001,2.0100000000000002,19,216.3,0.08456999999999999,18.9,0.08402
alexnet,0.7850000000000001,2.255,19,216.3,0.08456999999999999,18.9,0.08402
alexnet,1.03,0.05,19,216.3,0.08456999999999999,39.9,0.08420000000000001
alexnet,1.03,0.29500000000000004,19,216.3,0.08456999999999999,29.7,0.08456999999999999
alexnet,1.03,0.54,19,216.3,0.08456999999999999,11.7,0.08364
alexnet,1.03,0.7850000000000001,19,216.3,0.08456999999999999,11.7,0.08364
alexnet,1.03,1.03,19,216.3,0.08456999999999999,11.7,0.08364
alexnet,1.03,1.2750000000000001,19,216.3,0.08456999999999999,11.7,0.08364
alexnet,1.03,1.5200000000000002,19,216.3,0.08456999999999999,11.7,0.08364
alexnet,1.03,1.7650000000000001,19,216.3,0.08456999999999999,11.7,0.08364
alexnet,1.03,2.0100000000000002,19,216.3,0.08456999999999999,11.7,0.08364
alexnet,1.03,2.255,19,216.3,0.08456999999999999,11.7,0.08364
alexnet,1.2750000000000001,0.05,19,216.3,0.08456999999999999,39.9,0.08420000000000001
alexnet,1.2750000000000001,0.29500000000000004,19,216.3,0.08456999999999999,29.7,0.08456999999999999
alexnet,1.2750000000000001,0.54,19,216.3,0.08456999999999999,11.6,0.08364
alexnet,1.2750000000000001,0.7850000000000001,19,216.3,0.08456999999999999,7.0,0.08298000000000001
alexnet,1.2750000000000001,1.03,19,216.3,0.08456999999999999,7.0,0.08298000000000001
alexnet,1.2750000000000001,1.2750000000000001,19,216.3,0.08456999999999999,7.0,0.08298000000000001
alexnet,1.2750000000000001,1.5200000000000002,19,216.3,0.08456999999999999,7.0,0.08298000000000001
alexnet,1.2750000000000001,1.7650000000000001,19,216.3,0.08456999999999999,7.0,0.08298000000000001
alexnet,1.2750000000000001,2.0100000000000002,19,216.3,0.08456999999999999,7.0,0.08298000000000001
alexnet,1.2750000000000001,2.255,19,216.3,0.08456999999999999,7.0,0.08298000000000001
alexnet,1.5200000000000002,0.05,19,216.3,0.08456999999999999,39.9,0.08420000000000001
alexnet,1.5200000000000002,0.29500000000000004,19,216.3,0.08456999999999999,27.2,0.08456999999999999
alexnet,1.5200000000000002,0.54,19,216.3,0.08456999999999999,11.6,0.08364
alexnet,1.5200000000000002,0.7850000000000001,19,216.3,0.08456999999999999,7.0,0.08298000000000001
alexnet,1.5200000000000002,1.03,19,216.3,0.08456999999999999,7.0,0.08298000000000001
alexnet,1.5200000000000002,1.2750000000000001,19,216.3,0.08456999999999999,6.6,0.08298000000000001
alexnet,1.5200000000000002,1.5200000000000002,19,216.3,0.08456999999999999,6.6,0.08298000000000001
alexnet,1.5200000000000002,1.7650000000000001,19,216.3,0.08456999999999999,6.6,0.08298000000000001
alexnet,1.5200000000000002,2.0100000000000002,19,216.3,0.08456999999999999,6.6,0.08298000000000001
alexnet,1.5200000000000002,2.255,19,216.3,0.08456999999999999,6.6,0.08298000000000001
alexnet,1.7650000000000001,0.05,19,216.3,0.08456999999999999,39.9,0.08420000000000001
alexnet,1.7650000000000001,0.29500000000000004,19,216.3,0.08456999999999999,27.2,0.08456999999999999
alexnet,1.7650000000000001,0.54,19,216.3,0.08456999999999999,11.6,0.08364
alexnet,1.7650000000000001,0.7850000000000001,19,216.3,0.08456999999999999,7.0,0.08298000000000001
alexnet,1.7650000000000001,1.03,19,216.3,0.08456999999999999,7.0,0.08298000000000001
alexnet,1.7650000000000001,1.2750000000000001,19,216.3,0.08456999999999999,4.5,0.08266
alexnet,1.7650000000000001,1.5200000000000002,19,216.3,0.08456999999999999,4.1,0.08266
alexnet,1.7650000000000001,1.7650000000000001,19,216.3,0.08456999999999999,4.1,0.08266
alexnet,1.7650000000000001,2.0100000000000002,19,216.3,0.08456999999999999,4.1,0.08266
alexnet,1.7650000000000001,2.255,19,216.3,0.08456999999999999,4.1,0.08266
alexnet,2.0100000000000002,0.05,19,216.3,0.08456999999999999,39.9,0.08420000000000001
alexnet,2.0100000000000002,0.29500000000000004,19,216.3,0.08456999999999999,27.2,0.08456999999999999
alexnet,2.0100000000000002,0.54,19,216.3,0.08456999999999999,11.6,0.08364
alexnet,2.0100000000000002,0.7850000000000001,19,216.3,0.08456999999999999,7.0,0.08298000000000001
alexnet,2.0100000000000002,1.03,19,216.3,0.08456999999999999,7.0,0.08298000000000001
alexnet,2.0100000000000002,1.2750000000000001,19,216.3,0.08456999999999999,4.5,0.08266
alexnet,2.0100000000000002,1.5200000000000002,19,216.3,0.08456999999999999,4.1,0.08266
alexnet,2.0100000000000002,1.7650000000000001,19,216.3,0.08456999999999999,4.1,0.08266
alexnet,2.0100000000000002,2.0100000000000002,19,216.3,0.08456999999999999,4.1,0.08266
alexnet,2.0100000000000002,2.255,19,216.3,0.08456999999999999,4.1,0.08266
alexnet,2.255,0.05,19,216.3,0.08456999999999999,39.9,0.08420000000000001
alexnet,2.255,0.29500000000000004,19,216.3,0.08456999999999999,27.2,0.08456999999999999
alexnet,2.255,0.54,19,216.3,0.08456999999999999,11.6,0.08364
alexnet,2.255,0.7850000000000001,19,216.3,0.08456999999999999,7.0,0.08298000000000001
alexnet,2.255,1.03,19,216.3,0.08456999999999999,7.0,0.08298000000000001
alexnet,2.255,1.2750000000000001,19,216.3,0.08456999999999999,4.5,0.08266
alexnet,2.255,1.5200000000000002,19,216.3,0.08456999999999999,4.1,0.08266
alexnet,2.255,1.7650000000000001,19,216.3,0.08456999999999999,4.1,0.08266
alexnet,2.255,2.0100000000000002,19,216.3,0.08456999999999999,4.1,0.08266
alexnet,2.255,2.255,19,216.3,0.08456999999999999,4.1,0.08266
