vgg11,0.05,0.05,5,222.4,0.09081,39.9,0.09054999999999999
vgg11,0.05,0.29500000000000004,5,222.4,0.09081,39.9,0.09054999999999999
vgg11,0.05,0.54,5,222.4,0.09081,39.9,0.09054999999999999
vgg11,0.05,0.7850000000000001,5,222.4,0.09081,39.9,0.09054999999999999
vgg11,0.05,1.03,5,222.4,0.09081,39.9,0.09054999999999999
vgg11,0.05,1.2750000000000001,5,222.4,0.09081,39.9,0.09054999999999999
vgg11,0.05,1.5200000000000002,5,222.4,0.09081,39.9,0.09054999999999999
vgg11,0.05,1.7650000000000001,5,222.4,0.09081,39.9,0.09054999999999999
vgg11,0.05,2.0100000000000002,5,222.4,0.09081,39.9,0.09054999999999999
vgg11,0.05,2.255,5,222.4,0.09081,39.9,0.09054999999999999
vgg11,0.29500000000000004,0.05,5,222.4,0.09081,39.9,0.09054999999999999
vgg11,0.29500000000000004,0.29500000000000004,5,222.4,0.09081,39.9,0.09054999999999999
vgg11,0.29500000000000004,0.54,5,222.4,0.09081,39.9,0.09054999999999999
vgg11,0.29500000000000004,0.7850000000000001,5,222.4,0.09081,39.9,0.09054999999999999
vgg11,0.29500000000000004,1.03,5,222.4,0.09081,39.9,0.09054999999999999
vgg11,0.29500000000000004,1.2750000000000001,5,222.4,0.09081,39.9,0.09054999999999999
vgg11,0.29500000000000004,1.5200000000000002,5,222.4,0.09081,39.9,0.09054999999999999
vgg11,0.29500000000000004,1.7650000000000001,5,222.4,0.09081,39.9,0.09054999999999999
vgg11,0.29500000000000004,2.0100000000000002,5,222.4,0.09081,39.9,0.09054999999999999
vgg11,0.29500000000000004,2.255,5,222.4,0.09081,39.9,0.09054999999999999
vgg11,0.54,0.05,5,222.4,0.09081,39.9,0.09054999999999999
vgg11,0.54,0.29500000000000004,5,222.4,0.09081,39.9,0.09054999999999999
vgg11,0.54,0.54,5,222.4,0.09081,39.9,0.09054999999999999
vgg11,0.54,0.7850000000000001,5,222.4,0.09081,39.9,0.09054999999999999
vgg11,0.54,1.03,5,222.4,0.09081,39.9,0.09054999999999999
vgg11,0.54,1.2750000000000001,5,222.4,0.09081,39.9,0.09054999999999999
vgg11,0.54,1.5200000000000002,5,222.4,0.09081,39.9,0.09054999999999999
vgg11,0.54,1.7650000000000001,5,222.4,0.09081,39.9,0.09054999999999999
vgg11,0.54,2.0100000000000002,5,222.4,0.09081,39.9,0.09054999999999999
vgg11,0.54,2.255,5,222.4,0.09081,39.9,0.09054999999999999
vgg11,0.7850000000000001,0.05,5,222.4,0.09081,39.9,0.09054999999999999
vgg11,0.7850000000000001,0.29500000000000004,5,222.4,0.09081,39.9,0.09054999999999999
vgg11,0.7850000000000001,0.54,5,222.4,0.09081,39.9,0.09054999999999999
vgg11,0.7850000000000001,0.7850000000000001,5,222.4,0.09081,39.9,0.09054999999999999
vgg11,0.7850000000000001,1.03,5,222.4,0.09081,39.9,0.09054999999999999
vgg11,0.7850000000000001,1.2750000000000001,5,222.4,0.09081,39.9,0.09054999999999999
vgg11,0.7850000000000001,1.5200000000000002,5,222.4,0.09081,39.9,0.09054999999999999
vgg11,0.7850000000000001,1.7650000000000001,5,222.4,0.09081,39.9,0.09054999999999999
vgg11,0.7850000000000001,2.0100000000000002,5,222.4,0.09081,39.9,0.09054999999999999
vgg11,0.7850000000000001,2.255,5,222.4,0.09081,39.9,0.09054999999999999
vgg11,1.03,0.05,5,222.4,0.09081,39.9,0.09054999999999999
vgg11,1.03,0.29500000000000004,5,222.4,0.09081,39.9,0.09054999999999999
vgg11,1.03,0.54,5,222.4,0.09081,39.9,0.09054999999999999
vgg11,1.03,0.7850000000000001,5,222.4,0.09081,39.9,0.09054999999999999
vgg11,1.03,1.03,5,222.4,0.09081,39.9,0.09054999999999999
vgg11,1.03,1.2750000000000001,5,222.4,0.09081,39.9,0.09054999999999999
vgg11,1.03,1.5200000000000002,5,222.4,0.09081,39.9,0.09054999999999999
vgg11,1.03,1.7650000000000001,5,222.4,0.09081,39.9,0.09054999999999999
vgg11,1.03,2.0100000000000002,5,222.4,0.09081,39.9,0.09054999999999999
vgg11,1.03,2.255,5,222.4,0.09081,39.9,0.09054999999999999
vgg11,1.2750000000000001,0.05,5,222.4,0.09081,39.9,0.09054999999999999
vgg11,1.2750000000000001,0.29500000000000004,5,222.4,0.09081,39.9,0.09054999999999999
vgg11,1.2750000000000001,0.54,5,222.4,0.09081,39.9,0.09054999999999999
vgg11,1.2750000000000001,0.7850000000000001,5,222.4,0.09081,39.9,0.09054999999999999
vgg11,1.2750000000000001,1.03,5,222.4,0.09081,39.9,0.09054999999999999
vgg11,1.2750000000000001,1.2750000000000001,5,222.4,0.09081,39.9,0.09054999999999999
vgg11,1.2750000000000001,1.5200000000000002,5,222.4,0.09081,7.3,0.08917
vgg11,1.2750000000000001,1.7650000000000001,5,222.4,0.09081,7.3,0.08917
vgg11,1.2750000000000001,2.0100000000000002,5,222.4,0.09081,7.3,0.08917
vgg11,1.2750000000000001,2.255,5,222.4,0.09081,7.3,0.08917
vgg11,1.5200000000000002,0.05,5,222.4,0.09081,39.9,0.09054999999999999
vgg11,1.5200000000000002,0.29500000000000004,5,222.4,0.09081,39.9,0.09054999999999999
vgg11,1.5200000000000002,0.54,5,222.4,0.09081,39.9,0.09054999999999999
vgg11,1.5200000000000002,0.7850000000000001,5,222.4,0.09081,39.9,0.09054999999999999
vgg11,1.5200000000000002,1.03,5,222.4,0.09081,39.9,0.09054999999999999
vgg11,1.5200000000000002,1.2750000000000001,5,222.4,0.09081,17.2,0.09045
vgg11,1.5200000000000002,1.5200000000000002,5,222.4,0.09081,7.3,0.08917
vgg11,1.5200000000000002,1.7650000000000001,5,222.4,0.09081,7.3,0.08917
vgg11,1.5200000000000002,2.0100000000000002,5,222.4,0.09081,7.3,0.08917
vgg11,1.5200000000000002,2.255,5,222.4,0.09081,7.3,0.08917
vgg11,1.7650000000000001,0.05,5,222.4,0.09081,39.9,0.09054999999999999
vgg11,1.7650000000000001,0.29500000000000004,5,222.4,0.09081,39.9,0.09054999999999999
vgg11,1.7650000000000001,0.54,5,222.4,0.09081,39.9,0.09054999999999999
vgg11,1.7650000000000001,0.7850000000000001,5,222.4,0.09081,16.0,0.09037999999999999
vgg11,1.7650000000000001,1.03,5,222.4,0.09081,15.8,0.09037999999999999
vgg11,1.7650000000000001,1.2750000000000001,5,222.4,0.09081,10.4,0.08986
vgg11,1.7650000000000001,1.5200000000000002,5,222.4,0.09081,4.1,0.08837
vgg11,1.7650000000000001,1.7650000000000001,5,222.4,0.09081,4.1,0.08837
vgg11,1.7650000000000001,2.0100000000000002,5,222.4,0.09081,4.1,0.08837
vgg11,1.7650000000000001,2.255,5,222.4,0.09081,4.1,0.08837
vgg11,2.0100000000000002,0.05,5,222.4,0.09081,39.9,0.09054999999999999
vgg11,2.0100000000000002,0.29500000000000004,5,222.4,0.09081,39.9,0.09054999999999999
vgg11,2.0100000000000002,0.54,5,222.4,0.09081,39.9,0.09054999999999999
vgg11,2.0100000000000002,0.7850000000000001,5,222.4,0.09081,16.0,0.09037999999999999
vgg11,2.0100000000000002,1.03,5,222.4,0.09081,15.8,0.09037999999999999
vgg11,2.0100000000000002,1.2750000000000001,5,222.4,0.09081,2.6,0.08654
vgg11,2.0100000000000002,1.5200000000000002,5,222.4,0.09081,2.6,0.08654
vgg11,2.0100000000000002,1.7650000000000001,5,222.4,0.09081,2.6,0.08654
vgg11,2.0100000000000002,2.0100000000000002,5,222.4,0.09081,2.6,0.08654
vgg11,2.0100000000000002,2.255,5,222.4,0.09081,2.6,0.08654
vgg11,2.255,0.05,5,222.4,0.09081,39.9,0.09054999999999999
vgg11,2.255,0.29500000000000004,5,222.4,0.09081,39.9,0.09054999999999999
vgg11,2.255,0.54,5,222.4,0.09081,39.9,0.09054999999999999
vgg11,2.255,0.7850000000000001,5,222.4,0.09081,16.0,0.09037999999999999
vgg11,2.255,1.03,5,222.4,0.09081,15.8,0.09037999999999999
vgg11,2.255,1.2750000000000001,5,222.4,0.09081,2.6,0.08654
vgg11,2.255,1.5200000000000002,5,222.4,0.09081,2.6,0.08654
vgg11,2.255,1.7650000000000001,5,222.4,0.09081,2.6,0.08654
vgg11,2.255,2.0100000000000002,5,222.4,0.09081,2.6,0.08654
vgg11,2.255,2.255,5,222.4,0.09081,2.6,0.08654
vgg11,0.05,0.05,7,222.4,0.09081,39.9,0.09054999999999999
vgg11,0.05,0.29500000000000004,7,222.4,0.09081,39.9,0.09054999999999999
vgg11,0.05,0.54,7,222.4,0.09081,39.9,0.09054999999999999
vgg11,0.05,0.7850000000000001,7,222.4,0.09081,39.9,0.09054999999999999
vgg11,0.05,1.03,7,222.4,0.09081,39.9,0.09054999999999999
vgg11,0.05,1.2750000000000001,7,222.4,0.09081,39.9,0.09054999999999999
vgg11,0.05,1.5200000000000002,7,222.4,0.09081,39.9,0.09054999999999999
vgg11,0.05,1.7650000000000001,7,222.4,0.09081,39.9,0.09054999999999999
vgg11,0.05,2.0100000000000002,7,222.4,0.09081,39.9,0.09054999999999999
vgg11,0.05,2.255,7,222.4,0.09081,39.9,0.09054999999999999
vgg11,0.29500000000000004,0.05,7,222.4,0.09081,39.9,0.09054999999999999
vgg11,0.29500000000000004,0.29500000000000004,7,222.4,0.09081,39.9,0.09054999999999999
vgg11,0.29500000000000004,0.54,7,222.4,0.09081,39.9,0.09054999999999999
vgg11,0.29500000000000004,0.7850000000000001,7,222.4,0.09081,39.9,0.09054999999999999
vgg11,0.29500000000000004,1.03,7,222.4,0.09081,39.9,0.09054999999999999
vgg11,0.29500000000000004,1.2750000000000001,7,222.4,0.09081,39.9,0.09054999999999999
vgg11,0.29500000000000004,1.5200000000000002,7,222.4,0.09081,39.9,0.09054999999999999
vgg11,0.29500000000000004,1.7650000000000001,7,222.4,0.09081,39.9,0.09054999999999999
vgg11,0.29500000000000004,2.0100000000000002,7,222.4,0.09081,39.9,0.09054999999999999
vgg11,0.29500000000000004,2.255,7,222.4,0.09081,39.9,0.09054999999999999
vgg11,0.54,0.05,7,222.4,0.09081,39.9,0.09054999999999999
vgg11,0.54,0.29500000000000004,7,222.4,0.09081,39.9,0.09054999999999999
vgg11,0.54,0.54,7,222.4,0.09081,39.9,0.09054999999999999
vgg11,0.54,0.7850000000000001,7,222.4,0.09081,39.9,0.09054999999999999
vgg11,0.54,1.03,7,222.4,0.09081,39.9,0.09054999999999999
vgg11,0.54,1.2750000000000001,7,222.4,0.09081,39.9,0.09054999999999999
vgg11,0.54,1.5200000000000002,7,222.4,0.09081,39.9,0.09054999999999999
vgg11,0.54,1.7650000000000001,7,222.4,0.09081,39.9,0.09054999999999999
vgg11,0.54,2.0100000000000002,7,222.4,0.09081,39.9,0.09054999999999999
vgg11,0.54,2.255,7,222.4,0.09081,39.9,0.09054999999999999
vgg11,0.7850000000000001,0.05,7,222.4,0.09081,39.9,0.09054999999999999
vgg11,0.7850000000000001,0.29500000000000004,7,222.4,0.09081,39.9,0.09054999999999999
vgg11,0.7850000000000001,0.54,7,222.4,0.09081,39.9,0.09054999999999999
vgg11,0.7850000000000001,0.7850000000000001,7,222.4,0.09081,39.9,0.09054999999999999
vgg11,0.7850000000000001,1.03,7,222.4,0.09081,39.9,0.09054999999999999
vgg11,0.7850000000000001,1.2750000000000001,7,222.4,0.09081,39.9,0.09054999999999999
vgg11,0.7850000000000001,1.5200000000000002,7,222.4,0.09081,39.9,0.09054999999999999
vgg11,0.7850000000000001,1.7650000000000001,7,222.4,0.09081,39.9,0.09054999999999999
vgg11,0.7850000000000001,2.0100000000000002,7,222.4,0.09081,39.9,0.09054999999999999
vgg11,0.7850000000000001,2.255,7,222.4,0.09081,39.9,0.09054999999999999
vgg11,1.03,0.05,7,222.4,0.09081,39.9,0.09054999999999999
vgg11,1.03,0.29500000000000004,7,222.4,0.09081,39.9,0.09054999999999999
vgg11,1.03,0.54,7,222.4,0.09081,39.9,0.09054999999999999
vgg11,1.03,0.7850000000000001,7,222.4,0.09081,39.9,0.09054999999999999
vgg11,1.03,1.03,7,222.4,0.09081,39.9,0.09054999999999999
vgg11,1.03,1.2750000000000001,7,222.4,0.09081,39.9,0.09054999999999999
vgg11,1.03,1.5200000000000002,7,222.4,0.09081,39.9,0.09054999999999999
vgg11,1.03,1.7650000000000001,7,222.4,0.09081,39.9,0.09054999999999999
vgg11,1.03,2.0100000000000002,7,222.4,0.09081,39.9,0.09054999999999999
vgg11,1.03,2.255,7,222.4,0.09081,39.9,0.09054999999999999
vgg11,1.2750000000000001,0.05,7,222.4,0.09081,39.9,0.09054999999999999
vgg11,1.2750000000000001,0.29500000000000004,7,222.4,0.09081,39.9,0.09054999999999999
vgg11,1.2750000000000001,0.54,7,222.4,0.09081,39.9,0.09054999999999999
vgg11,1.2750000000000001,0.7850000000000001,7,222.4,0.09081,39.9,0.09054999999999999
vgg11,1.2750000000000001,1.03,7,222.4,0.09081,39.9,0.09054999999999999
vgg11,1.2750000000000001,1.2750000000000001,7,222.4,0.09081,39.9,0.09054999999999999
vgg11,1.2750000000000001,1.5200000000000002,7,222.4,0.09081,9.1,0.08978
vgg11,1.2750000000000001,1.7650000000000001,7,222.4,0.09081,9.1,0.08978
vgg11,1.2750000000000001,2.0100000000000002,7,222.4,0.09081,9.1,0.08978
vgg11,1.2750000000000001,2.255,7,222.4,0.09081,9.1,0.08978
vgg11,1.5200000000000002,0.05,7,222.4,0.09081,39.9,0.09054999999999999
vgg11,1.5200000000000002,0.29500000000000004,7,222.4,0.09081,39.9,0.09054999999999999
vgg11,1.5200000000000002,0.54,7,222.4,0.09081,16.1,0.09037999999999999
vgg11,1.5200000000000002,0.7850000000000001,7,222.4,0.09081,15.9,0.09037999999999999
vgg11,1.5200000000000002,1.03,7,222.4,0.09081,15.9,0.09037999999999999
vgg11,1.5200000000000002,1.2750000000000001,7,222.4,0.09081,15.8,0.09037999999999999
vgg11,1.5200000000000002,1.5200000000000002,7,222.4,0.09081,9.1,0.08978
vgg11,1.5200000000000002,1.7650000000000001,7,222.4,0.09081,8.4,0.08976
vgg11,1.5200000000000002,2.0100000000000002,7,222.4,0.09081,8.4,0.08976
vgg11,1.5200000000000002,2.255,7,222.4,0.09081,8.4,0.08976
vgg11,1.7650000000000001,0.05,7,222.4,0.09081,39.9,0.09054999999999999
vgg11,1.7650000000000001,0.29500000000000004,7,222.4,0.09081,39.9,0.09054999999999999
vgg11,1.7650000000000001,0.54,7,222.4,0.09081,16.1,0.09037999999999999
vgg11,1.7650000000000001,0.7850000000000001,7,222.4,0.09081,15.9,0.09037999999999999
vgg11,1.7650000000000001,1.03,7,222.4,0.09081,4.2,0.08837
vgg11,1.7650000000000001,1.2750000000000001,7,222.4,0.09081,3.1,0.08654
vgg11,1.7650000000000001,1.5200000000000002,7,222.4,0.09081,2.8,0.08654
vgg11,1.7650000000000001,1.7650000000000001,7,222.4,0.09081,2.8,0.08654
vgg11,1.7650000000000001,2.0100000000000002,7,222.4,0.09081,2.8,0.08654
vgg11,1.7650000000000001,2.255,7,222.4,0.09081,2.8,0.08654
vgg11,2.0100000000000002,0.05,7,222.4,0.09081,39.9,0.09054999999999999
vgg11,2.0100000000000002,0.29500000000000004,7,222.4,0.09081,39.9,0.09054999999999999
vgg11,2.0100000000000002,0.54,7,222.4,0.09081,16.1,0.09037999999999999
vgg11,2.0100000000000002,0.7850000000000001,7,222.4,0.09081,15.9,0.09037999999999999
vgg11,2.0100000000000002,1.03,7,222.4,0.09081,4.2,0.08837
vgg11,2.0100000000000002,1.2750000000000001,7,222.4,0.09081,3.1,0.08654
vgg11,2.0100000000000002,1.5200000000000002,7,222.4,0.09081,2.8,0.08654
vgg11,2.0100000000000002,1.7650000000000001,7,222.4,0.09081,2.8,0.08654
vgg11,2.0100000000000002,2.0100000000000002,7,222.4,0.09081,2.8,0.08654
vgg11,2.0100000000000002,2.255,7,222.4,0.09081,2.8,0.08654
vgg11,2.255,0.05,7,222.4,0.09081,39.9,0.09054999999999999
vgg11,2.255,0.29500000000000004,7,222.4,0.09081,39.9,0.09054999999999999
vgg11,2.255,0.54,7,222.4,0.09081,16.1,0.09037999999999999
vgg11,2.255,0.7850000000000001,7,222.4,0.09081,15.9,0.09037999999999999
vgg11,2.255,1.03,7,222.4,0.09081,4.2,0.08837
vgg11,2.255,1.2750000000000001,7,222.4,0.09081,3.1,0.08654
vgg11,2.255,1.5200000000000002,7,222.4,0.09081,2.8,0.08654
vgg11,2.255,1.7650000000000001,7,222.4,0.09081,2.8,0.08654
vgg11,2.255,2.0100000000000002,7,222.4,0.09081,2.8,0.08654
vgg11,2.255,2.255,7,222.4,0.09081,2.8,0.08654
vgg11,0.05,0.05,9,222.4,0.09081,39.9,0.09054999999999999
vgg11,0.05,0.29500000000000004,9,222.4,0.09081,39.9,0.09054999999999999
vgg11,0.05,0.54,9,222.4,0.09081,39.9,0.09054999999999999
vgg11,0.05,0.7850000000000001,9,222.4,0.09081,39.9,0.09054999999999999
vgg11,0.05,1.03,9,222.4,0.09081,39.9,0.09054999999999999
vgg11,0.05,1.2750000000000001,9,222.4,0.09081,39.9,0.09054999999999999
vgg11,0.05,1.5200000000000002,9,222.4,0.09081,39.9,0.09054999999999999
vgg11,0.05,1.7650000000000001,9,222.4,0.09081,39.9,0.09054999999999999
vgg11,0.05,2.0100000000000002,9,222.4,0.09081,39.9,0.09054999999999999
vgg11,0.05,2.255,9,222.4,0.09081,39.9,0.09054999999999999
vgg11,0.29500000000000004,0.05,9,222.4,0.09081,39.9,0.09054999999999999
vgg11,0.29500000000000004,0.29500000000000004,9,222.4,0.09081,39.9,0.09054999999999999
vgg11,0.29500000000000004,0.54,9,222.4,0.09081,39.9,0.09054999999999999
vgg11,0.29500000000000004,0.7850000000000001,9,222.4,0.09081,39.9,0.09054999999999999
vgg11,0.29500000000000004,1.03,9,222.4,0.09081,39.9,0.09054999999999999
vgg11,0.29500000000000004,1.2750000000000001,9,222.4,0.09081,39.9,0.09054999999999999
vgg11,0.29500000000000004,1.5200000000000002,9,222.4,0.09081,39.9,0.09054999999999999
vgg11,0.29500000000000004,1.7650000000000001,9,222.4,0.09081,39.9,0.09054999999999999
vgg11,0.29500000000000004,2.0100000000000002,9,222.4,0.09081,39.9,0.09054999999999999
vgg11,0.29500000000000004,2.255,9,222.4,0.09081,39.9,0.09054999999999999
vgg11,0.54,0.05,9,222.4,0.09081,39.9,0.09054999999999999
vgg11,0.54,0.29500000000000004,9,222.4,0.09081,39.9,0.09054999999999999
vgg11,0.54,0.54,9,222.4,0.09081,39.9,0.09054999999999999
vgg11,0.54,0.7850000000000001,9,222.4,0.09081,39.9,0.09054999999999999
vgg11,0.54,1.03,9,222.4,0.09081,39.9,0.09054999999999999
vgg11,0.54,1.2750000000000001,9,222.4,0.09081,39.9,0.09054999999999999
vgg11,0.54,1.5200000000000002,9,222.4,0.09081,39.9,0.09054999999999999
vgg11,0.54,1.7650000000000001,9,222.4,0.09081,39.9,0.09054999999999999
vgg11,0.54,2.0100000000000002,9,222.4,0.09081,39.9,0.09054999999999999
vgg11,0.54,2.255,9,222.4,0.09081,39.9,0.09054999999999999
vgg11,0.7850000000000001,0.05,9,222.4,0.09081,39.9,0.09054999999999999
vgg11,0.7850000000000001,0.29500000000000004,9,222.4,0.09081,39.9,0.09054999999999999
vgg11,0.7850000000000001,0.54,9,222.4,0.09081,39.9,0.09054999999999999
vgg11,0.7850000000000001,0.7850000000000001,9,222.4,0.09081,39.9,0.09054999999999999
vgg11,0.7850000000000001,1.03,9,222.4,0.09081,39.9,0.09054999999999999
vgg11,0.7850000000000001,1.2750000000000001,9,222.4,0.09081,39.9,0.09054999999999999
vgg11,0.7850000000000001,1.5200000000000002,9,222.4,0.09081,39.9,0.09054999999999999
vgg11,0.7850000000000001,1.7650000000000001,9,222.4,0.09081,39.9,0.09054999999999999
vgg11,0.7850000000000001,2.0100000000000002,9,222.4,0.09081,39.9,0.09054999999999999
vgg11,0.7850000000000001,2.255,9,222.4,0.09081,39.9,0.09054999999999999
vgg11,1.03,0.05,9,222.4,0.09081,39.9,0.09054999999999999
vgg11,1.03,0.29500000000000004,9,222.4,0.09081,39.9,0.09054999999999999
vgg11,1.03,0.54,9,222.4,0.09081,39.9,0.09054999999999999
vgg11,1.03,0.7850000000000001,9,222.4,0.09081,39.9,0.09054999999999999
vgg11,1.03,1.03,9,222.4,0.09081,32.7,0.09081
vgg11,1.03,1.2750000000000001,9,222.4,0.09081,32.7,0.09081
vgg11,1.03,1.5200000000000002,9,222.4,0.09081,32.7,0.09081
vgg11,1.03,1.7650000000000001,9,222.4,0.09081,32.7,0.09081
vgg11,1.03,2.0100000000000002,9,222.4,0.09081,32.7,0.09081
vgg11,1.03,2.255,9,222.4,0.09081,32.7,0.09081
vgg11,1.2750000000000001,0.05,9,222.4,0.09081,39.9,0.09054999999999999
vgg11,1.2750000000000001,0.29500000000000004,9,222.4,0.09081,39.9,0.09054999999999999
vgg11,1.2750000000000001,0.54,9,222.4,0.09081,39.9,0.09054999999999999
vgg11,1.2750000000000001,0.7850000000000001,9,222.4,0.09081,39.9,0.09054999999999999
vgg11,1.2750000000000001,1.03,9,222.4,0.09081,32.5,0.09081
vgg11,1.2750000000000001,1.2750000000000001,9,222.4,0.09081,32.5,0.09081
vgg11,1.2750000000000001,1.5200000000000002,9,222.4,0.09081,32.5,0.09081
vgg11,1.2750000000000001,1.7650000000000001,9,222.4,0.09081,32.5,0.09081
vgg11,1.2750000000000001,2.0100000000000002,9,222.4,0.09081,32.5,0.09081
vgg11,1.2750000000000001,2.255,9,222.4,0.09081,32.5,0.09081
vgg11,1.5200000000000002,0.05,9,222.4,0.09081,39.9,0.09054999999999999
vgg11,1.5200000000000002,0.29500000000000004,9,222.4,0.09081,39.9,0.09054999999999999
vgg11,1.5200000000000002,0.54,9,222.4,0.09081,16.3,0.09037999999999999
vgg11,1.5200000000000002,0.7850000000000001,9,222.4,0.09081,15.8,0.09037999999999999
vgg11,1.5200000000000002,1.03,9,222.4,0.09081,15.1,0.09037999999999999
vgg11,1.5200000000000002,1.2750000000000001,9,222.4,0.09081,15.1,0.09037999999999999
vgg11,1.5200000000000002,1.5200000000000002,9,222.4,0.09081,15.0,0.09037999999999999
vgg11,1.5200000000000002,1.7650000000000001,9,222.4,0.09081,15.0,0.09037999999999999
vgg11,1.5200000000000002,2.0100000000000002,9,222.4,0.09081,15.0,0.09037999999999999
vgg11,1.5200000000000002,2.255,9,222.4,0.09081,15.0,0.09037999999999999
vgg11,1.7650000000000001,0.05,9,222.4,0.09081,39.9,0.09054999999999999
vgg11,1.7650000000000001,0.29500000000000004,9,222.4,0.09081,39.9,0.09054999999999999
vgg11,1.7650000000000001,0.54,9,222.4,0.09081,16.3,0.09037999999999999
vgg11,1.7650000000000001,0.7850000000000001,9,222.4,0.09081,12.0,0.09002
vgg11,1.7650000000000001,1.03,9,222.4,0.09081,4.4,0.08845
vgg11,1.7650000000000001,1.2750000000000001,9,222.4,0.09081,4.4,0.08845
vgg11,1.7650000000000001,1.5200000000000002,9,222.4,0.09081,3.0,0.08654
vgg11,1.7650000000000001,1.7650000000000001,9,222.4,0.09081,3.0,0.08654
vgg11,1.7650000000000001,2.0100000000000002,9,222.4,0.09081,3.0,0.08654
vgg11,1.7650000000000001,2.255,9,222.4,0.09081,3.0,0.08654
vgg11,2.0100000000000002,0.05,9,222.4,0.09081,39.9,0.09054999999999999
vgg11,2.0100000000000002,0.29500000000000004,9,222.4,0.09081,39.9,0.09054999999999999
vgg11,2.0100000000000002,0.54,9,222.4,0.09081,16.3,0.09037999999999999
vgg11,2.0100000000000002,0.7850000000000001,9,222.4,0.09081,12.0,0.09002
vgg11,2.0100000000000002,1.03,9,222.4,0.09081,4.4,0.08845
vgg11,2.0100000000000002,1.2750000000000001,9,222.4,0.09081,4.4,0.08845
vgg11,2.0100000000000002,1.5200000000000002,9,222.4,0.09081,3.0,0.08654
vgg11,2.0100000000000002,1.7650000000000001,9,222.4,0.09081,3.0,0.08654
vgg11,2.0100000000000002,2.0100000000000002,9,222.4,0.09081,3.0,0.08654
vgg11,2.0100000000000002,2.255,9,222.4,0.09081,3.0,0.08654
vgg11,2.255,0.05,9,222.4,0.09081,39.9,0.09054999999999999
vgg11,2.255,0.29500000000000004,9,222.4,0.09081,39.9,0.09054999999999999
vgg11,2.255,0.54,9,222.4,0.09081,16.3,0.09037999999999999
vgg11,2.255,0.7850000000000001,9,222.4,0.09081,12.0,0.09002
vgg11,2.255,1.03,9,222.4,0.09081,4.4,0.08845
vgg11,2.255,1.2750000000000001,9,222.4,0.09081,4.4,0.08845
vgg11,2.255,1.5200000000000002,9,222.4,0.09081,3.0,0.08654
vgg11,2.255,1.7650000000000001,9,222.4,0.09081,3.0,0.08654
vgg11,2.255,2.0100000000000002,9,222.4,0.09081,3.0,0.08654
vgg11,2.255,2.255,9,222.4,0.09081,3.0,0.08654
vgg11,0.05,0.05,11,222.4,0.09081,39.9,0.09054999999999999
vgg11,0.05,0.29500000000000004,11,222.4,0.09081,39.9,0.09054999999999999
vgg11,0.05,0.54,11,222.4,0.09081,39.9,0.09054999999999999
vgg11,0.05,0.7850000000000001,11,222.4,0.09081,39.9,0.09054999999999999
vgg11,0.05,1.03,11,222.4,0.09081,39.9,0.09054999999999999
vgg11,0.05,1.2750000000000001,11,222.4,0.09081,39.9,0.09054999999999999
vgg11,0.05,1.5200000000000002,11,222.4,0.09081,39.9,0.09054999999999999
vgg11,0.05,1.7650000000000001,11,222.4,0.09081,39.9,0.09054999999999999
vgg11,0.05,2.0100000000000002,11,222.4,0.09081,39.9,0.09054999999999999
vgg11,0.05,2.255,11,222.4,0.09081,39.9,0.09054999999999999
vgg11,0.29500000000000004,0.05,11,222.4,0.09081,39.9,0.09054999999999999
vgg11,0.29500000000000004,0.29500000000000004,11,222.4,0.09081,39.9,0.09054999999999999
vgg11,0.29500000000000004,0.54,11,222.4,0.09081,39.9,0.09054999999999999
vgg11,0.29500000000000004,0.7850000000000001,11,222.4,0.09081,39.9,0.09054999999999999
vgg11,0.29500000000000004,1.03,11,222.4,0.09081,39.9,0.09054999999999999
vgg11,0.29500000000000004,1.2750000000000001,11,222.4,0.09081,39.9,0.09054999999999999
vgg11,0.29500000000000004,1.5200000000000002,11,222.4,0.09081,39.9,0.09054999999999999
vgg11,0.29500000000000004,1.7650000000000001,11,222.4,0.09081,39.9,0.09054999999999999
vgg11,0.29500000000000004,2.0100000000000002,11,222.4,0.09081,39.9,0.09054999999999999
vgg11,0.29500000000000004,2.255,11,222.4,0.09081,39.9,0.09054999999999999
vgg11,0.54,0.05,11,222.4,0.09081,39.9,0.09054999999999999
vgg11,0.54,0.29500000000000004,11,222.4,0.09081,39.9,0.09054999999999999
vgg11,0.54,0.54,11,222.4,0.09081,39.9,0.09054999999999999
vgg11,0.54,0.7850000000000001,11,222.4,0.09081,39.9,0.09054999999999999
vgg11,0.54,1.03,11,222.4,0.09081,39.9,0.09054999999999999
vgg11,0.54,1.2750000000000001,11,222.4,0.09081,39.9,0.09054999999999999
vgg11,0.54,1.5200000000000002,11,222.4,0.09081,39.9,0.09054999999999999
vgg11,0.54,1.7650000000000001,11,222.4,0.09081,39.9,0.09054999999999999
vgg11,0.54,2.0100000000000002,11,222.4,0.09081,39.9,0.09054999999999999
vgg11,0.54,2.255,11,222.4,0.09081,39.9,0.09054999999999999
vgg11,0.7850000000000001,0.05,11,222.4,0.09081,39.9,0.09054999999999999
vgg11,0.7850000000000001,0.29500000000000004,11,222.4,0.09081,39.9,0.09054999999999999
vgg11,0.7850000000000001,0.54,11,222.4,0.09081,39.9,0.09054999999999999
vgg11,0.7850000000000001,0.7850000000000001,11,222.4,0.09081,39.9,0.09054999999999999
vgg11,0.7850000000000001,1.03,11,222.4,0.09081,39.9,0.09054999999999999
vgg11,0.7850000000000001,1.2750000000000001,11,222.4,0.09081,39.9,0.09054999999999999
vgg11,0.7850000000000001,1.5200000000000002,11,222.4,0.09081,39.9,0.09054999999999999
vgg11,0.7850000000000001,1.7650000000000001,11,222.4,0.09081,39.9,0.09054999999999999
vgg11,0.7850000000000001,2.0100000000000002,11,222.4,0.09081,39.9,0.09054999999999999
vgg11,0.7850000000000001,2.255,11,222.4,0.09081,39.9,0.09054999999999999
vgg11,1.03,0.05,11,222.4,0.09081,39.9,0.09054999999999999
vgg11,1.03,0.29500000000000004,11,222.4,0.09081,39.9,0.09054999999999999
vgg11,1.03,0.54,11,222.4,0.09081,39.9,0.09054999999999999
vgg11,1.03,0.7850000000000001,11,222.4,0.09081,23.8,0.09070999999999999
vgg11,1.03,1.03,11,222.4,0.09081,9.5,0.08986
vgg11,1.03,1.2750000000000001,11,222.4,0.09081,9.5,0.08986
vgg11,1.03,1.5200000000000002,11,222.4,0.09081,9.5,0.08986
vgg11,1.03,1.7650000000000001,11,222.4,0.09081,9.5,0.08986
vgg11,1.03,2.0100000000000002,11,222.4,0.09081,9.5,0.08986
vgg11,1.03,2.255,11,222.4,0.09081,9.5,0.08986
vgg11,1.2750000000000001,0.05,11,222.4,0.09081,39.9,0.09054999999999999
vgg11,1.2750000000000001,0.29500000000000004,11,222.4,0.09081,39.9,0.09054999999999999
vgg11,1.2750000000000001,0.54,11,222.4,0.09081,39.9,0.09054999999999999
vgg11,1.2750000000000001,0.7850000000000001,11,222.4,0.09081,23.8,0.09070999999999999
vgg11,1.2750000000000001,1.03,11,222.4,0.09081,9.5,0.08986
vgg11,1.2750000000000001,1.2750000000000001,11,222.4,0.09081,9.5,0.08986
vgg11,1.2750000000000001,1.5200000000000002,11,222.4,0.09081,9.5,0.08986
vgg11,1.2750000000000001,1.7650000000000001,11,222.4,0.09081,9.5,0.08986
vgg11,1.2750000000000001,2.0100000000000002,11,222.4,0.09081,9.5,0.08986
vgg11,1.2750000000000001,2.255,11,222.4,0.09081,9.5,0.08986
vgg11,1.5200000000000002,0.05,11,222.4,0.09081,39.9,0.09054999999999999
vgg11,1.5200000000000002,0.29500000000000004,11,222.4,0.09081,16.5,0.09037999999999999
vgg11,1.5200000000000002,0.54,11,222.4,0.09081,16.0,0.09037999999999999
vgg11,1.5200000000000002,0.7850000000000001,11,222.4,0.09081,4.6,0.08873
vgg11,1.5200000000000002,1.03,11,222.4,0.09081,4.6,0.08873
vgg11,1.5200000000000002,1.2750000000000001,11,222.4,0.09081,4.6,0.08873
vgg11,1.5200000000000002,1.5200000000000002,11,222.4,0.09081,4.6,0.08873
vgg11,1.5200000000000002,1.7650000000000001,11,222.4,0.09081,4.6,0.08873
vgg11,1.5200000000000002,2.0100000000000002,11,222.4,0.09081,4.6,0.08873
vgg11,1.5200000000000002,2.255,11,222.4,0.09081,4.6,0.08873
vgg11,1.7650000000000001,0.05,11,222.4,0.09081,39.9,0.09054999999999999
vgg11,1.7650000000000001,0.29500000000000004,11,222.4,0.09081,16.5,0.09037999999999999
vgg11,1.7650000000000001,0.54,11,222.4,0.09081,12.2,0.09002
vgg11,1.7650000000000001,0.7850000000000001,11,222.4,0.09081,4.6,0.08873
vgg11,1.7650000000000001,1.03,11,222.4,0.09081,4.6,0.08873
vgg11,1.7650000000000001,1.2750000000000001,11,222.4,0.09081,4.6,0.08873
vgg11,1.7650000000000001,1.5200000000000002,11,222.4,0.09081,4.6,0.08873
vgg11,1.7650000000000001,1.7650000000000001,11,222.4,0.09081,4.6,0.08873
vgg11,1.7650000000000001,2.0100000000000002,11,222.4,0.09081,4.6,0.08873
vgg11,1.7650000000000001,2.255,11,222.4,0.09081,4.6,0.08873
vgg11,2.0100000000000002,0.05,11,222.4,0.09081,39.9,0.09054999999999999
vgg11,2.0100000000000002,0.29500000000000004,11,222.4,0.09081,16.5,0.09037999999999999
vgg11,2.0100000000000002,0.54,11,222.4,0.09081,12.2,0.09002
vgg11,2.0100000000000002,0.7850000000000001,11,222.4,0.09081,4.6,0.08873
vgg11,2.0100000000000002,1.03,11,222.4,0.09081,4.6,0.08873
vgg11,2.0100000000000002,1.2750000000000001,11,222.4,0.09081,4.6,0.08873
vgg11,2.0100000000000002,1.5200000000000002,11,222.4,0.09081,4.6,0.08873
vgg11,2.0100000000000002,1.7650000000000001,11,222.4,0.09081,4.6,0.08873
vgg11,2.0100000000000002,2.0100000000000002,11,222.4,0.09081,4.6,0.08873
vgg11,2.0100000000000002,2.255,11,222.4,0.09081,4.6,0.08873
vgg11,2.255,0.05,11,222.4,0.09081,39.9,0.09054999999999999
vgg11,2.255,0.29500000000000004,11,222.4,0.09081,16.5,0.09037999999999999
vgg11,2.255,0.54,11,222.4,0.09081,12.2,0.09002
vgg11,2.255,0.7850000000000001,11,222.4,0.09081,4.6,0.08873
vgg11,2.255,1.03,11,222.4,0.09081,4.6,0.08873
vgg11,2.255,1.2750000000000001,11,222.4,0.09081,4.6,0.08873
vgg11,2.255,1.5200000000000002,11,222.4,0.09081,4.6,0.08873
vgg11,2.255,1.7650000000000001,11,222.4,0.09081,3.2,0.08735
vgg11,2.255,2.0100000000000002,11,222.4,0.09081,3.2,0.08735
vgg11,2.255,2.255,11,222.4,0.09081,3.2,0.08735
vgg11,0.05,0.05,13,222.4,0.09081,39.9,0.09054999999999999
vgg11,0.05,0.29500000000000004,13,222.4,0.09081,39.9,0.09054999999999999
vgg11,0.05,0.54,13,222.4,0.09081,39.9,0.09054999999999999
vgg11,0.05,0.7850000000000001,13,222.4,0.09081,39.9,0.09054999999999999
vgg11,0.05,1.03,13,222.4,0.09081,39.9,0.09054999999999999
vgg11,0.05,1.2750000000000001,13,222.4,0.09081,39.9,0.09054999999999999
vgg11,0.05,1.5200000000000002,13,222.4,0.09081,39.9,0.09054999999999999
vgg11,0.05,1.7650000000000001,13,222.4,0.09081,39.9,0.09054999999999999
vgg11,0.05,2.0100000000000002,13,222.4,0.09081,39.9,0.09054999999999999
vgg11,0.05,2.255,13,222.4,0.09081,39.9,0.09054999999999999
vgg11,0.29500000000000004,0.05,13,222.4,0.09081,39.9,0.09054999999999999
vgg11,0.29500000000000004,0.29500000000000004,13,222.4,0.09081,39.9,0.09054999999999999
vgg11,0.29500000000000004,0.54,13,222.4,0.09081,39.9,0.09054999999999999
vgg11,0.29500000000000004,0.7850000000000001,13,222.4,0.09081,39.9,0.09054999999999999
vgg11,0.29500000000000004,1.03,13,222.4,0.09081,39.9,0.09054999999999999
vgg11,0.29500000000000004,1.2750000000000001,13,222.4,0.09081,39.9,0.09054999999999999
vgg11,0.29500000000000004,1.5200000000000002,13,222.4,0.09081,39.9,0.09054999999999999
vgg11,0.29500000000000004,1.7650000000000001,13,222.4,0.09081,39.9,0.09054999999999999
vgg11,0.29500000000000004,2.0100000000000002,13,222.4,0.09081,39.9,0.09054999999999999
vgg11,0.29500000000000004,2.255,13,222.4,0.09081,39.9,0.09054999999999999
vgg11,0.54,0.05,13,222.4,0.09081,39.9,0.09054999999999999
vgg11,0.54,0.29500000000000004,13,222.4,0.09081,39.9,0.09054999999999999
vgg11,0.54,0.54,13,222.4,0.09081,39.9,0.09054999999999999
vgg11,0.54,0.7850000000000001,13,222.4,0.09081,39.9,0.09054999999999999
vgg11,0.54,1.03,13,222.4,0.09081,39.9,0.09054999999999999
vgg11,0.54,1.2750000000000001,13,222.4,0.09081,39.9,0.09054999999999999
vgg11,0.54,1.5200000000000002,13,222.4,0.09081,39.9,0.09054999999999999
vgg11,0.54,1.7650000000000001,13,222.4,0.09081,39.9,0.09054999999999999
vgg11,0.54,2.0100000000000002,13,222.4,0.09081,39.9,0.09054999999999999
vgg11,0.54,2.255,13,222.4,0.09081,39.9,0.09054999999999999
vgg11,0.7850000000000001,0.05,13,222.4,0.09081,39.9,0.09054999999999999
vgg11,0.7850000000000001,0.29500000000000004,13,222.4,0.09081,39.9,0.09054999999999999
vgg11,0.7850000000000001,0.54,13,222.4,0.09081,39.9,0.09054999999999999
vgg11,0.7850000000000001,0.7850000000000001,13,222.4,0.09081,39.9,0.09054999999999999
vgg11,0.7850000000000001,1.03,13,222.4,0.09081,39.9,0.09054999999999999
vgg11,0.7850000000000001,1.2750000000000001,13,222.4,0.09081,18.3,0.0905
vgg11,0.7850000000000001,1.5200000000000002,13,222.4,0.09081,18.3,0.0905
vgg11,0.7850000000000001,1.7650000000000001,13,222.4,0.09081,18.3,0.0905
vgg11,0.7850000000000001,2.0100000000000002,13,222.4,0.09081,18.3,0.0905
vgg11,0.7850000000000001,2.255,13,222.4,0.09081,18.3,0.0905
vgg11,1.03,0.05,13,222.4,0.09081,39.9,0.09054999999999999
vgg11,1.03,0.29500000000000004,13,222.4,0.09081,39.9,0.09054999999999999
vgg11,1.03,0.54,13,222.4,0.09081,39.9,0.09054999999999999
vgg11,1.03,0.7850000000000001,13,222.4,0.09081,32.0,0.09081
vgg11,1.03,1.03,13,222.4,0.09081,32.0,0.09081
vgg11,1.03,1.2750000000000001,13,222.4,0.09081,17.9,0.09045
vgg11,1.03,1.5200000000000002,13,222.4,0.09081,17.9,0.09045
vgg11,1.03,1.7650000000000001,13,222.4,0.09081,17.9,0.09045
vgg11,1.03,2.0100000000000002,13,222.4,0.09081,17.9,0.09045
vgg11,1.03,2.255,13,222.4,0.09081,17.9,0.09045
vgg11,1.2750000000000001,0.05,13,222.4,0.09081,39.9,0.09054999999999999
vgg11,1.2750000000000001,0.29500000000000004,13,222.4,0.09081,39.9,0.09054999999999999
vgg11,1.2750000000000001,0.54,13,222.4,0.09081,23.8,0.09070999999999999
vgg11,1.2750000000000001,0.7850000000000001,13,222.4,0.09081,23.8,0.09070999999999999
vgg11,1.2750000000000001,1.03,13,222.4,0.09081,9.7,0.08986
vgg11,1.2750000000000001,1.2750000000000001,13,222.4,0.09081,9.7,0.08986
vgg11,1.2750000000000001,1.5200000000000002,13,222.4,0.09081,9.7,0.08986
vgg11,1.2750000000000001,1.7650000000000001,13,222.4,0.09081,9.7,0.08986
vgg11,1.2750000000000001,2.0100000000000002,13,222.4,0.09081,9.7,0.08986
vgg11,1.2750000000000001,2.255,13,222.4,0.09081,9.7,0.08986
vgg11,1.5200000000000002,0.05,13,222.4,0.09081,39.9,0.09054999999999999
vgg11,1.5200000000000002,0.29500000000000004,13,222.4,0.09081,39.9,0.09054999999999999
vgg11,1.5200000000000002,0.54,13,222.4,0.09081,16.7,0.09045
vgg11,1.5200000000000002,0.7850000000000001,13,222.4,0.09081,4.8,0.08874
vgg11,1.5200000000000002,1.03,13,222.4,0.09081,4.8,0.08874
vgg11,1.5200000000000002,1.2750000000000001,13,222.4,0.09081,4.8,0.08874
vgg11,1.5200000000000002,1.5200000000000002,13,222.4,0.09081,4.8,0.08874
vgg11,1.5200000000000002,1.7650000000000001,13,222.4,0.09081,4.8,0.08874
vgg11,1.5200000000000002,2.0100000000000002,13,222.4,0.09081,4.8,0.08874
vgg11,1.5200000000000002,2.255,13,222.4,0.09081,4.8,0.08874
vgg11,1.7650000000000001,0.05,13,222.4,0.09081,39.9,0.09054999999999999
vgg11,1.7650000000000001,0.29500000000000004,13,222.4,0.09081,39.9,0.09054999999999999
vgg11,1.7650000000000001,0.54,13,222.4,0.09081,16.7,0.09045
vgg11,1.7650000000000001,0.7850000000000001,13,222.4,0.09081,4.8,0.08874
vgg11,1.7650000000000001,1.03,13,222.4,0.09081,4.8,0.08874
vgg11,1.7650000000000001,1.2750000000000001,13,222.4,0.09081,4.8,0.08874
vgg11,1.7650000000000001,1.5200000000000002,13,222.4,0.09081,4.8,0.08874
vgg11,1.7650000000000001,1.7650000000000001,13,222.4,0.09081,4.8,0.08874
vgg11,1.7650000000000001,2.0100000000000002,13,222.4,0.09081,4.8,0.08874
vgg11,1.7650000000000001,2.255,13,222.4,0.09081,4.8,0.08874
vgg11,2.0100000000000002,0.05,13,222.4,0.09081,39.9,0.09054999999999999
vgg11,2.0100000000000002,0.29500000000000004,13,222.4,0.09081,39.9,0.09054999999999999
vgg11,2.0100000000000002,0.54,13,222.4,0.09081,16.7,0.09045
vgg11,2.0100000000000002,0.7850000000000001,13,222.4,0.09081,4.8,0.08874
vgg11,2.0100000000000002,1.03,13,222.4,0.09081,4.8,0.08874
vgg11,2.0100000000000002,1.2750000000000001,13,222.4,0.09081,4.8,0.08874
vgg11,2.0100000000000002,1.5200000000000002,13,222.4,0.09081,4.8,0.08874
vgg11,2.0100000000000002,1.7650000000000001,13,222.4,0.09081,4.8,0.08874
vgg11,2.0100000000000002,2.0100000000000002,13,222.4,0.09081,4.8,0.08874
vgg11,2.0100000000000002,2.255,13,222.4,0.09081,4.8,0.08874
vgg11,2.255,0.05,13,222.4,0.09081,39.9,0.09054999999999999
vgg11,2.255,0.29500000000000004,13,222.4,0.09081,39.9,0.09054999999999999
vgg11,2.255,0.54,13,222.4,0.09081,16.7,0.09045
vgg11,2.255,0.7850000000000001,13,222.4,0.09081,4.8,0.08874
vgg11,2.255,1.03,13,222.4,0.09081,4.8,0.08874
vgg11,2.255,1.2750000000000001,13,222.4,0.09081,4.8,0.08874
vgg11,2.255,1.5200000000000002,13,222.4,0.09081,4.8,0.08874
vgg11,2.255,1.7650000000000001,13,222.4,0.09081,4.8,0.08874
vgg11,2.255,2.0100000000000002,13,222.4,0.09081,4.8,0.08874
vgg11,2.255,2.255,13,222.4,0.09081,4.8,0.08874
vgg11,0.05,0.05,15,222.4,0.09081,39.9,0.09054999999999999
vgg11,0.05,0.29500000000000004,15,222.4,0.09081,39.9,0.09054999999999999
vgg11,0.05,0.54,15,222.4,0.09081,39.9,0.09054999999999999
vgg11,0.05,0.7850000000000001,15,222.4,0.09081,39.9,0.09054999999999999
vgg11,0.05,1.03,15,222.4,0.09081,39.9,0.09054999999999999
vgg11,0.05,1.2750000000000001,15,222.4,0.09081,39.9,0.09054999999999999
vgg11,0.05,1.5200000000000002,15,222.4,0.09081,39.9,0.09054999999999999
vgg11,0.05,1.7650000000000001,15,222.4,0.09081,39.9,0.09054999999999999
vgg11,0.05,2.0100000000000002,15,222.4,0.09081,39.9,0.09054999999999999
vgg11,0.05,2.255,15,222.4,0.09081,39.9,0.09054999999999999
vgg11,0.29500000000000004,0.05,15,222.4,0.09081,39.9,0.09054999999999999
vgg11,0.29500000000000004,0.29500000000000004,15,222.4,0.09081,39.9,0.09054999999999999
vgg11,0.29500000000000004,0.54,15,222.4,0.09081,39.9,0.09054999999999999
vgg11,0.29500000000000004,0.7850000000000001,15,222.4,0.09081,39.9,0.09054999999999999
vgg11,0.29500000000000004,1.03,15,222.4,0.09081,39.9,0.09054999999999999
vgg11,0.29500000000000004,1.2750000000000001,15,222.4,0.09081,39.9,0.09054999999999999
vgg11,0.29500000000000004,1.5200000000000002,15,222.4,0.09081,39.9,0.09054999999999999
vgg11,0.29500000000000004,1.7650000000000001,15,222.4,0.09081,39.9,0.09054999999999999
vgg11,0.29500000000000004,2.0100000000000002,15,222.4,0.09081,39.9,0.09054999999999999
vgg11,0.29500000000000004,2.255,15,222.4,0.09081,39.9,0.09054999999999999
vgg11,0.54,0.05,15,222.4,0.09081,39.9,0.09054999999999999
vgg11,0.54,0.29500000000000004,15,222.4,0.09081,39.9,0.09054999999999999
vgg11,0.54,0.54,15,222.4,0.09081,39.9,0.09054999999999999
vgg11,0.54,0.7850000000000001,15,222.4,0.09081,39.9,0.09054999999999999
vgg11,0.54,1.03,15,222.4,0.09081,39.9,0.09054999999999999
vgg11,0.54,1.2750000000000001,15,222.4,0.09081,39.9,0.09054999999999999
vgg11,0.54,1.5200000000000002,15,222.4,0.09081,39.9,0.09054999999999999
vgg11,0.54,1.7650000000000001,15,222.4,0.09081,39.9,0.09054999999999999
vgg11,0.54,2.0100000000000002,15,222.4,0.09081,39.9,0.09054999999999999
vgg11,0.54,2.255,15,222.4,0.09081,39.9,0.09054999999999999
vgg11,0.7850000000000001,0.05,15,222.4,0.09081,39.9,0.09054999999999999
vgg11,0.7850000000000001,0.29500000000000004,15,222.4,0.09081,39.9,0.09054999999999999
vgg11,0.7850000000000001,0.54,15,222.4,0.09081,39.9,0.09054999999999999
vgg11,0.7850000000000001,0.7850000000000001,15,222.4,0.09081,33.5,0.09081
vgg11,0.7850000000000001,1.03,15,222.4,0.09081,33.5,0.09081
vgg11,0.7850000000000001,1.2750000000000001,15,222.4,0.09081,28.2,0.09081
vgg11,0.7850000000000001,1.5200000000000002,15,222.4,0.09081,28.2,0.09081
vgg11,0.7850000000000001,1.7650000000000001,15,222.4,0.09081,28.2,0.09081
vgg11,0.7850000000000001,2.0100000000000002,15,222.4,0.09081,28.2,0.09081
vgg11,0.7850000000000001,2.255,15,222.4,0.09081,28.2,0.09081
vgg11,1.03,0.05,15,222.4,0.09081,39.9,0.09054999999999999
vgg11,1.03,0.29500000000000004,15,222.4,0.09081,39.9,0.09054999999999999
vgg11,1.03,0.54,15,222.4,0.09081,23.8,0.09070999999999999
vgg11,1.03,0.7850000000000001,15,222.4,0.09081,23.8,0.09070999999999999
vgg11,1.03,1.03,15,222.4,0.09081,9.9,0.08986
vgg11,1.03,1.2750000000000001,15,222.4,0.09081,9.9,0.08986
vgg11,1.03,1.5200000000000002,15,222.4,0.09081,9.9,0.08986
vgg11,1.03,1.7650000000000001,15,222.4,0.09081,9.9,0.08986
vgg11,1.03,2.0100000000000002,15,222.4,0.09081,9.9,0.08986
vgg11,1.03,2.255,15,222.4,0.09081,9.9,0.08986
vgg11,1.2750000000000001,0.05,15,222.4,0.09081,39.9,0.09054999999999999
vgg11,1.2750000000000001,0.29500000000000004,15,222.4,0.09081,39.9,0.09054999999999999
vgg11,1.2750000000000001,0.54,15,222.4,0.09081,16.1,0.09037999999999999
vgg11,1.2750000000000001,0.7850000000000001,15,222.4,0.09081,16.0,0.09037999999999999
vgg11,1.2750000000000001,1.03,15,222.4,0.09081,9.9,0.08986
vgg11,1.2750000000000001,1.2750000000000001,15,222.4,0.09081,9.9,0.08986
vgg11,1.2750000000000001,1.5200000000000002,15,222.4,0.09081,9.9,0.08986
vgg11,1.2750000000000001,1.7650000000000001,15,222.4,0.09081,9.9,0.08986
vgg11,1.2750000000000001,2.0100000000000002,15,222.4,0.09081,9.9,0.08986
vgg11,1.2750000000000001,2.255,15,222.4,0.09081,9.9,0.08986
vgg11,1.5200000000000002,0.05,15,222.4,0.09081,39.9,0.09054999999999999
vgg11,1.5200000000000002,0.29500000000000004,15,222.4,0.09081,24.6,0.09070999999999999
vgg11,1.5200000000000002,0.54,15,222.4,0.09081,5.0,0.08874
vgg11,1.5200000000000002,0.7850000000000001,15,222.4,0.09081,5.0,0.08874
vgg11,1.5200000000000002,1.03,15,222.4,0.09081,5.0,0.08874
vgg11,1.5200000000000002,1.2750000000000001,15,222.4,0.09081,5.0,0.08874
vgg11,1.5200000000000002,1.5200000000000002,15,222.4,0.09081,5.0,0.08874
vgg11,1.5200000000000002,1.7650000000000001,15,222.4,0.09081,5.0,0.08874
vgg11,1.5200000000000002,2.0100000000000002,15,222.4,0.09081,5.0,0.08874
vgg11,1.5200000000000002,2.255,15,222.4,0.09081,5.0,0.08874
vgg11,1.7650000000000001,0.05,15,222.4,0.09081,39.9,0.09054999999999999
vgg11,1.7650000000000001,0.29500000000000004,15,222.4,0.09081,24.6,0.09070999999999999
vgg11,1.7650000000000001,0.54,15,222.4,0.09081,5.0,0.08874
vgg11,1.7650000000000001,0.7850000000000001,15,222.4,0.09081,5.0,0.08874
vgg11,1.7650000000000001,1.03,15,222.4,0.09081,5.0,0.08874
vgg11,1.7650000000000001,1.2750000000000001,15,222.4,0.09081,5.0,0.08874
vgg11,1.7650000000000001,1.5200000000000002,15,222.4,0.09081,5.0,0.08874
vgg11,1.7650000000000001,1.7650000000000001,15,222.4,0.09081,5.0,0.08874
vgg11,1.7650000000000001,2.0100000000000002,15,222.4,0.09081,5.0,0.08874
vgg11,1.7650000000000001,2.255,15,222.4,0.09081,5.0,0.08874
vgg11,2.0100000000000002,0.05,15,222.4,0.09081,39.9,0.09054999999999999
vgg11,2.0100000000000002,0.29500000000000004,15,222.4,0.09081,24.6,0.09070999999999999
vgg11,2.0100000000000002,0.54,15,222.4,0.09081,5.0,0.08874
vgg11,2.0100000000000002,0.7850000000000001,15,222.4,0.09081,5.0,0.08874
vgg11,2.0100000000000002,1.03,15,222.4,0.09081,5.0,0.08874
vgg11,2.0100000000000002,1.2750000000000001,15,222.4,0.09081,5.0,0.08874
vgg11,2.0100000000000002,1.5200000000000002,15,222.4,0.09081,5.0,0.08874
vgg11,2.0100000000000002,1.7650000000000001,15,222.4,0.09081,5.0,0.08874
vgg11,2.0100000000000002,2.0100000000000002,15,222.4,0.09081,5.0,0.08874
vgg11,2.0100000000000002,2.255,15,222.4,0.09081,5.0,0.08874
vgg11,2.255,0.05,15,222.4,0.09081,39.9,0.09054999999999999
vgg11,2.255,0.29500000000000004,15,222.4,0.09081,24.6,0.09070999999999999
vgg11,2.255,0.54,15,222.4,0.09081,5.0,0.08874
vgg11,2.255,0.7850000000000001,15,222.4,0.09081,5.0,0.08874
vgg11,2.255,1.03,15,222.4,0.09081,5.0,0.08874
vgg11,2.255,1.2750000000000001,15,222.4,0.09081,5.0,0.08874
vgg11,2.255,1.5200000000000002,15,222.4,0.09081,5.0,0.08874
vgg11,2.255,1.7650000000000001,15,222.4,0.09081,5.0,0.08874
vgg11,2.255,2.0100000000000002,15,222.4,0.09081,5.0,0.08874
vgg11,2.255,2.255,15,222.4,0.09081,5.0,0.08874
vgg11,0.05,0.05,17,222.4,0.09081,39.9,0.09054999999999999
vgg11,0.05,0.29500000000000004,17,222.4,0.09081,39.9,0.09054999999999999
vgg11,0.05,0.54,17,222.4,0.09081,39.9,0.09054999999999999
vgg11,0.05,0.7850000000000001,17,222.4,0.09081,39.9,0.09054999999999999
vgg11,0.05,1.03,17,222.4,0.09081,39.9,0.09054999999999999
vgg11,0.05,1.2750000000000001,17,222.4,0.09081,39.9,0.09054999999999999
vgg11,0.05,1.5200000000000002,17,222.4,0.09081,39.9,0.09054999999999999
vgg11,0.05,1.7650000000000001,17,222.4,0.09081,39.9,0.09054999999999999
vgg11,0.05,2.0100000000000002,17,222.4,0.09081,39.9,0.09054999999999999
vgg11,0.05,2.255,17,222.4,0.09081,39.9,0.09054999999999999
vgg11,0.29500000000000004,0.05,17,222.4,0.09081,39.9,0.09054999999999999
vgg11,0.29500000000000004,0.29500000000000004,17,222.4,0.09081,39.9,0.09054999999999999
vgg11,0.29500000000000004,0.54,17,222.4,0.09081,39.9,0.09054999999999999
vgg11,0.29500000000000004,0.7850000000000001,17,222.4,0.09081,39.9,0.09054999999999999
vgg11,0.29500000000000004,1.03,17,222.4,0.09081,39.9,0.09054999999999999
vgg11,0.29500000000000004,1.2750000000000001,17,222.4,0.09081,39.9,0.09054999999999999
vgg11,0.29500000000000004,1.5200000000000002,17,222.4,0.09081,39.9,0.09054999999999999
vgg11,0.29500000000000004,1.7650000000000001,17,222.4,0.09081,39.9,0.09054999999999999
vgg11,0.29500000000000004,2.0100000000000002,17,222.4,0.09081,39.9,0.09054999999999999
vgg11,0.29500000000000004,2.255,17,222.4,0.09081,39.9,0.09054999999999999
vgg11,0.54,0.05,17,222.4,0.09081,39.9,0.09054999999999999
vgg11,0.54,0.29500000000000004,17,222.4,0.09081,39.9,0.09054999999999999
vgg11,0.54,0.54,17,222.4,0.09081,39.9,0.09054999999999999
vgg11,0.54,0.7850000000000001,17,222.4,0.09081,39.9,0.09054999999999999
vgg11,0.54,1.03,17,222.4,0.09081,39.9,0.09054999999999999
vgg11,0.54,1.2750000000000001,17,222.4,0.09081,39.9,0.09054999999999999
vgg11,0.54,1.5200000000000002,17,222.4,0.09081,39.9,0.09054999999999999
vgg11,0.54,1.7650000000000001,17,222.4,0.09081,39.9,0.09054999999999999
vgg11,0.54,2.0100000000000002,17,222.4,0.09081,39.9,0.09054999999999999
vgg11,0.54,2.255,17,222.4,0.09081,39.9,0.09054999999999999
vgg11,0.7850000000000001,0.05,17,222.4,0.09081,39.9,0.09054999999999999
vgg11,0.7850000000000001,0.29500000000000004,17,222.4,0.09081,39.9,0.09054999999999999
vgg11,0.7850000000000001,0.54,17,222.4,0.09081,39.9,0.09054999999999999
vgg11,0.7850000000000001,0.7850000000000001,17,222.4,0.09081,39.9,0.09054999999999999
vgg11,0.7850000000000001,1.03,17,222.4,0.09081,39.9,0.09054999999999999
vgg11,0.7850000000000001,1.2750000000000001,17,222.4,0.09081,18.9,0.0905
vgg11,0.7850000000000001,1.5200000000000002,17,222.4,0.09081,18.9,0.0905
vgg11,0.7850000000000001,1.7650000000000001,17,222.4,0.09081,18.9,0.0905
vgg11,0.7850000000000001,2.0100000000000002,17,222.4,0.09081,18.9,0.0905
vgg11,0.7850000000000001,2.255,17,222.4,0.09081,18.9,0.0905
vgg11,1.03,0.05,17,222.4,0.09081,39.9,0.09054999999999999
vgg11,1.03,0.29500000000000004,17,222.4,0.09081,39.9,0.09054999999999999
vgg11,1.03,0.54,17,222.4,0.09081,22.4,0.09070999999999999
vgg11,1.03,0.7850000000000001,17,222.4,0.09081,22.4,0.09070999999999999
vgg11,1.03,1.03,17,222.4,0.09081,10.1,0.08986
vgg11,1.03,1.2750000000000001,17,222.4,0.09081,10.1,0.08986
vgg11,1.03,1.5200000000000002,17,222.4,0.09081,10.1,0.08986
vgg11,1.03,1.7650000000000001,17,222.4,0.09081,10.1,0.08986
vgg11,1.03,2.0100000000000002,17,222.4,0.09081,10.1,0.08986
vgg11,1.03,2.255,17,222.4,0.09081,10.1,0.08986
vgg11,1.2750000000000001,0.05,17,222.4,0.09081,39.9,0.09054999999999999
vgg11,1.2750000000000001,0.29500000000000004,17,222.4,0.09081,39.9,0.09054999999999999
vgg11,1.2750000000000001,0.54,17,222.4,0.09081,16.3,0.09037999999999999
vgg11,1.2750000000000001,0.7850000000000001,17,222.4,0.09081,15.9,0.09037999999999999
vgg11,1.2750000000000001,1.03,17,222.4,0.09081,10.1,0.08986
vgg11,1.2750000000000001,1.2750000000000001,17,222.4,0.09081,10.1,0.08986
vgg11,1.2750000000000001,1.5200000000000002,17,222.4,0.09081,10.1,0.08986
vgg11,1.2750000000000001,1.7650000000000001,17,222.4,0.09081,10.1,0.08986
vgg11,1.2750000000000001,2.0100000000000002,17,222.4,0.09081,10.1,0.08986
vgg11,1.2750000000000001,2.255,17,222.4,0.09081,10.1,0.08986
vgg11,1.5200000000000002,0.05,17,222.4,0.09081,39.9,0.09054999999999999
vgg11,1.5200000000000002,0.29500000000000004,17,222.4,0.09081,39.9,0.09054999999999999
vgg11,1.5200000000000002,0.54,17,222.4,0.09081,16.3,0.09037999999999999
vgg11,1.5200000000000002,0.7850000000000001,17,222.4,0.09081,5.2,0.08874
vgg11,1.5200000000000002,1.03,17,222.4,0.09081,5.2,0.08874
vgg11,1.5200000000000002,1.2750000000000001,17,222.4,0.09081,5.2,0.08874
vgg11,1.5200000000000002,1.5200000000000002,17,222.4,0.09081,5.2,0.08874
vgg11,1.5200000000000002,1.7650000000000001,17,222.4,0.09081,5.2,0.08874
vgg11,1.5200000000000002,2.0100000000000002,17,222.4,0.09081,5.2,0.08874
vgg11,1.5200000000000002,2.255,17,222.4,0.09081,5.2,0.08874
vgg11,1.7650000000000001,0.05,17,222.4,0.09081,39.9,0.09054999999999999
vgg11,1.7650000000000001,0.29500000000000004,17,222.4,0.09081,39.9,0.09054999999999999
vgg11,1.7650000000000001,0.54,17,222.4,0.09081,16.3,0.09037999999999999
vgg11,1.7650000000000001,0.7850000000000001,17,222.4,0.09081,5.2,0.08874
vgg11,1.7650000000000001,1.03,17,222.4,0.09081,5.2,0.08874
vgg11,1.7650000000000001,1.2750000000000001,17,222.4,0.09081,5.2,0.08874
vgg11,1.7650000000000001,1.5200000000000002,17,222.4,0.09081,5.2,0.08874
vgg11,1.7650000000000001,1.7650000000000001,17,222.4,0.09081,5.2,0.08874
vgg11,1.7650000000000001,2.0100000000000002,17,222.4,0.09081,5.2,0.08874
vgg11,1.7650000000000001,2.255,17,222.4,0.09081,5.2,0.08874
vgg11,2.0100000000000002,0.05,17,222.4,0.09081,39.9,0.09054999999999999
vgg11,2.0100000000000002,0.29500000000000004,17,222.4,0.09081,39.9,0.09054999999999999
vgg11,2.0100000000000002,0.54,17,222.4,0.09081,16.3,0.09037999999999999
vgg11,2.0100000000000002,0.7850000000000001,17,222.4,0.09081,5.2,0.08874
vgg11,2.0100000000000002,1.03,17,222.4,0.09081,5.2,0.08874
vgg11,2.0100000000000002,1.2750000000000001,17,222.4,0.09081,5.2,0.08874
vgg11,2.0100000000000002,1.5200000000000002,17,222.4,0.09081,5.2,0.08874
vgg11,2.0100000000000002,1.7650000000000001,17,222.4,0.09081,5.2,0.08874
vgg11,2.0100000000000002,2.0100000000000002,17,222.4,0.09081,5.2,0.08874
vgg11,2.0100000000000002,2.255,17,222.4,0.09081,5.2,0.08874
vgg11,2.255,0.05,17,222.4,0.09081,39.9,0.09054999999999999
vgg11,2.255,0.29500000000000004,17,222.4,0.09081,39.9,0.09054999999999999
vgg11,2.255,0.54,17,222.4,0.09081,16.3,0.09037999999999999
vgg11,2.255,0.7850000000000001,17,222.4,0.09081,5.2,0.08874
vgg11,2.255,1.03,17,222.4,0.09081,5.2,0.08874
vgg11,2.255,1.2750000000000001,17,222.4,0.09081,5.2,0.08874
vgg11,2.255,1.5200000000000002,17,222.4,0.09081,5.2,0.08874
vgg11,2.255,1.7650000000000001,17,222.4,0.09081,5.2,0.08874
vgg11,2.255,2.0100000000000002,17,222.4,0.09081,5.2,0.08874
vgg11,2.255,2.255,17,222.4,0.09081,5.2,0.08874
vgg11,0.05,0.05,19,222.4,0.09081,39.9,0.09054999999999999
vgg11,0.05,0.29500000000000004,19,222.4,0.09081,39.9,0.09054999999999999
vgg11,0.05,0.54,19,222.4,0.09081,39.9,0.09054999999999999
vgg11,0.05,0.7850000000000001,19,222.4,0.09081,39.9,0.09054999999999999
vgg11,0.05,1.03,19,222.4,0.09081,39.9,0.09054999999999999
vgg11,0.05,1.2750000000000001,19,222.4,0.09081,39.9,0.09054999999999999
vgg11,0.05,1.5200000000000002,19,222.4,0.09081,39.9,0.09054999999999999
vgg11,0.05,1.7650000000000001,19,222.4,0.09081,39.9,0.09054999999999999
vgg11,0.05,2.0100000000000002,19,222.4,0.09081,39.9,0.09054999999999999
vgg11,0.05,2.255,19,222.4,0.09081,39.9,0.09054999999999999
vgg11,0.29500000000000004,0.05,19,222.4,0.09081,39.9,0.09054999999999999
vgg11,0.29500000000000004,0.29500000000000004,19,222.4,0.09081,39.9,0.09054999999999999
vgg11,0.29500000000000004,0.54,19,222.4,0.09081,39.9,0.09054999999999999
vgg11,0.29500000000000004,0.7850000000000001,19,222.4,0.09081,39.9,0.09054999999999999
vgg11,0.29500000000000004,1.03,19,222.4,0.09081,39.9,0.09054999999999999
vgg11,0.29500000000000004,1.2750000000000001,19,222.4,0.09081,39.9,0.09054999999999999
vgg11,0.29500000000000004,1.5200000000000002,19,222.4,0.09081,39.9,0.09054999999999999
vgg11,0.29500000000000004,1.7650000000000001,19,222.4,0.09081,39.9,0.09054999999999999
vgg11,0.29500000000000004,2.0100000000000002,19,222.4,0.09081,39.9,0.09054999999999999
vgg11,0.29500000000000004,2.255,19,222.4,0.09081,39.9,0.09054999999999999
vgg11,0.54,0.05,19,222.4,0.09081,39.9,0.09054999999999999
vgg11,0.54,0.29500000000000004,19,222.4,0.09081,39.9,0.09054999999999999
vgg11,0.54,0.54,19,222.4,0.09081,39.9,0.09054999999999999
vgg11,0.54,0.7850000000000001,19,222.4,0.09081,39.9,0.09054999999999999
vgg11,0.54,1.03,19,222.4,0.09081,39.9,0.09054999999999999
vgg11,0.54,1.2750000000000001,19,222.4,0.09081,39.9,0.09054999999999999
vgg11,0.54,1.5200000000000002,19,222.4,0.09081,39.9,0.09054999999999999
vgg11,0.54,1.7650000000000001,19,222.4,0.09081,39.9,0.09054999999999999
vgg11,0.54,2.0100000000000002,19,222.4,0.09081,39.9,0.09054999999999999
vgg11,0.54,2.255,19,222.4,0.09081,39.9,0.09054999999999999
vgg11,0.7850000000000001,0.05,19,222.4,0.09081,39.9,0.09054999999999999
vgg11,0.7850000000000001,0.29500000000000004,19,222.4,0.09081,39.9,0.09054999999999999
vgg11,0.7850000000000001,0.54,19,222.4,0.09081,39.9,0.09054999999999999
vgg11,0.7850000000000001,0.7850000000000001,19,222.4,0.09081,20.2,0.0905
vgg11,0.7850000000000001,1.03,19,222.4,0.09081,19.8,0.0905
vgg11,0.7850000000000001,1.2750000000000001,19,222.4,0.09081,19.8,0.0905
vgg11,0.7850000000000001,1.5200000000000002,19,222.4,0.09081,19.8,0.0905
vgg11,0.7850000000000001,1.7650000000000001,19,222.4,0.09081,19.8,0.0905
vgg11,0.7850000000000001,2.0100000000000002,19,222.4,0.09081,19.8,0.0905
vgg11,0.7850000000000001,2.255,19,222.4,0.09081,19.8,0.0905
vgg11,1.03,0.05,19,222.4,0.09081,39.9,0.09054999999999999
vgg11,1.03,0.29500000000000004,19,222.4,0.09081,21.9,0.09070999999999999
vgg11,1.03,0.54,19,222.4,0.09081,21.5,0.09070999999999999
vgg11,1.03,0.7850000000000001,19,222.4,0.09081,20.2,0.0905
vgg11,1.03,1.03,19,222.4,0.09081,19.8,0.0905
vgg11,1.03,1.2750000000000001,19,222.4,0.09081,19.8,0.0905
vgg11,1.03,1.5200000000000002,19,222.4,0.09081,19.8,0.0905
vgg11,1.03,1.7650000000000001,19,222.4,0.09081,19.8,0.0905
vgg11,1.03,2.0100000000000002,19,222.4,0.09081,19.8,0.0905
vgg11,1.03,2.255,19,222.4,0.09081,19.8,0.0905
vgg11,1.2750000000000001,0.05,19,222.4,0.09081,39.9,0.09054999999999999
vgg11,1.2750000000000001,0.29500000000000004,19,222.4,0.09081,21.9,0.09070999999999999
vgg11,1.2750000000000001,0.54,19,222.4,0.09081,16.3,0.09037999999999999
vgg11,1.2750000000000001,0.7850000000000001,19,222.4,0.09081,16.1,0.09037999999999999
vgg11,1.2750000000000001,1.03,19,222.4,0.09081,16.1,0.09037999999999999
vgg11,1.2750000000000001,1.2750000000000001,19,222.4,0.09081,16.0,0.09037999999999999
vgg11,1.2750000000000001,1.5200000000000002,19,222.4,0.09081,16.0,0.09037999999999999
vgg11,1.2750000000000001,1.7650000000000001,19,222.4,0.09081,16.0,0.09037999999999999
vgg11,1.2750000000000001,2.0100000000000002,19,222.4,0.09081,16.0,0.09037999999999999
vgg11,1.2750000000000001,2.255,19,222.4,0.09081,16.0,0.09037999999999999
vgg11,1.5200000000000002,0.05,19,222.4,0.09081,39.9,0.09054999999999999
vgg11,1.5200000000000002,0.29500000000000004,19,222.4,0.09081,21.9,0.09070999999999999
vgg11,1.5200000000000002,0.54,19,222.4,0.09081,5.4,0.08881
vgg11,1.5200000000000002,0.7850000000000001,19,222.4,0.09081,5.4,0.08881
vgg11,1.5200000000000002,1.03,19,222.4,0.09081,5.4,0.08881
vgg11,1.5200000000000002,1.2750000000000001,19,222.4,0.09081,5.4,0.08881
vgg11,1.5200000000000002,1.5200000000000002,19,222.4,0.09081,5.4,0.08881
vgg11,1.5200000000000002,1.7650000000000001,19,222.4,0.09081,5.4,0.08881
vgg11,1.5200000000000002,2.0100000000000002,19,222.4,0.09081,5.4,0.08881
vgg11,1.5200000000000002,2.255,19,222.4,0.09081,5.4,0.08881
vgg11,1.7650000000000001,0.05,19,222.4,0.09081,39.9,0.09054999999999999
vgg11,1.7650000000000001,0.29500000000000004,19,222.4,0.09081,21.9,0.09070999999999999
vgg11,1.7650000000000001,0.54,19,222.4,0.09081,5.4,0.08881
vgg11,1.7650000000000001,0.7850000000000001,19,222.4,0.09081,5.4,0.08881
vgg11,1.7650000000000001,1.03,19,222.4,0.09081,5.4,0.08881
vgg11,1.7650000000000001,1.2750000000000001,19,222.4,0.09081,5.4,0.08881
vgg11,1.7650000000000001,1.5200000000000002,19,222.4,0.09081,5.4,0.08881
vgg11,1.7650000000000001,1.7650000000000001,19,222.4,0.09081,5.4,0.08881
vgg11,1.7650000000000001,2.0100000000000002,19,222.4,0.09081,5.4,0.08881
vgg11,1.7650000000000001,2.255,19,222.4,0.09081,5.4,0.08881
vgg11,2.0100000000000002,0.05,19,222.4,0.09081,39.9,0.09054999999999999
vgg11,2.0100000000000002,0.29500000000000004,19,222.4,0.09081,21.9,0.09070999999999999
vgg11,2.0100000000000002,0.54,19,222.4,0.09081,5.4,0.08881
vgg11,2.0100000000000002,0.7850000000000001,19,222.4,0.09081,5.4,0.08881
vgg11,2.0100000000000002,1.03,19,222.4,0.09081,5.4,0.08881
vgg11,2.0100000000000002,1.2750000000000001,19,222.4,0.09081,5.4,0.08881
vgg11,2.0100000000000002,1.5200000000000002,19,222.4,0.09081,5.4,0.08881
vgg11,2.0100000000000002,1.7650000000000001,19,222.4,0.09081,5.4,0.08881
vgg11,2.0100000000000002,2.0100000000000002,19,222.4,0.09081,5.4,0.08881
vgg11,2.0100000000000002,2.255,19,222.4,0.09081,5.4,0.08881
vgg11,2.255,0.05,19,222.4,0.09081,39.9,0.09054999999999999
vgg11,2.255,0.29500000000000004,19,222.4,0.09081,21.9,0.09070999999999999
vgg11,2.255,0.54,19,222.4,0.09081,5.4,0.08881
vgg11,2.255,0.7850000000000001,19,222.4,0.09081,5.4,0.08881
vgg11,2.255,1.03,19,222.4,0.09081,5.4,0.08881
vgg11,2.255,1.2750000000000001,19,222.4,0.09081,5.4,0.08881
vgg11,2.255,1.5200000000000002,19,222.4,0.09081,5.4,0.08881
vgg11,2.255,1.7650000000000001,19,222.4,0.09081,5.4,0.08881
vgg11,2.255,2.0100000000000002,19,222.4,0.09081,5.4,0.08881
vgg11,2.255,2.255,19,222.4,0.09081,5.4,0.08881
