fc2,0.05,0.05,5,133.0,0.03881,39.9,0.038549999999999994
fc2,0.05,0.29500000000000004,5,133.0,0.03881,39.9,0.038549999999999994
fc2,0.05,0.54,5,133.0,0.03881,39.9,0.038549999999999994
fc2,0.05,0.7850000000000001,5,133.0,0.03881,39.9,0.038549999999999994
fc2,0.05,1.03,5,133.0,0.03881,39.9,0.038549999999999994
fc2,0.05,1.2750000000000001,5,133.0,0.03881,39.9,0.038549999999999994
fc2,0.05,1.5200000000000002,5,133.0,0.03881,39.9,0.038549999999999994
fc2,0.05,1.7650000000000001,5,133.0,0.03881,39.9,0.038549999999999994
fc2,0.05,2.0100000000000002,5,133.0,0.03881,39.9,0.038549999999999994
fc2,0.05,2.255,5,133.0,0.03881,39.9,0.038549999999999994
fc2,0.29500000000000004,0.05,5,133.0,0.03881,39.9,0.038549999999999994
fc2,0.29500000000000004,0.29500000000000004,5,133.0,0.03881,39.9,0.038549999999999994
fc2,0.29500000000000004,0.54,5,133.0,0.03881,39.9,0.038549999999999994
fc2,0.29500000000000004,0.7850000000000001,5,133.0,0.03881,39.9,0.038549999999999994
fc2,0.29500000000000004,1.03,5,133.0,0.03881,39.9,0.038549999999999994
fc2,0.29500000000000004,1.2750000000000001,5,133.0,0.03881,39.9,0.038549999999999994
fc2,0.29500000000000004,1.5200000000000002,5,133.0,0.03881,39.9,0.038549999999999994
fc2,0.29500000000000004,1.7650000000000001,5,133.0,0.03881,39.9,0.038549999999999994
fc2,0.29500000000000004,2.0100000000000002,5,133.0,0.03881,39.9,0.038549999999999994
fc2,0.29500000000000004,2.255,5,133.0,0.03881,39.9,0.038549999999999994
fc2,0.54,0.05,5,133.0,0.03881,39.9,0.038549999999999994
fc2,0.54,0.29500000000000004,5,133.0,0.03881,39.9,0.038549999999999994
fc2,0.54,0.54,5,133.0,0.03881,39.9,0.038549999999999994
fc2,0.54,0.7850000000000001,5,133.0,0.03881,39.9,0.038549999999999994
fc2,0.54,1.03,5,133.0,0.03881,39.9,0.038549999999999994
fc2,0.54,1.2750000000000001,5,133.0,0.03881,39.9,0.038549999999999994
fc2,0.54,1.5200000000000002,5,133.0,0.03881,39.9,0.038549999999999994
fc2,0.54,1.7650000000000001,5,133.0,0.03881,39.9,0.038549999999999994
fc2,0.54,2.0100000000000002,5,133.0,0.03881,39.9,0.038549999999999994
fc2,0.54,2.255,5,133.0,0.03881,39.9,0.038549999999999994
fc2,0.7850000000000001,0.05,5,133.0,0.03881,39.9,0.038549999999999994
fc2,0.7850000000000001,0.29500000000000004,5,133.0,0.03881,39.9,0.038549999999999994
fc2,0.7850000000000001,0.54,5,133.0,0.03881,39.9,0.038549999999999994
fc2,0.7850000000000001,0.7850000000000001,5,133.0,0.03881,39.9,0.038549999999999994
fc2,0.7850000000000001,1.03,5,133.0,0.03881,39.9,0.038549999999999994
fc2,0.7850000000000001,1.2750000000000001,5,133.0,0.03881,39.9,0.038549999999999994
fc2,0.7850000000000001,1.5200000000000002,5,133.0,0.03881,39.9,0.038549999999999994
fc2,0.7850000000000001,1.7650000000000001,5,133.0,0.03881,39.9,0.038549999999999994
fc2,0.7850000000000001,2.0100000000000002,5,133.0,0.03881,39.9,0.038549999999999994
fc2,0.7850000000000001,2.255,5,133.0,0.03881,39.9,0.038549999999999994
fc2,1.03,0.05,5,133.0,0.03881,39.9,0.038549999999999994
fc2,1.03,0.29500000000000004,5,133.0,0.03881,39.9,0.038549999999999994
fc2,1.03,0.54,5,133.0,0.03881,39.9,0.038549999999999994
fc2,1.03,0.7850000000000001,5,133.0,0.03881,39.9,0.038549999999999994
fc2,1.03,1.03,5,133.0,0.03881,39.9,0.038549999999999994
fc2,1.03,1.2750000000000001,5,133.0,0.03881,39.9,0.038549999999999994
fc2,1.03,1.5200000000000002,5,133.0,0.03881,39.9,0.038549999999999994
fc2,1.03,1.7650000000000001,5,133.0,0.03881,39.9,0.038549999999999994
fc2,1.03,2.0100000000000002,5,133.0,0.03881,39.9,0.038549999999999994
fc2,1.03,2.255,5,133.0,0.03881,39.9,0.038549999999999994
fc2,1.2750000000000001,0.05,5,133.0,0.03881,39.9,0.038549999999999994
fc2,1.2750000000000001,0.29500000000000004,5,133.0,0.03881,39.9,0.038549999999999994
fc2,1.2750000000000001,0.54,5,133.0,0.03881,39.9,0.038549999999999994
fc2,1.2750000000000001,0.7850000000000001,5,133.0,0.03881,39.9,0.038549999999999994
fc2,1.2750000000000001,1.03,5,133.0,0.03881,39.9,0.038549999999999994
fc2,1.2750000000000001,1.2750000000000001,5,133.0,0.03881,23.4,0.038919999999999996
fc2,1.2750000000000001,1.5200000000000002,5,133.0,0.03881,23.4,0.038919999999999996
fc2,1.2750000000000001,1.7650000000000001,5,133.0,0.03881,23.4,0.038919999999999996
fc2,1.2750000000000001,2.0100000000000002,5,133.0,0.03881,23.4,0.038919999999999996
fc2,1.2750000000000001,2.255,5,133.0,0.03881,23.4,0.038919999999999996
fc2,1.5200000000000002,0.05,5,133.0,0.03881,39.9,0.038549999999999994
fc2,1.5200000000000002,0.29500000000000004,5,133.0,0.03881,39.9,0.038549999999999994
fc2,1.5200000000000002,0.54,5,133.0,0.03881,39.9,0.038549999999999994
fc2,1.5200000000000002,0.7850000000000001,5,133.0,0.03881,39.9,0.038549999999999994
fc2,1.5200000000000002,1.03,5,133.0,0.03881,24.1,0.038919999999999996
fc2,1.5200000000000002,1.2750000000000001,5,133.0,0.03881,16.4,0.038919999999999996
fc2,1.5200000000000002,1.5200000000000002,5,133.0,0.03881,14.7,0.038919999999999996
fc2,1.5200000000000002,1.7650000000000001,5,133.0,0.03881,14.7,0.038919999999999996
fc2,1.5200000000000002,2.0100000000000002,5,133.0,0.03881,14.7,0.038919999999999996
fc2,1.5200000000000002,2.255,5,133.0,0.03881,14.7,0.038919999999999996
fc2,1.7650000000000001,0.05,5,133.0,0.03881,39.9,0.038549999999999994
fc2,1.7650000000000001,0.29500000000000004,5,133.0,0.03881,39.9,0.038549999999999994
fc2,1.7650000000000001,0.54,5,133.0,0.03881,39.9,0.038549999999999994
fc2,1.7650000000000001,0.7850000000000001,5,133.0,0.03881,6.9,0.03881
fc2,1.7650000000000001,1.03,5,133.0,0.03881,4.2,0.03814
fc2,1.7650000000000001,1.2750000000000001,5,133.0,0.03881,3.2,0.03799
fc2,1.7650000000000001,1.5200000000000002,5,133.0,0.03881,2.6,0.03799
fc2,1.7650000000000001,1.7650000000000001,5,133.0,0.03881,2.6,0.03799
fc2,1.7650000000000001,2.0100000000000002,5,133.0,0.03881,2.6,0.03799
fc2,1.7650000000000001,2.255,5,133.0,0.03881,2.6,0.03799
fc2,2.0100000000000002,0.05,5,133.0,0.03881,39.9,0.038549999999999994
fc2,2.0100000000000002,0.29500000000000004,5,133.0,0.03881,39.9,0.038549999999999994
fc2,2.0100000000000002,0.54,5,133.0,0.03881,39.9,0.038549999999999994
fc2,2.0100000000000002,0.7850000000000001,5,133.0,0.03881,6.9,0.03881
fc2,2.0100000000000002,1.03,5,133.0,0.03881,4.2,0.03814
fc2,2.0100000000000002,1.2750000000000001,5,133.0,0.03881,3.2,0.03799
fc2,2.0100000000000002,1.5200000000000002,5,133.0,0.03881,2.6,0.03799
fc2,2.0100000000000002,1.7650000000000001,5,133.0,0.03881,2.6,0.03799
fc2,2.0100000000000002,2.0100000000000002,5,133.0,0.03881,2.6,0.03799
fc2,2.0100000000000002,2.255,5,133.0,0.03881,2.6,0.03799
fc2,2.255,0.05,5,133.0,0.03881,39.9,0.038549999999999994
fc2,2.255,0.29500000000000004,5,133.0,0.03881,39.9,0.038549999999999994
fc2,2.255,0.54,5,133.0,0.03881,39.9,0.038549999999999994
fc2,2.255,0.7850000000000001,5,133.0,0.03881,6.9,0.03881
fc2,2.255,1.03,5,133.0,0.03881,4.2,0.03814
fc2,2.255,1.2750000000000001,5,133.0,0.03881,3.2,0.03799
fc2,2.255,1.5200000000000002,5,133.0,0.03881,2.6,0.03799
fc2,2.255,1.7650000000000001,5,133.0,0.03881,2.6,0.03799
fc2,2.255,2.0100000000000002,5,133.0,0.03881,2.6,0.03799
fc2,2.255,2.255,5,133.0,0.03881,2.6,0.03799
fc2,0.05,0.05,7,133.0,0.03881,39.9,0.038549999999999994
fc2,0.05,0.29500000000000004,7,133.0,0.03881,39.9,0.038549999999999994
fc2,0.05,0.54,7,133.0,0.03881,39.9,0.038549999999999994
fc2,0.05,0.7850000000000001,7,133.0,0.03881,39.9,0.038549999999999994
fc2,0.05,1.03,7,133.0,0.03881,39.9,0.038549999999999994
fc2,0.05,1.2750000000000001,7,133.0,0.03881,39.9,0.038549999999999994
fc2,0.05,1.5200000000000002,7,133.0,0.03881,39.9,0.038549999999999994
fc2,0.05,1.7650000000000001,7,133.0,0.03881,39.9,0.038549999999999994
fc2,0.05,2.0100000000000002,7,133.0,0.03881,39.9,0.038549999999999994
fc2,0.05,2.255,7,133.0,0.03881,39.9,0.038549999999999994
fc2,0.29500000000000004,0.05,7,133.0,0.03881,39.9,0.038549999999999994
fc2,0.29500000000000004,0.29500000000000004,7,133.0,0.03881,39.9,0.038549999999999994
fc2,0.29500000000000004,0.54,7,133.0,0.03881,39.9,0.038549999999999994
fc2,0.29500000000000004,0.7850000000000001,7,133.0,0.03881,39.9,0.038549999999999994
fc2,0.29500000000000004,1.03,7,133.0,0.03881,39.9,0.038549999999999994
fc2,0.29500000000000004,1.2750000000000001,7,133.0,0.03881,39.9,0.038549999999999994
fc2,0.29500000000000004,1.5200000000000002,7,133.0,0.03881,39.9,0.038549999999999994
fc2,0.29500000000000004,1.7650000000000001,7,133.0,0.03881,39.9,0.038549999999999994
fc2,0.29500000000000004,2.0100000000000002,7,133.0,0.03881,39.9,0.038549999999999994
fc2,0.29500000000000004,2.255,7,133.0,0.03881,39.9,0.038549999999999994
fc2,0.54,0.05,7,133.0,0.03881,39.9,0.038549999999999994
fc2,0.54,0.29500000000000004,7,133.0,0.03881,39.9,0.038549999999999994
fc2,0.54,0.54,7,133.0,0.03881,39.9,0.038549999999999994
fc2,0.54,0.7850000000000001,7,133.0,0.03881,39.9,0.038549999999999994
fc2,0.54,1.03,7,133.0,0.03881,39.9,0.038549999999999994
fc2,0.54,1.2750000000000001,7,133.0,0.03881,39.9,0.038549999999999994
fc2,0.54,1.5200000000000002,7,133.0,0.03881,39.9,0.038549999999999994
fc2,0.54,1.7650000000000001,7,133.0,0.03881,39.9,0.038549999999999994
fc2,0.54,2.0100000000000002,7,133.0,0.03881,39.9,0.038549999999999994
fc2,0.54,2.255,7,133.0,0.03881,39.9,0.038549999999999994
fc2,0.7850000000000001,0.05,7,133.0,0.03881,39.9,0.038549999999999994
fc2,0.7850000000000001,0.29500000000000004,7,133.0,0.03881,39.9,0.038549999999999994
fc2,0.7850000000000001,0.54,7,133.0,0.03881,39.9,0.038549999999999994
fc2,0.7850000000000001,0.7850000000000001,7,133.0,0.03881,39.9,0.038549999999999994
fc2,0.7850000000000001,1.03,7,133.0,0.03881,39.9,0.038549999999999994
fc2,0.7850000000000001,1.2750000000000001,7,133.0,0.03881,39.9,0.038549999999999994
fc2,0.7850000000000001,1.5200000000000002,7,133.0,0.03881,39.9,0.038549999999999994
fc2,0.7850000000000001,1.7650000000000001,7,133.0,0.03881,39.9,0.038549999999999994
fc2,0.7850000000000001,2.0100000000000002,7,133.0,0.03881,39.9,0.038549999999999994
fc2,0.7850000000000001,2.255,7,133.0,0.03881,39.9,0.038549999999999994
fc2,1.03,0.05,7,133.0,0.03881,39.9,0.038549999999999994
fc2,1.03,0.29500000000000004,7,133.0,0.03881,39.9,0.038549999999999994
fc2,1.03,0.54,7,133.0,0.03881,39.9,0.038549999999999994
fc2,1.03,0.7850000000000001,7,133.0,0.03881,39.9,0.038549999999999994
fc2,1.03,1.03,7,133.0,0.03881,39.9,0.038549999999999994
fc2,1.03,1.2750000000000001,7,133.0,0.03881,39.9,0.038549999999999994
fc2,1.03,1.5200000000000002,7,133.0,0.03881,39.9,0.038549999999999994
fc2,1.03,1.7650000000000001,7,133.0,0.03881,39.9,0.038549999999999994
fc2,1.03,2.0100000000000002,7,133.0,0.03881,39.9,0.038549999999999994
fc2,1.03,2.255,7,133.0,0.03881,39.9,0.038549999999999994
fc2,1.2750000000000001,0.05,7,133.0,0.03881,39.9,0.038549999999999994
fc2,1.2750000000000001,0.29500000000000004,7,133.0,0.03881,39.9,0.038549999999999994
fc2,1.2750000000000001,0.54,7,133.0,0.03881,39.9,0.038549999999999994
fc2,1.2750000000000001,0.7850000000000001,7,133.0,0.03881,33.2,0.038990000000000004
fc2,1.2750000000000001,1.03,7,133.0,0.03881,33.1,0.038990000000000004
fc2,1.2750000000000001,1.2750000000000001,7,133.0,0.03881,20.3,0.038919999999999996
fc2,1.2750000000000001,1.5200000000000002,7,133.0,0.03881,19.2,0.038919999999999996
fc2,1.2750000000000001,1.7650000000000001,7,133.0,0.03881,19.2,0.038919999999999996
fc2,1.2750000000000001,2.0100000000000002,7,133.0,0.03881,19.2,0.038919999999999996
fc2,1.2750000000000001,2.255,7,133.0,0.03881,19.2,0.038919999999999996
fc2,1.5200000000000002,0.05,7,133.0,0.03881,39.9,0.038549999999999994
fc2,1.5200000000000002,0.29500000000000004,7,133.0,0.03881,39.9,0.038549999999999994
fc2,1.5200000000000002,0.54,7,133.0,0.03881,17.7,0.038919999999999996
fc2,1.5200000000000002,0.7850000000000001,7,133.0,0.03881,17.7,0.038919999999999996
fc2,1.5200000000000002,1.03,7,133.0,0.03881,6.6,0.03881
fc2,1.5200000000000002,1.2750000000000001,7,133.0,0.03881,6.6,0.03881
fc2,1.5200000000000002,1.5200000000000002,7,133.0,0.03881,6.5,0.03881
fc2,1.5200000000000002,1.7650000000000001,7,133.0,0.03881,6.4,0.03881
fc2,1.5200000000000002,2.0100000000000002,7,133.0,0.03881,6.4,0.03881
fc2,1.5200000000000002,2.255,7,133.0,0.03881,6.4,0.03881
fc2,1.7650000000000001,0.05,7,133.0,0.03881,39.9,0.038549999999999994
fc2,1.7650000000000001,0.29500000000000004,7,133.0,0.03881,39.9,0.038549999999999994
fc2,1.7650000000000001,0.54,7,133.0,0.03881,17.7,0.038919999999999996
fc2,1.7650000000000001,0.7850000000000001,7,133.0,0.03881,17.7,0.038919999999999996
fc2,1.7650000000000001,1.03,7,133.0,0.03881,3.5,0.03814
fc2,1.7650000000000001,1.2750000000000001,7,133.0,0.03881,3.4,0.03799
fc2,1.7650000000000001,1.5200000000000002,7,133.0,0.03881,2.8,0.03799
fc2,1.7650000000000001,1.7650000000000001,7,133.0,0.03881,2.8,0.03799
fc2,1.7650000000000001,2.0100000000000002,7,133.0,0.03881,2.8,0.03799
fc2,1.7650000000000001,2.255,7,133.0,0.03881,2.8,0.03799
fc2,2.0100000000000002,0.05,7,133.0,0.03881,39.9,0.038549999999999994
fc2,2.0100000000000002,0.29500000000000004,7,133.0,0.03881,39.9,0.038549999999999994
fc2,2.0100000000000002,0.54,7,133.0,0.03881,17.7,0.038919999999999996
fc2,2.0100000000000002,0.7850000000000001,7,133.0,0.03881,17.7,0.038919999999999996
fc2,2.0100000000000002,1.03,7,133.0,0.03881,3.5,0.03814
fc2,2.0100000000000002,1.2750000000000001,7,133.0,0.03881,3.4,0.03799
fc2,2.0100000000000002,1.5200000000000002,7,133.0,0.03881,2.8,0.03799
fc2,2.0100000000000002,1.7650000000000001,7,133.0,0.03881,2.8,0.03799
fc2,2.0100000000000002,2.0100000000000002,7,133.0,0.03881,2.8,0.03799
fc2,2.0100000000000002,2.255,7,133.0,0.03881,2.8,0.03799
fc2,2.255,0.05,7,133.0,0.03881,39.9,0.038549999999999994
fc2,2.255,0.29500000000000004,7,133.0,0.03881,39.9,0.038549999999999994
fc2,2.255,0.54,7,133.0,0.03881,17.7,0.038919999999999996
fc2,2.255,0.7850000000000001,7,133.0,0.03881,17.7,0.038919999999999996
fc2,2.255,1.03,7,133.0,0.03881,3.5,0.03814
fc2,2.255,1.2750000000000001,7,133.0,0.03881,3.4,0.03799
fc2,2.255,1.5200000000000002,7,133.0,0.03881,2.8,0.03799
fc2,2.255,1.7650000000000001,7,133.0,0.03881,2.8,0.03799
fc2,2.255,2.0100000000000002,7,133.0,0.03881,2.8,0.03799
fc2,2.255,2.255,7,133.0,0.03881,2.8,0.03799
fc2,0.05,0.05,9,133.0,0.03881,39.9,0.038549999999999994
fc2,0.05,0.29500000000000004,9,133.0,0.03881,39.9,0.038549999999999994
fc2,0.05,0.54,9,133.0,0.03881,39.9,0.038549999999999994
fc2,0.05,0.7850000000000001,9,133.0,0.03881,39.9,0.038549999999999994
fc2,0.05,1.03,9,133.0,0.03881,39.9,0.038549999999999994
fc2,0.05,1.2750000000000001,9,133.0,0.03881,39.9,0.038549999999999994
fc2,0.05,1.5200000000000002,9,133.0,0.03881,39.9,0.038549999999999994
fc2,0.05,1.7650000000000001,9,133.0,0.03881,39.9,0.038549999999999994
fc2,0.05,2.0100000000000002,9,133.0,0.03881,39.9,0.038549999999999994
fc2,0.05,2.255,9,133.0,0.03881,39.9,0.038549999999999994
fc2,0.29500000000000004,0.05,9,133.0,0.03881,39.9,0.038549999999999994
fc2,0.29500000000000004,0.29500000000000004,9,133.0,0.03881,39.9,0.038549999999999994
fc2,0.29500000000000004,0.54,9,133.0,0.03881,39.9,0.038549999999999994
fc2,0.29500000000000004,0.7850000000000001,9,133.0,0.03881,39.9,0.038549999999999994
fc2,0.29500000000000004,1.03,9,133.0,0.03881,39.9,0.038549999999999994
fc2,0.29500000000000004,1.2750000000000001,9,133.0,0.03881,39.9,0.038549999999999994
fc2,0.29500000000000004,1.5200000000000002,9,133.0,0.03881,39.9,0.038549999999999994
fc2,0.29500000000000004,1.7650000000000001,9,133.0,0.03881,39.9,0.038549999999999994
fc2,0.29500000000000004,2.0100000000000002,9,133.0,0.03881,39.9,0.038549999999999994
fc2,0.29500000000000004,2.255,9,133.0,0.03881,39.9,0.038549999999999994
fc2,0.54,0.05,9,133.0,0.03881,39.9,0.038549999999999994
fc2,0.54,0.29500000000000004,9,133.0,0.03881,39.9,0.038549999999999994
fc2,0.54,0.54,9,133.0,0.03881,39.9,0.038549999999999994
fc2,0.54,0.7850000000000001,9,133.0,0.03881,39.9,0.038549999999999994
fc2,0.54,1.03,9,133.0,0.03881,39.9,0.038549999999999994
fc2,0.54,1.2750000000000001,9,133.0,0.03881,39.9,0.038549999999999994
fc2,0.54,1.5200000000000002,9,133.0,0.03881,39.9,0.038549999999999994
fc2,0.54,1.7650000000000001,9,133.0,0.03881,39.9,0.038549999999999994
fc2,0.54,2.0100000000000002,9,133.0,0.03881,39.9,0.038549999999999994
fc2,0.54,2.255,9,133.0,0.03881,39.9,0.038549999999999994
fc2,0.7850000000000001,0.05,9,133.0,0.03881,39.9,0.038549999999999994
fc2,0.7850000000000001,0.29500000000000004,9,133.0,0.03881,39.9,0.038549999999999994
fc2,0.7850000000000001,0.54,9,133.0,0.03881,39.9,0.038549999999999994
fc2,0.7850000000000001,0.7850000000000001,9,133.0,0.03881,39.9,0.038549999999999994
fc2,0.7850000000000001,1.03,9,133.0,0.03881,39.9,0.038549999999999994
fc2,0.7850000000000001,1.2750000000000001,9,133.0,0.03881,39.9,0.038549999999999994
fc2,0.7850000000000001,1.5200000000000002,9,133.0,0.03881,39.9,0.038549999999999994
fc2,0.7850000000000001,1.7650000000000001,9,133.0,0.03881,39.9,0.038549999999999994
fc2,0.7850000000000001,2.0100000000000002,9,133.0,0.03881,39.9,0.038549999999999994
fc2,0.7850000000000001,2.255,9,133.0,0.03881,39.9,0.038549999999999994
fc2,1.03,0.05,9,133.0,0.03881,39.9,0.038549999999999994
fc2,1.03,0.29500000000000004,9,133.0,0.03881,39.9,0.038549999999999994
fc2,1.03,0.54,9,133.0,0.03881,39.9,0.038549999999999994
fc2,1.03,0.7850000000000001,9,133.0,0.03881,39.9,0.038549999999999994
fc2,1.03,1.03,9,133.0,0.03881,39.9,0.038549999999999994
fc2,1.03,1.2750000000000001,9,133.0,0.03881,19.6,0.038919999999999996
fc2,1.03,1.5200000000000002,9,133.0,0.03881,19.6,0.038919999999999996
fc2,1.03,1.7650000000000001,9,133.0,0.03881,19.6,0.038919999999999996
fc2,1.03,2.0100000000000002,9,133.0,0.03881,19.6,0.038919999999999996
fc2,1.03,2.255,9,133.0,0.03881,19.6,0.038919999999999996
fc2,1.2750000000000001,0.05,9,133.0,0.03881,39.9,0.038549999999999994
fc2,1.2750000000000001,0.29500000000000004,9,133.0,0.03881,39.9,0.038549999999999994
fc2,1.2750000000000001,0.54,9,133.0,0.03881,13.3,0.03881
fc2,1.2750000000000001,0.7850000000000001,9,133.0,0.03881,13.2,0.03881
fc2,1.2750000000000001,1.03,9,133.0,0.03881,13.2,0.03881
fc2,1.2750000000000001,1.2750000000000001,9,133.0,0.03881,6.6,0.03881
fc2,1.2750000000000001,1.5200000000000002,9,133.0,0.03881,6.6,0.03881
fc2,1.2750000000000001,1.7650000000000001,9,133.0,0.03881,6.6,0.03881
fc2,1.2750000000000001,2.0100000000000002,9,133.0,0.03881,6.6,0.03881
fc2,1.2750000000000001,2.255,9,133.0,0.03881,6.6,0.03881
fc2,1.5200000000000002,0.05,9,133.0,0.03881,39.9,0.038549999999999994
fc2,1.5200000000000002,0.29500000000000004,9,133.0,0.03881,39.9,0.038549999999999994
fc2,1.5200000000000002,0.54,9,133.0,0.03881,13.3,0.03881
fc2,1.5200000000000002,0.7850000000000001,9,133.0,0.03881,12.9,0.03881
fc2,1.5200000000000002,1.03,9,133.0,0.03881,6.9,0.03881
fc2,1.5200000000000002,1.2750000000000001,9,133.0,0.03881,3.6,0.03814
fc2,1.5200000000000002,1.5200000000000002,9,133.0,0.03881,3.5,0.03814
fc2,1.5200000000000002,1.7650000000000001,9,133.0,0.03881,3.0,0.03799
fc2,1.5200000000000002,2.0100000000000002,9,133.0,0.03881,3.0,0.03799
fc2,1.5200000000000002,2.255,9,133.0,0.03881,3.0,0.03799
fc2,1.7650000000000001,0.05,9,133.0,0.03881,39.9,0.038549999999999994
fc2,1.7650000000000001,0.29500000000000004,9,133.0,0.03881,39.9,0.038549999999999994
fc2,1.7650000000000001,0.54,9,133.0,0.03881,13.3,0.03881
fc2,1.7650000000000001,0.7850000000000001,9,133.0,0.03881,12.9,0.03881
fc2,1.7650000000000001,1.03,9,133.0,0.03881,6.9,0.03881
fc2,1.7650000000000001,1.2750000000000001,9,133.0,0.03881,3.6,0.03814
fc2,1.7650000000000001,1.5200000000000002,9,133.0,0.03881,3.5,0.03814
fc2,1.7650000000000001,1.7650000000000001,9,133.0,0.03881,3.0,0.03799
fc2,1.7650000000000001,2.0100000000000002,9,133.0,0.03881,3.0,0.03799
fc2,1.7650000000000001,2.255,9,133.0,0.03881,3.0,0.03799
fc2,2.0100000000000002,0.05,9,133.0,0.03881,39.9,0.038549999999999994
fc2,2.0100000000000002,0.29500000000000004,9,133.0,0.03881,39.9,0.038549999999999994
fc2,2.0100000000000002,0.54,9,133.0,0.03881,13.3,0.03881
fc2,2.0100000000000002,0.7850000000000001,9,133.0,0.03881,12.9,0.03881
fc2,2.0100000000000002,1.03,9,133.0,0.03881,6.9,0.03881
fc2,2.0100000000000002,1.2750000000000001,9,133.0,0.03881,3.6,0.03814
fc2,2.0100000000000002,1.5200000000000002,9,133.0,0.03881,3.5,0.03814
fc2,2.0100000000000002,1.7650000000000001,9,133.0,0.03881,3.0,0.03799
fc2,2.0100000000000002,2.0100000000000002,9,133.0,0.03881,3.0,0.03799
fc2,2.0100000000000002,2.255,9,133.0,0.03881,3.0,0.03799
fc2,2.255,0.05,9,133.0,0.03881,39.9,0.038549999999999994
fc2,2.255,0.29500000000000004,9,133.0,0.03881,39.9,0.038549999999999994
fc2,2.255,0.54,9,133.0,0.03881,13.3,0.03881
fc2,2.255,0.7850000000000001,9,133.0,0.03881,12.9,0.03881
fc2,2.255,1.03,9,133.0,0.03881,6.9,0.03881
fc2,2.255,1.2750000000000001,9,133.0,0.03881,3.6,0.03814
fc2,2.255,1.5200000000000002,9,133.0,0.03881,3.5,0.03814
fc2,2.255,1.7650000000000001,9,133.0,0.03881,3.0,0.03799
fc2,2.255,2.0100000000000002,9,133.0,0.03881,3.0,0.03799
fc2,2.255,2.255,9,133.0,0.03881,3.0,0.03799
fc2,0.05,0.05,11,133.0,0.03881,39.9,0.038549999999999994
fc2,0.05,0.29500000000000004,11,133.0,0.03881,39.9,0.038549999999999994
fc2,0.05,0.54,11,133.0,0.03881,39.9,0.038549999999999994
fc2,0.05,0.7850000000000001,11,133.0,0.03881,39.9,0.038549999999999994
fc2,0.05,1.03,11,133.0,0.03881,39.9,0.038549999999999994
fc2,0.05,1.2750000000000001,11,133.0,0.03881,39.9,0.038549999999999994
fc2,0.05,1.5200000000000002,11,133.0,0.03881,39.9,0.038549999999999994
fc2,0.05,1.7650000000000001,11,133.0,0.03881,39.9,0.038549999999999994
fc2,0.05,2.0100000000000002,11,133.0,0.03881,39.9,0.038549999999999994
fc2,0.05,2.255,11,133.0,0.03881,39.9,0.038549999999999994
fc2,0.29500000000000004,0.05,11,133.0,0.03881,39.9,0.038549999999999994
fc2,0.29500000000000004,0.29500000000000004,11,133.0,0.03881,39.9,0.038549999999999994
fc2,0.29500000000000004,0.54,11,133.0,0.03881,39.9,0.038549999999999994
fc2,0.29500000000000004,0.7850000000000001,11,133.0,0.03881,39.9,0.038549999999999994
fc2,0.29500000000000004,1.03,11,133.0,0.03881,39.9,0.038549999999999994
fc2,0.29500000000000004,1.2750000000000001,11,133.0,0.03881,39.9,0.038549999999999994
fc2,0.29500000000000004,1.5200000000000002,11,133.0,0.03881,39.9,0.038549999999999994
fc2,0.29500000000000004,1.7650000000000001,11,133.0,0.03881,39.9,0.038549999999999994
fc2,0.29500000000000004,2.0100000000000002,11,133.0,0.03881,39.9,0.038549999999999994
fc2,0.29500000000000004,2.255,11,133.0,0.03881,39.9,0.038549999999999994
fc2,0.54,0.05,11,133.0,0.03881,39.9,0.038549999999999994
fc2,0.54,0.29500000000000004,11,133.0,0.03881,39.9,0.038549999999999994
fc2,0.54,0.54,11,133.0,0.03881,39.9,0.038549999999999994
fc2,0.54,0.7850000000000001,11,133.0,0.03881,39.9,0.038549999999999994
fc2,0.54,1.03,11,133.0,0.03881,39.9,0.038549999999999994
fc2,0.54,1.2750000000000001,11,133.0,0.03881,39.9,0.038549999999999994
fc2,0.54,1.5200000000000002,11,133.0,0.03881,39.9,0.038549999999999994
fc2,0.54,1.7650000000000001,11,133.0,0.03881,39.9,0.038549999999999994
fc2,0.54,2.0100000000000002,11,133.0,0.03881,39.9,0.038549999999999994
fc2,0.54,2.255,11,133.0,0.03881,39.9,0.038549999999999994
fc2,0.7850000000000001,0.05,11,133.0,0.03881,39.9,0.038549999999999994
fc2,0.7850000000000001,0.29500000000000004,11,133.0,0.03881,39.9,0.038549999999999994
fc2,0.7850000000000001,0.54,11,133.0,0.03881,39.9,0.038549999999999994
fc2,0.7850000000000001,0.7850000000000001,11,133.0,0.03881,39.9,0.038549999999999994
fc2,0.7850000000000001,1.03,11,133.0,0.03881,39.9,0.038549999999999994
fc2,0.7850000000000001,1.2750000000000001,11,133.0,0.03881,39.9,0.038549999999999994
fc2,0.7850000000000001,1.5200000000000002,11,133.0,0.03881,39.9,0.038549999999999994
fc2,0.7850000000000001,1.7650000000000001,11,133.0,0.03881,39.9,0.038549999999999994
fc2,0.7850000000000001,2.0100000000000002,11,133.0,0.03881,39.9,0.038549999999999994
fc2,0.7850000000000001,2.255,11,133.0,0.03881,39.9,0.038549999999999994
fc2,1.03,0.05,11,133.0,0.03881,39.9,0.038549999999999994
fc2,1.03,0.29500000000000004,11,133.0,0.03881,39.9,0.038549999999999994
fc2,1.03,0.54,11,133.0,0.03881,13.5,0.03881
fc2,1.03,0.7850000000000001,11,133.0,0.03881,12.3,0.03881
fc2,1.03,1.03,11,133.0,0.03881,12.1,0.03881
fc2,1.03,1.2750000000000001,11,133.0,0.03881,12.1,0.03881
fc2,1.03,1.5200000000000002,11,133.0,0.03881,12.1,0.03881
fc2,1.03,1.7650000000000001,11,133.0,0.03881,12.1,0.03881
fc2,1.03,2.0100000000000002,11,133.0,0.03881,12.1,0.03881
fc2,1.03,2.255,11,133.0,0.03881,12.1,0.03881
fc2,1.2750000000000001,0.05,11,133.0,0.03881,39.9,0.038549999999999994
fc2,1.2750000000000001,0.29500000000000004,11,133.0,0.03881,39.9,0.038549999999999994
fc2,1.2750000000000001,0.54,11,133.0,0.03881,13.5,0.03881
fc2,1.2750000000000001,0.7850000000000001,11,133.0,0.03881,12.3,0.03881
fc2,1.2750000000000001,1.03,11,133.0,0.03881,6.9,0.03881
fc2,1.2750000000000001,1.2750000000000001,11,133.0,0.03881,6.9,0.03881
fc2,1.2750000000000001,1.5200000000000002,11,133.0,0.03881,6.9,0.03881
fc2,1.2750000000000001,1.7650000000000001,11,133.0,0.03881,6.9,0.03881
fc2,1.2750000000000001,2.0100000000000002,11,133.0,0.03881,6.9,0.03881
fc2,1.2750000000000001,2.255,11,133.0,0.03881,6.9,0.03881
fc2,1.5200000000000002,0.05,11,133.0,0.03881,39.9,0.038549999999999994
fc2,1.5200000000000002,0.29500000000000004,11,133.0,0.03881,39.9,0.038549999999999994
fc2,1.5200000000000002,0.54,11,133.0,0.03881,13.5,0.03881
fc2,1.5200000000000002,0.7850000000000001,11,133.0,0.03881,12.3,0.03881
fc2,1.5200000000000002,1.03,11,133.0,0.03881,6.9,0.03881
fc2,1.5200000000000002,1.2750000000000001,11,133.0,0.03881,3.8,0.03814
fc2,1.5200000000000002,1.5200000000000002,11,133.0,0.03881,3.8,0.03814
fc2,1.5200000000000002,1.7650000000000001,11,133.0,0.03881,3.8,0.03814
fc2,1.5200000000000002,2.0100000000000002,11,133.0,0.03881,3.8,0.03814
fc2,1.5200000000000002,2.255,11,133.0,0.03881,3.8,0.03814
fc2,1.7650000000000001,0.05,11,133.0,0.03881,39.9,0.038549999999999994
fc2,1.7650000000000001,0.29500000000000004,11,133.0,0.03881,39.9,0.038549999999999994
fc2,1.7650000000000001,0.54,11,133.0,0.03881,13.5,0.03881
fc2,1.7650000000000001,0.7850000000000001,11,133.0,0.03881,12.3,0.03881
fc2,1.7650000000000001,1.03,11,133.0,0.03881,6.9,0.03881
fc2,1.7650000000000001,1.2750000000000001,11,133.0,0.03881,3.8,0.03814
fc2,1.7650000000000001,1.5200000000000002,11,133.0,0.03881,3.8,0.03814
fc2,1.7650000000000001,1.7650000000000001,11,133.0,0.03881,3.8,0.03814
fc2,1.7650000000000001,2.0100000000000002,11,133.0,0.03881,3.8,0.03814
fc2,1.7650000000000001,2.255,11,133.0,0.03881,3.8,0.03814
fc2,2.0100000000000002,0.05,11,133.0,0.03881,39.9,0.038549999999999994
fc2,2.0100000000000002,0.29500000000000004,11,133.0,0.03881,39.9,0.038549999999999994
fc2,2.0100000000000002,0.54,11,133.0,0.03881,13.5,0.03881
fc2,2.0100000000000002,0.7850000000000001,11,133.0,0.03881,12.3,0.03881
fc2,2.0100000000000002,1.03,11,133.0,0.03881,6.9,0.03881
fc2,2.0100000000000002,1.2750000000000001,11,133.0,0.03881,3.8,0.03814
fc2,2.0100000000000002,1.5200000000000002,11,133.0,0.03881,3.8,0.03814
fc2,2.0100000000000002,1.7650000000000001,11,133.0,0.03881,3.2,0.03799
fc2,2.0100000000000002,2.0100000000000002,11,133.0,0.03881,3.2,0.03799
fc2,2.0100000000000002,2.255,11,133.0,0.03881,3.2,0.03799
fc2,2.255,0.05,11,133.0,0.03881,39.9,0.038549999999999994
fc2,2.255,0.29500000000000004,11,133.0,0.03881,39.9,0.038549999999999994
fc2,2.255,0.54,11,133.0,0.03881,13.5,0.03881
fc2,2.255,0.7850000000000001,11,133.0,0.03881,12.3,0.03881
fc2,2.255,1.03,11,133.0,0.03881,6.9,0.03881
fc2,2.255,1.2750000000000001,11,133.0,0.03881,3.8,0.03814
fc2,2.255,1.5200000000000002,11,133.0,0.03881,3.8,0.03814
fc2,2.255,1.7650000000000001,11,133.0,0.03881,3.2,0.03799
fc2,2.255,2.0100000000000002,11,133.0,0.03881,3.2,0.03799
fc2,2.255,2.255,11,133.0,0.03881,3.2,0.03799
fc2,0.05,0.05,13,133.0,0.03881,39.9,0.038549999999999994
fc2,0.05,0.29500000000000004,13,133.0,0.03881,39.9,0.038549999999999994
fc2,0.05,0.54,13,133.0,0.03881,39.9,0.038549999999999994
fc2,0.05,0.7850000000000001,13,133.0,0.03881,39.9,0.038549999999999994
fc2,0.05,1.03,13,133.0,0.03881,39.9,0.038549999999999994
fc2,0.05,1.2750000000000001,13,133.0,0.03881,39.9,0.038549999999999994
fc2,0.05,1.5200000000000002,13,133.0,0.03881,39.9,0.038549999999999994
fc2,0.05,1.7650000000000001,13,133.0,0.03881,39.9,0.038549999999999994
fc2,0.05,2.0100000000000002,13,133.0,0.03881,39.9,0.038549999999999994
fc2,0.05,2.255,13,133.0,0.03881,39.9,0.038549999999999994
fc2,0.29500000000000004,0.05,13,133.0,0.03881,39.9,0.038549999999999994
fc2,0.29500000000000004,0.29500000000000004,13,133.0,0.03881,39.9,0.038549999999999994
fc2,0.29500000000000004,0.54,13,133.0,0.03881,39.9,0.038549999999999994
fc2,0.29500000000000004,0.7850000000000001,13,133.0,0.03881,39.9,0.038549999999999994
fc2,0.29500000000000004,1.03,13,133.0,0.03881,39.9,0.038549999999999994
fc2,0.29500000000000004,1.2750000000000001,13,133.0,0.03881,39.9,0.038549999999999994
fc2,0.29500000000000004,1.5200000000000002,13,133.0,0.03881,39.9,0.038549999999999994
fc2,0.29500000000000004,1.7650000000000001,13,133.0,0.03881,39.9,0.038549999999999994
fc2,0.29500000000000004,2.0100000000000002,13,133.0,0.03881,39.9,0.038549999999999994
fc2,0.29500000000000004,2.255,13,133.0,0.03881,39.9,0.038549999999999994
fc2,0.54,0.05,13,133.0,0.03881,39.9,0.038549999999999994
fc2,0.54,0.29500000000000004,13,133.0,0.03881,39.9,0.038549999999999994
fc2,0.54,0.54,13,133.0,0.03881,39.9,0.038549999999999994
fc2,0.54,0.7850000000000001,13,133.0,0.03881,39.9,0.038549999999999994
fc2,0.54,1.03,13,133.0,0.03881,39.9,0.038549999999999994
fc2,0.54,1.2750000000000001,13,133.0,0.03881,39.9,0.038549999999999994
fc2,0.54,1.5200000000000002,13,133.0,0.03881,39.9,0.038549999999999994
fc2,0.54,1.7650000000000001,13,133.0,0.03881,39.9,0.038549999999999994
fc2,0.54,2.0100000000000002,13,133.0,0.03881,39.9,0.038549999999999994
fc2,0.54,2.255,13,133.0,0.03881,39.9,0.038549999999999994
fc2,0.7850000000000001,0.05,13,133.0,0.03881,39.9,0.038549999999999994
fc2,0.7850000000000001,0.29500000000000004,13,133.0,0.03881,39.9,0.038549999999999994
fc2,0.7850000000000001,0.54,13,133.0,0.03881,34.3,0.038990000000000004
fc2,0.7850000000000001,0.7850000000000001,13,133.0,0.03881,24.3,0.038919999999999996
fc2,0.7850000000000001,1.03,13,133.0,0.03881,24.3,0.038919999999999996
fc2,0.7850000000000001,1.2750000000000001,13,133.0,0.03881,24.3,0.038919999999999996
fc2,0.7850000000000001,1.5200000000000002,13,133.0,0.03881,24.3,0.038919999999999996
fc2,0.7850000000000001,1.7650000000000001,13,133.0,0.03881,24.3,0.038919999999999996
fc2,0.7850000000000001,2.0100000000000002,13,133.0,0.03881,24.3,0.038919999999999996
fc2,0.7850000000000001,2.255,13,133.0,0.03881,24.3,0.038919999999999996
fc2,1.03,0.05,13,133.0,0.03881,39.9,0.038549999999999994
fc2,1.03,0.29500000000000004,13,133.0,0.03881,39.9,0.038549999999999994
fc2,1.03,0.54,13,133.0,0.03881,12.3,0.03881
fc2,1.03,0.7850000000000001,13,133.0,0.03881,7.2,0.03881
fc2,1.03,1.03,13,133.0,0.03881,7.2,0.03881
fc2,1.03,1.2750000000000001,13,133.0,0.03881,7.2,0.03881
fc2,1.03,1.5200000000000002,13,133.0,0.03881,7.2,0.03881
fc2,1.03,1.7650000000000001,13,133.0,0.03881,7.2,0.03881
fc2,1.03,2.0100000000000002,13,133.0,0.03881,7.2,0.03881
fc2,1.03,2.255,13,133.0,0.03881,7.2,0.03881
fc2,1.2750000000000001,0.05,13,133.0,0.03881,39.9,0.038549999999999994
fc2,1.2750000000000001,0.29500000000000004,13,133.0,0.03881,39.9,0.038990000000000004
fc2,1.2750000000000001,0.54,13,133.0,0.03881,12.3,0.03881
fc2,1.2750000000000001,0.7850000000000001,13,133.0,0.03881,7.2,0.03881
fc2,1.2750000000000001,1.03,13,133.0,0.03881,6.6,0.03881
fc2,1.2750000000000001,1.2750000000000001,13,133.0,0.03881,4.0,0.03814
fc2,1.2750000000000001,1.5200000000000002,13,133.0,0.03881,4.0,0.03814
fc2,1.2750000000000001,1.7650000000000001,13,133.0,0.03881,4.0,0.03814
fc2,1.2750000000000001,2.0100000000000002,13,133.0,0.03881,4.0,0.03814
fc2,1.2750000000000001,2.255,13,133.0,0.03881,4.0,0.03814
fc2,1.5200000000000002,0.05,13,133.0,0.03881,39.9,0.038549999999999994
fc2,1.5200000000000002,0.29500000000000004,13,133.0,0.03881,39.9,0.038990000000000004
fc2,1.5200000000000002,0.54,13,133.0,0.03881,12.3,0.03881
fc2,1.5200000000000002,0.7850000000000001,13,133.0,0.03881,7.2,0.03881
fc2,1.5200000000000002,1.03,13,133.0,0.03881,6.6,0.03881
fc2,1.5200000000000002,1.2750000000000001,13,133.0,0.03881,4.0,0.03814
fc2,1.5200000000000002,1.5200000000000002,13,133.0,0.03881,4.0,0.03814
fc2,1.5200000000000002,1.7650000000000001,13,133.0,0.03881,4.0,0.03814
fc2,1.5200000000000002,2.0100000000000002,13,133.0,0.03881,4.0,0.03814
fc2,1.5200000000000002,2.255,13,133.0,0.03881,4.0,0.03814
fc2,1.7650000000000001,0.05,13,133.0,0.03881,39.9,0.038549999999999994
fc2,1.7650000000000001,0.29500000000000004,13,133.0,0.03881,39.9,0.038990000000000004
fc2,1.7650000000000001,0.54,13,133.0,0.03881,12.3,0.03881
fc2,1.7650000000000001,0.7850000000000001,13,133.0,0.03881,7.2,0.03881
fc2,1.7650000000000001,1.03,13,133.0,0.03881,6.6,0.03881
fc2,1.7650000000000001,1.2750000000000001,13,133.0,0.03881,4.0,0.03814
fc2,1.7650000000000001,1.5200000000000002,13,133.0,0.03881,4.0,0.03814
fc2,1.7650000000000001,1.7650000000000001,13,133.0,0.03881,4.0,0.03814
fc2,1.7650000000000001,2.0100000000000002,13,133.0,0.03881,4.0,0.03814
fc2,1.7650000000000001,2.255,13,133.0,0.03881,4.0,0.03814
fc2,2.0100000000000002,0.05,13,133.0,0.03881,39.9,0.038549999999999994
fc2,2.0100000000000002,0.29500000000000004,13,133.0,0.03881,39.9,0.038990000000000004
fc2,2.0100000000000002,0.54,13,133.0,0.03881,12.3,0.03881
fc2,2.0100000000000002,0.7850000000000001,13,133.0,0.03881,7.2,0.03881
fc2,2.0100000000000002,1.03,13,133.0,0.03881,6.6,0.03881
fc2,2.0100000000000002,1.2750000000000001,13,133.0,0.03881,4.0,0.03814
fc2,2.0100000000000002,1.5200000000000002,13,133.0,0.03881,4.0,0.03814
fc2,2.0100000000000002,1.7650000000000001,13,133.0,0.03881,3.9,0.03814
fc2,2.0100000000000002,2.0100000000000002,13,133.0,0.03881,3.9,0.03814
fc2,2.0100000000000002,2.255,13,133.0,0.03881,3.9,0.03814
fc2,2.255,0.05,13,133.0,0.03881,39.9,0.038549999999999994
fc2,2.255,0.29500000000000004,13,133.0,0.03881,39.9,0.038990000000000004
fc2,2.255,0.54,13,133.0,0.03881,12.3,0.03881
fc2,2.255,0.7850000000000001,13,133.0,0.03881,7.2,0.03881
fc2,2.255,1.03,13,133.0,0.03881,6.6,0.03881
fc2,2.255,1.2750000000000001,13,133.0,0.03881,4.0,0.03814
fc2,2.255,1.5200000000000002,13,133.0,0.03881,4.0,0.03814
fc2,2.255,1.7650000000000001,13,133.0,0.03881,3.9,0.03814
fc2,2.255,2.0100000000000002,13,133.0,0.03881,3.9,0.03814
fc2,2.255,2.255,13,133.0,0.03881,3.9,0.03814
fc2,0.05,0.05,15,133.0,0.03881,39.9,0.038549999999999994
fc2,0.05,0.29500000000000004,15,133.0,0.03881,39.9,0.038549999999999994
fc2,0.05,0.54,15,133.0,0.03881,39.9,0.038549999999999994
fc2,0.05,0.7850000000000001,15,133.0,0.03881,39.9,0.038549999999999994
fc2,0.05,1.03,15,133.0,0.03881,39.9,0.038549999999999994
fc2,0.05,1.2750000000000001,15,133.0,0.03881,39.9,0.038549999999999994
fc2,0.05,1.5200000000000002,15,133.0,0.03881,39.9,0.038549999999999994
fc2,0.05,1.7650000000000001,15,133.0,0.03881,39.9,0.038549999999999994
fc2,0.05,2.0100000000000002,15,133.0,0.03881,39.9,0.038549999999999994
fc2,0.05,2.255,15,133.0,0.03881,39.9,0.038549999999999994
fc2,0.29500000000000004,0.05,15,133.0,0.03881,39.9,0.038549999999999994
fc2,0.29500000000000004,0.29500000000000004,15,133.0,0.03881,39.9,0.038549999999999994
fc2,0.29500000000000004,0.54,15,133.0,0.03881,39.9,0.038549999999999994
fc2,0.29500000000000004,0.7850000000000001,15,133.0,0.03881,39.9,0.038549999999999994
fc2,0.29500000000000004,1.03,15,133.0,0.03881,39.9,0.038549999999999994
fc2,0.29500000000000004,1.2750000000000001,15,133.0,0.03881,39.9,0.038549999999999994
fc2,0.29500000000000004,1.5200000000000002,15,133.0,0.03881,39.9,0.038549999999999994
fc2,0.29500000000000004,1.7650000000000001,15,133.0,0.03881,39.9,0.038549999999999994
fc2,0.29500000000000004,2.0100000000000002,15,133.0,0.03881,39.9,0.038549999999999994
fc2,0.29500000000000004,2.255,15,133.0,0.03881,39.9,0.038549999999999994
fc2,0.54,0.05,15,133.0,0.03881,39.9,0.038549999999999994
fc2,0.54,0.29500000000000004,15,133.0,0.03881,39.9,0.038549999999999994
fc2,0.54,0.54,15,133.0,0.03881,33.9,0.038990000000000004
fc2,0.54,0.7850000000000001,15,133.0,0.03881,33.9,0.038990000000000004
fc2,0.54,1.03,15,133.0,0.03881,33.9,0.038990000000000004
fc2,0.54,1.2750000000000001,15,133.0,0.03881,33.9,0.038990000000000004
fc2,0.54,1.5200000000000002,15,133.0,0.03881,33.9,0.038990000000000004
fc2,0.54,1.7650000000000001,15,133.0,0.03881,33.9,0.038990000000000004
fc2,0.54,2.0100000000000002,15,133.0,0.03881,33.9,0.038990000000000004
fc2,0.54,2.255,15,133.0,0.03881,33.9,0.038990000000000004
fc2,0.7850000000000001,0.05,15,133.0,0.03881,39.9,0.038549999999999994
fc2,0.7850000000000001,0.29500000000000004,15,133.0,0.03881,39.9,0.038549999999999994
fc2,0.7850000000000001,0.54,15,133.0,0.03881,33.9,0.038990000000000004
fc2,0.7850000000000001,0.7850000000000001,15,133.0,0.03881,9.0,0.03881
fc2,0.7850000000000001,1.03,15,133.0,0.03881,9.0,0.03881
fc2,0.7850000000000001,1.2750000000000001,15,133.0,0.03881,9.0,0.03881
fc2,0.7850000000000001,1.5200000000000002,15,133.0,0.03881,9.0,0.03881
fc2,0.7850000000000001,1.7650000000000001,15,133.0,0.03881,9.0,0.03881
fc2,0.7850000000000001,2.0100000000000002,15,133.0,0.03881,9.0,0.03881
fc2,0.7850000000000001,2.255,15,133.0,0.03881,9.0,0.03881
fc2,1.03,0.05,15,133.0,0.03881,39.9,0.038549999999999994
fc2,1.03,0.29500000000000004,15,133.0,0.03881,39.9,0.038549999999999994
fc2,1.03,0.54,15,133.0,0.03881,10.7,0.03881
fc2,1.03,0.7850000000000001,15,133.0,0.03881,7.2,0.03881
fc2,1.03,1.03,15,133.0,0.03881,7.2,0.03881
fc2,1.03,1.2750000000000001,15,133.0,0.03881,7.2,0.03881
fc2,1.03,1.5200000000000002,15,133.0,0.03881,7.2,0.03881
fc2,1.03,1.7650000000000001,15,133.0,0.03881,7.2,0.03881
fc2,1.03,2.0100000000000002,15,133.0,0.03881,7.2,0.03881
fc2,1.03,2.255,15,133.0,0.03881,7.2,0.03881
fc2,1.2750000000000001,0.05,15,133.0,0.03881,39.9,0.038549999999999994
fc2,1.2750000000000001,0.29500000000000004,15,133.0,0.03881,39.9,0.038549999999999994
fc2,1.2750000000000001,0.54,15,133.0,0.03881,10.7,0.03881
fc2,1.2750000000000001,0.7850000000000001,15,133.0,0.03881,7.2,0.03881
fc2,1.2750000000000001,1.03,15,133.0,0.03881,7.2,0.03881
fc2,1.2750000000000001,1.2750000000000001,15,133.0,0.03881,7.2,0.03881
fc2,1.2750000000000001,1.5200000000000002,15,133.0,0.03881,7.2,0.03881
fc2,1.2750000000000001,1.7650000000000001,15,133.0,0.03881,7.2,0.03881
fc2,1.2750000000000001,2.0100000000000002,15,133.0,0.03881,7.2,0.03881
fc2,1.2750000000000001,2.255,15,133.0,0.03881,7.2,0.03881
fc2,1.5200000000000002,0.05,15,133.0,0.03881,39.9,0.038549999999999994
fc2,1.5200000000000002,0.29500000000000004,15,133.0,0.03881,39.9,0.038549999999999994
fc2,1.5200000000000002,0.54,15,133.0,0.03881,10.7,0.03881
fc2,1.5200000000000002,0.7850000000000001,15,133.0,0.03881,7.2,0.03881
fc2,1.5200000000000002,1.03,15,133.0,0.03881,4.2,0.03814
fc2,1.5200000000000002,1.2750000000000001,15,133.0,0.03881,4.2,0.03814
fc2,1.5200000000000002,1.5200000000000002,15,133.0,0.03881,4.2,0.03814
fc2,1.5200000000000002,1.7650000000000001,15,133.0,0.03881,4.2,0.03814
fc2,1.5200000000000002,2.0100000000000002,15,133.0,0.03881,4.2,0.03814
fc2,1.5200000000000002,2.255,15,133.0,0.03881,4.2,0.03814
fc2,1.7650000000000001,0.05,15,133.0,0.03881,39.9,0.038549999999999994
fc2,1.7650000000000001,0.29500000000000004,15,133.0,0.03881,39.9,0.038549999999999994
fc2,1.7650000000000001,0.54,15,133.0,0.03881,10.7,0.03881
fc2,1.7650000000000001,0.7850000000000001,15,133.0,0.03881,7.2,0.03881
fc2,1.7650000000000001,1.03,15,133.0,0.03881,4.2,0.03814
fc2,1.7650000000000001,1.2750000000000001,15,133.0,0.03881,4.2,0.03814
fc2,1.7650000000000001,1.5200000000000002,15,133.0,0.03881,4.2,0.03814
fc2,1.7650000000000001,1.7650000000000001,15,133.0,0.03881,4.2,0.03814
fc2,1.7650000000000001,2.0100000000000002,15,133.0,0.03881,4.2,0.03814
fc2,1.7650000000000001,2.255,15,133.0,0.03881,4.2,0.03814
fc2,2.0100000000000002,0.05,15,133.0,0.03881,39.9,0.038549999999999994
fc2,2.0100000000000002,0.29500000000000004,15,133.0,0.03881,39.9,0.038549999999999994
fc2,2.0100000000000002,0.54,15,133.0,0.03881,10.7,0.03881
fc2,2.0100000000000002,0.7850000000000001,15,133.0,0.03881,7.2,0.03881
fc2,2.0100000000000002,1.03,15,133.0,0.03881,4.2,0.03814
fc2,2.0100000000000002,1.2750000000000001,15,133.0,0.03881,4.2,0.03814
fc2,2.0100000000000002,1.5200000000000002,15,133.0,0.03881,4.2,0.03814
fc2,2.0100000000000002,1.7650000000000001,15,133.0,0.03881,4.2,0.03814
fc2,2.0100000000000002,2.0100000000000002,15,133.0,0.03881,4.2,0.03814
fc2,2.0100000000000002,2.255,15,133.0,0.03881,4.2,0.03814
fc2,2.255,0.05,15,133.0,0.03881,39.9,0.038549999999999994
fc2,2.255,0.29500000000000004,15,133.0,0.03881,39.9,0.038549999999999994
fc2,2.255,0.54,15,133.0,0.03881,10.7,0.03881
fc2,2.255,0.7850000000000001,15,133.0,0.03881,7.2,0.03881
fc2,2.255,1.03,15,133.0,0.03881,4.2,0.03814
fc2,2.255,1.2750000000000001,15,133.0,0.03881,4.2,0.03814
fc2,2.255,1.5200000000000002,15,133.0,0.03881,4.2,0.03814
fc2,2.255,1.7650000000000001,15,133.0,0.03881,4.2,0.03814
fc2,2.255,2.0100000000000002,15,133.0,0.03881,4.2,0.03814
fc2,2.255,2.255,15,133.0,0.03881,4.2,0.03814
fc2,0.05,0.05,17,133.0,0.03881,39.9,0.038549999999999994
fc2,0.05,0.29500000000000004,17,133.0,0.03881,39.9,0.038549999999999994
fc2,0.05,0.54,17,133.0,0.03881,39.9,0.038549999999999994
fc2,0.05,0.7850000000000001,17,133.0,0.03881,39.9,0.038549999999999994
fc2,0.05,1.03,17,133.0,0.03881,39.9,0.038549999999999994
fc2,0.05,1.2750000000000001,17,133.0,0.03881,39.9,0.038549999999999994
fc2,0.05,1.5200000000000002,17,133.0,0.03881,39.9,0.038549999999999994
fc2,0.05,1.7650000000000001,17,133.0,0.03881,39.9,0.038549999999999994
fc2,0.05,2.0100000000000002,17,133.0,0.03881,39.9,0.038549999999999994
fc2,0.05,2.255,17,133.0,0.03881,39.9,0.038549999999999994
fc2,0.29500000000000004,0.05,17,133.0,0.03881,39.9,0.038549999999999994
fc2,0.29500000000000004,0.29500000000000004,17,133.0,0.03881,39.9,0.038549999999999994
fc2,0.29500000000000004,0.54,17,133.0,0.03881,39.9,0.038549999999999994
fc2,0.29500000000000004,0.7850000000000001,17,133.0,0.03881,39.9,0.038549999999999994
fc2,0.29500000000000004,1.03,17,133.0,0.03881,39.9,0.038549999999999994
fc2,0.29500000000000004,1.2750000000000001,17,133.0,0.03881,39.9,0.038549999999999994
fc2,0.29500000000000004,1.5200000000000002,17,133.0,0.03881,39.9,0.038549999999999994
fc2,0.29500000000000004,1.7650000000000001,17,133.0,0.03881,39.9,0.038549999999999994
fc2,0.29500000000000004,2.0100000000000002,17,133.0,0.03881,39.9,0.038549999999999994
fc2,0.29500000000000004,2.255,17,133.0,0.03881,39.9,0.038549999999999994
fc2,0.54,0.05,17,133.0,0.03881,39.9,0.038549999999999994
fc2,0.54,0.29500000000000004,17,133.0,0.03881,39.9,0.038549999999999994
fc2,0.54,0.54,17,133.0,0.03881,39.9,0.038549999999999994
fc2,0.54,0.7850000000000001,17,133.0,0.03881,39.9,0.038549999999999994
fc2,0.54,1.03,17,133.0,0.03881,39.9,0.038549999999999994
fc2,0.54,1.2750000000000001,17,133.0,0.03881,39.9,0.038549999999999994
fc2,0.54,1.5200000000000002,17,133.0,0.03881,39.9,0.038549999999999994
fc2,0.54,1.7650000000000001,17,133.0,0.03881,39.9,0.038549999999999994
fc2,0.54,2.0100000000000002,17,133.0,0.03881,39.9,0.038549999999999994
fc2,0.54,2.255,17,133.0,0.03881,39.9,0.038549999999999994
fc2,0.7850000000000001,0.05,17,133.0,0.03881,39.9,0.038549999999999994
fc2,0.7850000000000001,0.29500000000000004,17,133.0,0.03881,39.9,0.038549999999999994
fc2,0.7850000000000001,0.54,17,133.0,0.03881,18.6,0.038919999999999996
fc2,0.7850000000000001,0.7850000000000001,17,133.0,0.03881,8.9,0.03881
fc2,0.7850000000000001,1.03,17,133.0,0.03881,8.9,0.03881
fc2,0.7850000000000001,1.2750000000000001,17,133.0,0.03881,8.9,0.03881
fc2,0.7850000000000001,1.5200000000000002,17,133.0,0.03881,8.9,0.03881
fc2,0.7850000000000001,1.7650000000000001,17,133.0,0.03881,8.9,0.03881
fc2,0.7850000000000001,2.0100000000000002,17,133.0,0.03881,8.9,0.03881
fc2,0.7850000000000001,2.255,17,133.0,0.03881,8.9,0.03881
fc2,1.03,0.05,17,133.0,0.03881,39.9,0.038549999999999994
fc2,1.03,0.29500000000000004,17,133.0,0.03881,39.9,0.038549999999999994
fc2,1.03,0.54,17,133.0,0.03881,7.5,0.03881
fc2,1.03,0.7850000000000001,17,133.0,0.03881,6.9,0.03881
fc2,1.03,1.03,17,133.0,0.03881,6.9,0.03881
fc2,1.03,1.2750000000000001,17,133.0,0.03881,6.9,0.03881
fc2,1.03,1.5200000000000002,17,133.0,0.03881,6.9,0.03881
fc2,1.03,1.7650000000000001,17,133.0,0.03881,6.9,0.03881
fc2,1.03,2.0100000000000002,17,133.0,0.03881,6.9,0.03881
fc2,1.03,2.255,17,133.0,0.03881,6.9,0.03881
fc2,1.2750000000000001,0.05,17,133.0,0.03881,39.9,0.038549999999999994
fc2,1.2750000000000001,0.29500000000000004,17,133.0,0.03881,26.0,0.038919999999999996
fc2,1.2750000000000001,0.54,17,133.0,0.03881,7.5,0.03881
fc2,1.2750000000000001,0.7850000000000001,17,133.0,0.03881,6.8,0.03881
fc2,1.2750000000000001,1.03,17,133.0,0.03881,4.4,0.03828
fc2,1.2750000000000001,1.2750000000000001,17,133.0,0.03881,4.4,0.03828
fc2,1.2750000000000001,1.5200000000000002,17,133.0,0.03881,4.4,0.03828
fc2,1.2750000000000001,1.7650000000000001,17,133.0,0.03881,4.4,0.03828
fc2,1.2750000000000001,2.0100000000000002,17,133.0,0.03881,4.4,0.03828
fc2,1.2750000000000001,2.255,17,133.0,0.03881,4.4,0.03828
fc2,1.5200000000000002,0.05,17,133.0,0.03881,39.9,0.038549999999999994
fc2,1.5200000000000002,0.29500000000000004,17,133.0,0.03881,26.0,0.038919999999999996
fc2,1.5200000000000002,0.54,17,133.0,0.03881,7.5,0.03881
fc2,1.5200000000000002,0.7850000000000001,17,133.0,0.03881,6.6,0.03881
fc2,1.5200000000000002,1.03,17,133.0,0.03881,4.4,0.03828
fc2,1.5200000000000002,1.2750000000000001,17,133.0,0.03881,4.4,0.03828
fc2,1.5200000000000002,1.5200000000000002,17,133.0,0.03881,4.4,0.03828
fc2,1.5200000000000002,1.7650000000000001,17,133.0,0.03881,4.4,0.03828
fc2,1.5200000000000002,2.0100000000000002,17,133.0,0.03881,4.4,0.03828
fc2,1.5200000000000002,2.255,17,133.0,0.03881,4.4,0.03828
fc2,1.7650000000000001,0.05,17,133.0,0.03881,39.9,0.038549999999999994
fc2,1.7650000000000001,0.29500000000000004,17,133.0,0.03881,26.0,0.038919999999999996
fc2,1.7650000000000001,0.54,17,133.0,0.03881,7.5,0.03881
fc2,1.7650000000000001,0.7850000000000001,17,133.0,0.03881,6.6,0.03881
fc2,1.7650000000000001,1.03,17,133.0,0.03881,4.4,0.03828
fc2,1.7650000000000001,1.2750000000000001,17,133.0,0.03881,4.4,0.03828
fc2,1.7650000000000001,1.5200000000000002,17,133.0,0.03881,4.2,0.03814
fc2,1.7650000000000001,1.7650000000000001,17,133.0,0.03881,4.2,0.03814
fc2,1.7650000000000001,2.0100000000000002,17,133.0,0.03881,4.2,0.03814
fc2,1.7650000000000001,2.255,17,133.0,0.03881,4.2,0.03814
fc2,2.0100000000000002,0.05,17,133.0,0.03881,39.9,0.038549999999999994
fc2,2.0100000000000002,0.29500000000000004,17,133.0,0.03881,26.0,0.038919999999999996
fc2,2.0100000000000002,0.54,17,133.0,0.03881,7.5,0.03881
fc2,2.0100000000000002,0.7850000000000001,17,133.0,0.03881,6.6,0.03881
fc2,2.0100000000000002,1.03,17,133.0,0.03881,4.4,0.03828
fc2,2.0100000000000002,1.2750000000000001,17,133.0,0.03881,4.4,0.03828
fc2,2.0100000000000002,1.5200000000000002,17,133.0,0.03881,4.2,0.03814
fc2,2.0100000000000002,1.7650000000000001,17,133.0,0.03881,4.2,0.03814
fc2,2.0100000000000002,2.0100000000000002,17,133.0,0.03881,4.2,0.03814
fc2,2.0100000000000002,2.255,17,133.0,0.03881,4.2,0.03814
fc2,2.255,0.05,17,133.0,0.03881,39.9,0.038549999999999994
fc2,2.255,0.29500000000000004,17,133.0,0.03881,26.0,0.038919999999999996
fc2,2.255,0.54,17,133.0,0.03881,7.5,0.03881
fc2,2.255,0.7850000000000001,17,133.0,0.03881,6.6,0.03881
fc2,2.255,1.03,17,133.0,0.03881,4.4,0.03828
fc2,2.255,1.2750000000000001,17,133.0,0.03881,4.4,0.03828
fc2,2.255,1.5200000000000002,17,133.0,0.03881,4.2,0.03814
fc2,2.255,1.7650000000000001,17,133.0,0.03881,4.2,0.03814
fc2,2.255,2.0100000000000002,17,133.0,0.03881,4.2,0.03814
fc2,2.255,2.255,17,133.0,0.03881,4.2,0.03814
fc2,0.05,0.05,19,133.0,0.03881,39.9,0.038549999999999994
fc2,0.05,0.29500000000000004,19,133.0,0.03881,39.9,0.038549999999999994
fc2,0.05,0.54,19,133.0,0.03881,39.9,0.038549999999999994
fc2,0.05,0.7850000000000001,19,133.0,0.03881,39.9,0.038549999999999994
fc2,0.05,1.03,19,133.0,0.03881,39.9,0.038549999999999994
fc2,0.05,1.2750000000000001,19,133.0,0.03881,39.9,0.038549999999999994
fc2,0.05,1.5200000000000002,19,133.0,0.03881,39.9,0.038549999999999994
fc2,0.05,1.7650000000000001,19,133.0,0.03881,39.9,0.038549999999999994
fc2,0.05,2.0100000000000002,19,133.0,0.03881,39.9,0.038549999999999994
fc2,0.05,2.255,19,133.0,0.03881,39.9,0.038549999999999994
fc2,0.29500000000000004,0.05,19,133.0,0.03881,39.9,0.038549999999999994
fc2,0.29500000000000004,0.29500000000000004,19,133.0,0.03881,39.9,0.038549999999999994
fc2,0.29500000000000004,0.54,19,133.0,0.03881,39.9,0.038549999999999994
fc2,0.29500000000000004,0.7850000000000001,19,133.0,0.03881,39.9,0.038549999999999994
fc2,0.29500000000000004,1.03,19,133.0,0.03881,39.9,0.038549999999999994
fc2,0.29500000000000004,1.2750000000000001,19,133.0,0.03881,39.9,0.038549999999999994
fc2,0.29500000000000004,1.5200000000000002,19,133.0,0.03881,39.9,0.038549999999999994
fc2,0.29500000000000004,1.7650000000000001,19,133.0,0.03881,39.9,0.038549999999999994
fc2,0.29500000000000004,2.0100000000000002,19,133.0,0.03881,39.9,0.038549999999999994
fc2,0.29500000000000004,2.255,19,133.0,0.03881,39.9,0.038549999999999994
fc2,0.54,0.05,19,133.0,0.03881,39.9,0.038549999999999994
fc2,0.54,0.29500000000000004,19,133.0,0.03881,39.9,0.038549999999999994
fc2,0.54,0.54,19,133.0,0.03881,36.4,0.038990000000000004
fc2,0.54,0.7850000000000001,19,133.0,0.03881,36.4,0.038990000000000004
fc2,0.54,1.03,19,133.0,0.03881,36.4,0.038990000000000004
fc2,0.54,1.2750000000000001,19,133.0,0.03881,36.4,0.038990000000000004
fc2,0.54,1.5200000000000002,19,133.0,0.03881,36.4,0.038990000000000004
fc2,0.54,1.7650000000000001,19,133.0,0.03881,36.4,0.038990000000000004
fc2,0.54,2.0100000000000002,19,133.0,0.03881,36.4,0.038990000000000004
fc2,0.54,2.255,19,133.0,0.03881,36.4,0.038990000000000004
fc2,0.7850000000000001,0.05,19,133.0,0.03881,39.9,0.038549999999999994
fc2,0.7850000000000001,0.29500000000000004,19,133.0,0.03881,39.9,0.038549999999999994
fc2,0.7850000000000001,0.54,19,133.0,0.03881,7.7,0.03881
fc2,0.7850000000000001,0.7850000000000001,19,133.0,0.03881,7.2,0.03881
fc2,0.7850000000000001,1.03,19,133.0,0.03881,7.2,0.03881
fc2,0.7850000000000001,1.2750000000000001,19,133.0,0.03881,7.2,0.03881
fc2,0.7850000000000001,1.5200000000000002,19,133.0,0.03881,7.2,0.03881
fc2,0.7850000000000001,1.7650000000000001,19,133.0,0.03881,7.2,0.03881
fc2,0.7850000000000001,2.0100000000000002,19,133.0,0.03881,7.2,0.03881
fc2,0.7850000000000001,2.255,19,133.0,0.03881,7.2,0.03881
fc2,1.03,0.05,19,133.0,0.03881,39.9,0.038549999999999994
fc2,1.03,0.29500000000000004,19,133.0,0.03881,39.9,0.038990000000000004
fc2,1.03,0.54,19,133.0,0.03881,7.7,0.03881
fc2,1.03,0.7850000000000001,19,133.0,0.03881,6.9,0.03881
fc2,1.03,1.03,19,133.0,0.03881,6.9,0.03881
fc2,1.03,1.2750000000000001,19,133.0,0.03881,6.9,0.03881
fc2,1.03,1.5200000000000002,19,133.0,0.03881,6.9,0.03881
fc2,1.03,1.7650000000000001,19,133.0,0.03881,6.9,0.03881
fc2,1.03,2.0100000000000002,19,133.0,0.03881,6.9,0.03881
fc2,1.03,2.255,19,133.0,0.03881,6.9,0.03881
fc2,1.2750000000000001,0.05,19,133.0,0.03881,39.9,0.038549999999999994
fc2,1.2750000000000001,0.29500000000000004,19,133.0,0.03881,26.2,0.038919999999999996
fc2,1.2750000000000001,0.54,19,133.0,0.03881,7.7,0.03881
fc2,1.2750000000000001,0.7850000000000001,19,133.0,0.03881,6.8,0.03881
fc2,1.2750000000000001,1.03,19,133.0,0.03881,6.8,0.03881
fc2,1.2750000000000001,1.2750000000000001,19,133.0,0.03881,6.8,0.03881
fc2,1.2750000000000001,1.5200000000000002,19,133.0,0.03881,6.8,0.03881
fc2,1.2750000000000001,1.7650000000000001,19,133.0,0.03881,6.8,0.03881
fc2,1.2750000000000001,2.0100000000000002,19,133.0,0.03881,6.8,0.03881
fc2,1.2750000000000001,2.255,19,133.0,0.03881,6.8,0.03881
fc2,1.5200000000000002,0.05,19,133.0,0.03881,39.9,0.038549999999999994
fc2,1.5200000000000002,0.29500000000000004,19,133.0,0.03881,26.2,0.038919999999999996
fc2,1.5200000000000002,0.54,19,133.0,0.03881,7.7,0.03881
fc2,1.5200000000000002,0.7850000000000001,19,133.0,0.03881,6.7,0.03881
fc2,1.5200000000000002,1.03,19,133.0,0.03881,6.7,0.03881
fc2,1.5200000000000002,1.2750000000000001,19,133.0,0.03881,6.7,0.03881
fc2,1.5200000000000002,1.5200000000000002,19,133.0,0.03881,6.7,0.03881
fc2,1.5200000000000002,1.7650000000000001,19,133.0,0.03881,6.7,0.03881
fc2,1.5200000000000002,2.0100000000000002,19,133.0,0.03881,6.7,0.03881
fc2,1.5200000000000002,2.255,19,133.0,0.03881,6.7,0.03881
fc2,1.7650000000000001,0.05,19,133.0,0.03881,39.9,0.038549999999999994
fc2,1.7650000000000001,0.29500000000000004,19,133.0,0.03881,26.2,0.038919999999999996
fc2,1.7650000000000001,0.54,19,133.0,0.03881,7.7,0.03881
fc2,1.7650000000000001,0.7850000000000001,19,133.0,0.03881,6.6,0.03881
fc2,1.7650000000000001,1.03,19,133.0,0.03881,6.6,0.03881
fc2,1.7650000000000001,1.2750000000000001,19,133.0,0.03881,6.6,0.03881
fc2,1.7650000000000001,1.5200000000000002,19,133.0,0.03881,6.6,0.03881
fc2,1.7650000000000001,1.7650000000000001,19,133.0,0.03881,6.6,0.03881
fc2,1.7650000000000001,2.0100000000000002,19,133.0,0.03881,6.6,0.03881
fc2,1.7650000000000001,2.255,19,133.0,0.03881,6.6,0.03881
fc2,2.0100000000000002,0.05,19,133.0,0.03881,39.9,0.038549999999999994
fc2,2.0100000000000002,0.29500000000000004,19,133.0,0.03881,26.2,0.038919999999999996
fc2,2.0100000000000002,0.54,19,133.0,0.03881,7.7,0.03881
fc2,2.0100000000000002,0.7850000000000001,19,133.0,0.03881,6.6,0.03881
fc2,2.0100000000000002,1.03,19,133.0,0.03881,6.6,0.03881
fc2,2.0100000000000002,1.2750000000000001,19,133.0,0.03881,6.6,0.03881
fc2,2.0100000000000002,1.5200000000000002,19,133.0,0.03881,4.0,0.03814
fc2,2.0100000000000002,1.7650000000000001,19,133.0,0.03881,4.0,0.03814
fc2,2.0100000000000002,2.0100000000000002,19,133.0,0.03881,4.0,0.03814
fc2,2.0100000000000002,2.255,19,133.0,0.03881,4.0,0.03814
fc2,2.255,0.05,19,133.0,0.03881,39.9,0.038549999999999994
fc2,2.255,0.29500000000000004,19,133.0,0.03881,26.2,0.038919999999999996
fc2,2.255,0.54,19,133.0,0.03881,7.7,0.03881
fc2,2.255,0.7850000000000001,19,133.0,0.03881,6.6,0.03881
fc2,2.255,1.03,19,133.0,0.03881,6.5,0.03881
fc2,2.255,1.2750000000000001,19,133.0,0.03881,6.5,0.03881
fc2,2.255,1.5200000000000002,19,133.0,0.03881,4.0,0.03814
fc2,2.255,1.7650000000000001,19,133.0,0.03881,4.0,0.03814
fc2,2.255,2.0100000000000002,19,133.0,0.03881,4.0,0.03814
fc2,2.255,2.255,19,133.0,0.03881,4.0,0.03814
