resnet50,0.05,0.05,5,251.2,0.09318000000000001,39.9,0.09287000000000001
resnet50,0.05,0.29500000000000004,5,251.2,0.09318000000000001,39.9,0.09287000000000001
resnet50,0.05,0.54,5,251.2,0.09318000000000001,39.9,0.09287000000000001
resnet50,0.05,0.7850000000000001,5,251.2,0.09318000000000001,39.9,0.09287000000000001
resnet50,0.05,1.03,5,251.2,0.09318000000000001,39.9,0.09287000000000001
resnet50,0.05,1.2750000000000001,5,251.2,0.09318000000000001,39.9,0.09287000000000001
resnet50,0.05,1.5200000000000002,5,251.2,0.09318000000000001,39.9,0.09287000000000001
resnet50,0.05,1.7650000000000001,5,251.2,0.09318000000000001,39.9,0.09287000000000001
resnet50,0.05,2.0100000000000002,5,251.2,0.09318000000000001,39.9,0.09287000000000001
resnet50,0.05,2.255,5,251.2,0.09318000000000001,39.9,0.09287000000000001
resnet50,0.29500000000000004,0.05,5,251.2,0.09318000000000001,39.9,0.09287000000000001
resnet50,0.29500000000000004,0.29500000000000004,5,251.2,0.09318000000000001,39.9,0.09287000000000001
resnet50,0.29500000000000004,0.54,5,251.2,0.09318000000000001,39.9,0.09287000000000001
resnet50,0.29500000000000004,0.7850000000000001,5,251.2,0.09318000000000001,39.9,0.09287000000000001
resnet50,0.29500000000000004,1.03,5,251.2,0.09318000000000001,39.9,0.09287000000000001
resnet50,0.29500000000000004,1.2750000000000001,5,251.2,0.09318000000000001,39.9,0.09287000000000001
resnet50,0.29500000000000004,1.5200000000000002,5,251.2,0.09318000000000001,39.9,0.09287000000000001
resnet50,0.29500000000000004,1.7650000000000001,5,251.2,0.09318000000000001,39.9,0.09287000000000001
resnet50,0.29500000000000004,2.0100000000000002,5,251.2,0.09318000000000001,39.9,0.09287000000000001
resnet50,0.29500000000000004,2.255,5,251.2,0.09318000000000001,39.9,0.09287000000000001
resnet50,0.54,0.05,5,251.2,0.09318000000000001,39.9,0.09287000000000001
resnet50,0.54,0.29500000000000004,5,251.2,0.09318000000000001,39.9,0.09287000000000001
resnet50,0.54,0.54,5,251.2,0.09318000000000001,39.9,0.09287000000000001
resnet50,0.54,0.7850000000000001,5,251.2,0.09318000000000001,39.9,0.09287000000000001
resnet50,0.54,1.03,5,251.2,0.09318000000000001,39.9,0.09287000000000001
resnet50,0.54,1.2750000000000001,5,251.2,0.09318000000000001,39.9,0.09287000000000001
resnet50,0.54,1.5200000000000002,5,251.2,0.09318000000000001,39.9,0.09287000000000001
resnet50,0.54,1.7650000000000001,5,251.2,0.09318000000000001,39.9,0.09287000000000001
resnet50,0.54,2.0100000000000002,5,251.2,0.09318000000000001,39.9,0.09287000000000001
resnet50,0.54,2.255,5,251.2,0.09318000000000001,39.9,0.09287000000000001
resnet50,0.7850000000000001,0.05,5,251.2,0.09318000000000001,39.9,0.09287000000000001
resnet50,0.7850000000000001,0.29500000000000004,5,251.2,0.09318000000000001,39.9,0.09287000000000001
resnet50,0.7850000000000001,0.54,5,251.2,0.09318000000000001,39.9,0.09287000000000001
resnet50,0.7850000000000001,0.7850000000000001,5,251.2,0.09318000000000001,39.9,0.09287000000000001
resnet50,0.7850000000000001,1.03,5,251.2,0.09318000000000001,39.9,0.09287000000000001
resnet50,0.7850000000000001,1.2750000000000001,5,251.2,0.09318000000000001,39.9,0.09287000000000001
resnet50,0.7850000000000001,1.5200000000000002,5,251.2,0.09318000000000001,39.9,0.09287000000000001
resnet50,0.7850000000000001,1.7650000000000001,5,251.2,0.09318000000000001,39.9,0.09287000000000001
resnet50,0.7850000000000001,2.0100000000000002,5,251.2,0.09318000000000001,39.9,0.09287000000000001
resnet50,0.7850000000000001,2.255,5,251.2,0.09318000000000001,39.9,0.09287000000000001
resnet50,1.03,0.05,5,251.2,0.09318000000000001,39.9,0.09287000000000001
resnet50,1.03,0.29500000000000004,5,251.2,0.09318000000000001,39.9,0.09287000000000001
resnet50,1.03,0.54,5,251.2,0.09318000000000001,39.9,0.09287000000000001
resnet50,1.03,0.7850000000000001,5,251.2,0.09318000000000001,39.9,0.09287000000000001
resnet50,1.03,1.03,5,251.2,0.09318000000000001,39.9,0.09287000000000001
resnet50,1.03,1.2750000000000001,5,251.2,0.09318000000000001,39.9,0.09287000000000001
resnet50,1.03,1.5200000000000002,5,251.2,0.09318000000000001,39.9,0.09287000000000001
resnet50,1.03,1.7650000000000001,5,251.2,0.09318000000000001,39.9,0.09287000000000001
resnet50,1.03,2.0100000000000002,5,251.2,0.09318000000000001,39.9,0.09287000000000001
resnet50,1.03,2.255,5,251.2,0.09318000000000001,39.9,0.09287000000000001
resnet50,1.2750000000000001,0.05,5,251.2,0.09318000000000001,39.9,0.09287000000000001
resnet50,1.2750000000000001,0.29500000000000004,5,251.2,0.09318000000000001,39.9,0.09287000000000001
resnet50,1.2750000000000001,0.54,5,251.2,0.09318000000000001,39.9,0.09287000000000001
resnet50,1.2750000000000001,0.7850000000000001,5,251.2,0.09318000000000001,39.9,0.09287000000000001
resnet50,1.2750000000000001,1.03,5,251.2,0.09318000000000001,39.9,0.09287000000000001
resnet50,1.2750000000000001,1.2750000000000001,5,251.2,0.09318000000000001,39.9,0.09287000000000001
resnet50,1.2750000000000001,1.5200000000000002,5,251.2,0.09318000000000001,28.9,0.09318000000000001
resnet50,1.2750000000000001,1.7650000000000001,5,251.2,0.09318000000000001,28.9,0.09318000000000001
resnet50,1.2750000000000001,2.0100000000000002,5,251.2,0.09318000000000001,28.9,0.09318000000000001
resnet50,1.2750000000000001,2.255,5,251.2,0.09318000000000001,28.9,0.09318000000000001
resnet50,1.5200000000000002,0.05,5,251.2,0.09318000000000001,39.9,0.09287000000000001
resnet50,1.5200000000000002,0.29500000000000004,5,251.2,0.09318000000000001,39.9,0.09287000000000001
resnet50,1.5200000000000002,0.54,5,251.2,0.09318000000000001,39.9,0.09287000000000001
resnet50,1.5200000000000002,0.7850000000000001,5,251.2,0.09318000000000001,39.9,0.09287000000000001
resnet50,1.5200000000000002,1.03,5,251.2,0.09318000000000001,15.8,0.09273
resnet50,1.5200000000000002,1.2750000000000001,5,251.2,0.09318000000000001,2.8,0.0888
resnet50,1.5200000000000002,1.5200000000000002,5,251.2,0.09318000000000001,2.8,0.0888
resnet50,1.5200000000000002,1.7650000000000001,5,251.2,0.09318000000000001,2.8,0.0888
resnet50,1.5200000000000002,2.0100000000000002,5,251.2,0.09318000000000001,2.8,0.0888
resnet50,1.5200000000000002,2.255,5,251.2,0.09318000000000001,2.8,0.0888
resnet50,1.7650000000000001,0.05,5,251.2,0.09318000000000001,39.9,0.09287000000000001
resnet50,1.7650000000000001,0.29500000000000004,5,251.2,0.09318000000000001,39.9,0.09287000000000001
resnet50,1.7650000000000001,0.54,5,251.2,0.09318000000000001,39.9,0.09287000000000001
resnet50,1.7650000000000001,0.7850000000000001,5,251.2,0.09318000000000001,8.4,0.09203
resnet50,1.7650000000000001,1.03,5,251.2,0.09318000000000001,4.5,0.09114
resnet50,1.7650000000000001,1.2750000000000001,5,251.2,0.09318000000000001,2.6,0.0888
resnet50,1.7650000000000001,1.5200000000000002,5,251.2,0.09318000000000001,2.6,0.0888
resnet50,1.7650000000000001,1.7650000000000001,5,251.2,0.09318000000000001,2.6,0.0888
resnet50,1.7650000000000001,2.0100000000000002,5,251.2,0.09318000000000001,2.6,0.0888
resnet50,1.7650000000000001,2.255,5,251.2,0.09318000000000001,2.6,0.0888
resnet50,2.0100000000000002,0.05,5,251.2,0.09318000000000001,39.9,0.09287000000000001
resnet50,2.0100000000000002,0.29500000000000004,5,251.2,0.09318000000000001,39.9,0.09287000000000001
resnet50,2.0100000000000002,0.54,5,251.2,0.09318000000000001,39.9,0.09287000000000001
resnet50,2.0100000000000002,0.7850000000000001,5,251.2,0.09318000000000001,8.4,0.09203
resnet50,2.0100000000000002,1.03,5,251.2,0.09318000000000001,4.5,0.09114
resnet50,2.0100000000000002,1.2750000000000001,5,251.2,0.09318000000000001,2.6,0.0888
resnet50,2.0100000000000002,1.5200000000000002,5,251.2,0.09318000000000001,2.6,0.0888
resnet50,2.0100000000000002,1.7650000000000001,5,251.2,0.09318000000000001,2.6,0.0888
resnet50,2.0100000000000002,2.0100000000000002,5,251.2,0.09318000000000001,2.6,0.0888
resnet50,2.0100000000000002,2.255,5,251.2,0.09318000000000001,2.6,0.0888
resnet50,2.255,0.05,5,251.2,0.09318000000000001,39.9,0.09287000000000001
resnet50,2.255,0.29500000000000004,5,251.2,0.09318000000000001,39.9,0.09287000000000001
resnet50,2.255,0.54,5,251.2,0.09318000000000001,39.9,0.09287000000000001
resnet50,2.255,0.7850000000000001,5,251.2,0.09318000000000001,8.4,0.09203
resnet50,2.255,1.03,5,251.2,0.09318000000000001,4.5,0.09114
resnet50,2.255,1.2750000000000001,5,251.2,0.09318000000000001,2.6,0.0888
resnet50,2.255,1.5200000000000002,5,251.2,0.09318000000000001,2.6,0.0888
resnet50,2.255,1.7650000000000001,5,251.2,0.09318000000000001,2.6,0.0888
resnet50,2.255,2.0100000000000002,5,251.2,0.09318000000000001,2.6,0.0888
resnet50,2.255,2.255,5,251.2,0.09318000000000001,2.6,0.0888
resnet50,0.05,0.05,7,251.2,0.09318000000000001,39.9,0.09287000000000001
resnet50,0.05,0.29500000000000004,7,251.2,0.09318000000000001,39.9,0.09287000000000001
resnet50,0.05,0.54,7,251.2,0.09318000000000001,39.9,0.09287000000000001
resnet50,0.05,0.7850000000000001,7,251.2,0.09318000000000001,39.9,0.09287000000000001
resnet50,0.05,1.03,7,251.2,0.09318000000000001,39.9,0.09287000000000001
resnet50,0.05,1.2750000000000001,7,251.2,0.09318000000000001,39.9,0.09287000000000001
resnet50,0.05,1.5200000000000002,7,251.2,0.09318000000000001,39.9,0.09287000000000001
resnet50,0.05,1.7650000000000001,7,251.2,0.09318000000000001,39.9,0.09287000000000001
resnet50,0.05,2.0100000000000002,7,251.2,0.09318000000000001,39.9,0.09287000000000001
resnet50,0.05,2.255,7,251.2,0.09318000000000001,39.9,0.09287000000000001
resnet50,0.29500000000000004,0.05,7,251.2,0.09318000000000001,39.9,0.09287000000000001
resnet50,0.29500000000000004,0.29500000000000004,7,251.2,0.09318000000000001,39.9,0.09287000000000001
resnet50,0.29500000000000004,0.54,7,251.2,0.09318000000000001,39.9,0.09287000000000001
resnet50,0.29500000000000004,0.7850000000000001,7,251.2,0.09318000000000001,39.9,0.09287000000000001
resnet50,0.29500000000000004,1.03,7,251.2,0.09318000000000001,39.9,0.09287000000000001
resnet50,0.29500000000000004,1.2750000000000001,7,251.2,0.09318000000000001,39.9,0.09287000000000001
resnet50,0.29500000000000004,1.5200000000000002,7,251.2,0.09318000000000001,39.9,0.09287000000000001
resnet50,0.29500000000000004,1.7650000000000001,7,251.2,0.09318000000000001,39.9,0.09287000000000001
resnet50,0.29500000000000004,2.0100000000000002,7,251.2,0.09318000000000001,39.9,0.09287000000000001
resnet50,0.29500000000000004,2.255,7,251.2,0.09318000000000001,39.9,0.09287000000000001
resnet50,0.54,0.05,7,251.2,0.09318000000000001,39.9,0.09287000000000001
resnet50,0.54,0.29500000000000004,7,251.2,0.09318000000000001,39.9,0.09287000000000001
resnet50,0.54,0.54,7,251.2,0.09318000000000001,39.9,0.09287000000000001
resnet50,0.54,0.7850000000000001,7,251.2,0.09318000000000001,39.9,0.09287000000000001
resnet50,0.54,1.03,7,251.2,0.09318000000000001,39.9,0.09287000000000001
resnet50,0.54,1.2750000000000001,7,251.2,0.09318000000000001,39.9,0.09287000000000001
resnet50,0.54,1.5200000000000002,7,251.2,0.09318000000000001,39.9,0.09287000000000001
resnet50,0.54,1.7650000000000001,7,251.2,0.09318000000000001,39.9,0.09287000000000001
resnet50,0.54,2.0100000000000002,7,251.2,0.09318000000000001,39.9,0.09287000000000001
resnet50,0.54,2.255,7,251.2,0.09318000000000001,39.9,0.09287000000000001
resnet50,0.7850000000000001,0.05,7,251.2,0.09318000000000001,39.9,0.09287000000000001
resnet50,0.7850000000000001,0.29500000000000004,7,251.2,0.09318000000000001,39.9,0.09287000000000001
resnet50,0.7850000000000001,0.54,7,251.2,0.09318000000000001,39.9,0.09287000000000001
resnet50,0.7850000000000001,0.7850000000000001,7,251.2,0.09318000000000001,39.9,0.09287000000000001
resnet50,0.7850000000000001,1.03,7,251.2,0.09318000000000001,39.9,0.09287000000000001
resnet50,0.7850000000000001,1.2750000000000001,7,251.2,0.09318000000000001,39.9,0.09287000000000001
resnet50,0.7850000000000001,1.5200000000000002,7,251.2,0.09318000000000001,39.9,0.09287000000000001
resnet50,0.7850000000000001,1.7650000000000001,7,251.2,0.09318000000000001,39.9,0.09287000000000001
resnet50,0.7850000000000001,2.0100000000000002,7,251.2,0.09318000000000001,39.9,0.09287000000000001
resnet50,0.7850000000000001,2.255,7,251.2,0.09318000000000001,39.9,0.09287000000000001
resnet50,1.03,0.05,7,251.2,0.09318000000000001,39.9,0.09287000000000001
resnet50,1.03,0.29500000000000004,7,251.2,0.09318000000000001,39.9,0.09287000000000001
resnet50,1.03,0.54,7,251.2,0.09318000000000001,39.9,0.09287000000000001
resnet50,1.03,0.7850000000000001,7,251.2,0.09318000000000001,39.9,0.09287000000000001
resnet50,1.03,1.03,7,251.2,0.09318000000000001,39.9,0.09287000000000001
resnet50,1.03,1.2750000000000001,7,251.2,0.09318000000000001,39.9,0.09287000000000001
resnet50,1.03,1.5200000000000002,7,251.2,0.09318000000000001,39.9,0.09287000000000001
resnet50,1.03,1.7650000000000001,7,251.2,0.09318000000000001,39.9,0.09287000000000001
resnet50,1.03,2.0100000000000002,7,251.2,0.09318000000000001,39.9,0.09287000000000001
resnet50,1.03,2.255,7,251.2,0.09318000000000001,39.9,0.09287000000000001
resnet50,1.2750000000000001,0.05,7,251.2,0.09318000000000001,39.9,0.09287000000000001
resnet50,1.2750000000000001,0.29500000000000004,7,251.2,0.09318000000000001,39.9,0.09287000000000001
resnet50,1.2750000000000001,0.54,7,251.2,0.09318000000000001,39.9,0.09287000000000001
resnet50,1.2750000000000001,0.7850000000000001,7,251.2,0.09318000000000001,39.9,0.09287000000000001
resnet50,1.2750000000000001,1.03,7,251.2,0.09318000000000001,39.9,0.09287000000000001
resnet50,1.2750000000000001,1.2750000000000001,7,251.2,0.09318000000000001,16.0,0.09273
resnet50,1.2750000000000001,1.5200000000000002,7,251.2,0.09318000000000001,3.0,0.08963
resnet50,1.2750000000000001,1.7650000000000001,7,251.2,0.09318000000000001,3.0,0.08963
resnet50,1.2750000000000001,2.0100000000000002,7,251.2,0.09318000000000001,3.0,0.08963
resnet50,1.2750000000000001,2.255,7,251.2,0.09318000000000001,3.0,0.08963
resnet50,1.5200000000000002,0.05,7,251.2,0.09318000000000001,39.9,0.09287000000000001
resnet50,1.5200000000000002,0.29500000000000004,7,251.2,0.09318000000000001,39.9,0.09287000000000001
resnet50,1.5200000000000002,0.54,7,251.2,0.09318000000000001,39.9,0.09287000000000001
resnet50,1.5200000000000002,0.7850000000000001,7,251.2,0.09318000000000001,4.7,0.09114
resnet50,1.5200000000000002,1.03,7,251.2,0.09318000000000001,4.7,0.09114
resnet50,1.5200000000000002,1.2750000000000001,7,251.2,0.09318000000000001,3.6,0.08983
resnet50,1.5200000000000002,1.5200000000000002,7,251.2,0.09318000000000001,2.8,0.0888
resnet50,1.5200000000000002,1.7650000000000001,7,251.2,0.09318000000000001,2.8,0.0888
resnet50,1.5200000000000002,2.0100000000000002,7,251.2,0.09318000000000001,2.8,0.0888
resnet50,1.5200000000000002,2.255,7,251.2,0.09318000000000001,2.8,0.0888
resnet50,1.7650000000000001,0.05,7,251.2,0.09318000000000001,39.9,0.09287000000000001
resnet50,1.7650000000000001,0.29500000000000004,7,251.2,0.09318000000000001,39.9,0.09287000000000001
resnet50,1.7650000000000001,0.54,7,251.2,0.09318000000000001,39.9,0.09287000000000001
resnet50,1.7650000000000001,0.7850000000000001,7,251.2,0.09318000000000001,4.7,0.09114
resnet50,1.7650000000000001,1.03,7,251.2,0.09318000000000001,4.7,0.09114
resnet50,1.7650000000000001,1.2750000000000001,7,251.2,0.09318000000000001,3.6,0.08983
resnet50,1.7650000000000001,1.5200000000000002,7,251.2,0.09318000000000001,2.8,0.0888
resnet50,1.7650000000000001,1.7650000000000001,7,251.2,0.09318000000000001,2.8,0.0888
resnet50,1.7650000000000001,2.0100000000000002,7,251.2,0.09318000000000001,2.8,0.0888
resnet50,1.7650000000000001,2.255,7,251.2,0.09318000000000001,2.8,0.0888
resnet50,2.0100000000000002,0.05,7,251.2,0.09318000000000001,39.9,0.09287000000000001
resnet50,2.0100000000000002,0.29500000000000004,7,251.2,0.09318000000000001,39.9,0.09287000000000001
resnet50,2.0100000000000002,0.54,7,251.2,0.09318000000000001,39.9,0.09287000000000001
resnet50,2.0100000000000002,0.7850000000000001,7,251.2,0.09318000000000001,4.7,0.09114
resnet50,2.0100000000000002,1.03,7,251.2,0.09318000000000001,4.7,0.09114
resnet50,2.0100000000000002,1.2750000000000001,7,251.2,0.09318000000000001,3.6,0.08983
resnet50,2.0100000000000002,1.5200000000000002,7,251.2,0.09318000000000001,2.8,0.0888
resnet50,2.0100000000000002,1.7650000000000001,7,251.2,0.09318000000000001,2.8,0.0888
resnet50,2.0100000000000002,2.0100000000000002,7,251.2,0.09318000000000001,2.8,0.0888
resnet50,2.0100000000000002,2.255,7,251.2,0.09318000000000001,2.8,0.0888
resnet50,2.255,0.05,7,251.2,0.09318000000000001,39.9,0.09287000000000001
resnet50,2.255,0.29500000000000004,7,251.2,0.09318000000000001,39.9,0.09287000000000001
resnet50,2.255,0.54,7,251.2,0.09318000000000001,39.9,0.09287000000000001
resnet50,2.255,0.7850000000000001,7,251.2,0.09318000000000001,4.7,0.09114
resnet50,2.255,1.03,7,251.2,0.09318000000000001,4.7,0.09114
resnet50,2.255,1.2750000000000001,7,251.2,0.09318000000000001,3.6,0.08983
resnet50,2.255,1.5200000000000002,7,251.2,0.09318000000000001,2.8,0.0888
resnet50,2.255,1.7650000000000001,7,251.2,0.09318000000000001,2.8,0.0888
resnet50,2.255,2.0100000000000002,7,251.2,0.09318000000000001,2.8,0.0888
resnet50,2.255,2.255,7,251.2,0.09318000000000001,2.8,0.0888
resnet50,0.05,0.05,9,251.2,0.09318000000000001,39.9,0.09287000000000001
resnet50,0.05,0.29500000000000004,9,251.2,0.09318000000000001,39.9,0.09287000000000001
resnet50,0.05,0.54,9,251.2,0.09318000000000001,39.9,0.09287000000000001
resnet50,0.05,0.7850000000000001,9,251.2,0.09318000000000001,39.9,0.09287000000000001
resnet50,0.05,1.03,9,251.2,0.09318000000000001,39.9,0.09287000000000001
resnet50,0.05,1.2750000000000001,9,251.2,0.09318000000000001,39.9,0.09287000000000001
resnet50,0.05,1.5200000000000002,9,251.2,0.09318000000000001,39.9,0.09287000000000001
resnet50,0.05,1.7650000000000001,9,251.2,0.09318000000000001,39.9,0.09287000000000001
resnet50,0.05,2.0100000000000002,9,251.2,0.09318000000000001,39.9,0.09287000000000001
resnet50,0.05,2.255,9,251.2,0.09318000000000001,39.9,0.09287000000000001
resnet50,0.29500000000000004,0.05,9,251.2,0.09318000000000001,39.9,0.09287000000000001
resnet50,0.29500000000000004,0.29500000000000004,9,251.2,0.09318000000000001,39.9,0.09287000000000001
resnet50,0.29500000000000004,0.54,9,251.2,0.09318000000000001,39.9,0.09287000000000001
resnet50,0.29500000000000004,0.7850000000000001,9,251.2,0.09318000000000001,39.9,0.09287000000000001
resnet50,0.29500000000000004,1.03,9,251.2,0.09318000000000001,39.9,0.09287000000000001
resnet50,0.29500000000000004,1.2750000000000001,9,251.2,0.09318000000000001,39.9,0.09287000000000001
resnet50,0.29500000000000004,1.5200000000000002,9,251.2,0.09318000000000001,39.9,0.09287000000000001
resnet50,0.29500000000000004,1.7650000000000001,9,251.2,0.09318000000000001,39.9,0.09287000000000001
resnet50,0.29500000000000004,2.0100000000000002,9,251.2,0.09318000000000001,39.9,0.09287000000000001
resnet50,0.29500000000000004,2.255,9,251.2,0.09318000000000001,39.9,0.09287000000000001
resnet50,0.54,0.05,9,251.2,0.09318000000000001,39.9,0.09287000000000001
resnet50,0.54,0.29500000000000004,9,251.2,0.09318000000000001,39.9,0.09287000000000001
resnet50,0.54,0.54,9,251.2,0.09318000000000001,39.9,0.09287000000000001
resnet50,0.54,0.7850000000000001,9,251.2,0.09318000000000001,39.9,0.09287000000000001
resnet50,0.54,1.03,9,251.2,0.09318000000000001,39.9,0.09287000000000001
resnet50,0.54,1.2750000000000001,9,251.2,0.09318000000000001,39.9,0.09287000000000001
resnet50,0.54,1.5200000000000002,9,251.2,0.09318000000000001,39.9,0.09287000000000001
resnet50,0.54,1.7650000000000001,9,251.2,0.09318000000000001,39.9,0.09287000000000001
resnet50,0.54,2.0100000000000002,9,251.2,0.09318000000000001,39.9,0.09287000000000001
resnet50,0.54,2.255,9,251.2,0.09318000000000001,39.9,0.09287000000000001
resnet50,0.7850000000000001,0.05,9,251.2,0.09318000000000001,39.9,0.09287000000000001
resnet50,0.7850000000000001,0.29500000000000004,9,251.2,0.09318000000000001,39.9,0.09287000000000001
resnet50,0.7850000000000001,0.54,9,251.2,0.09318000000000001,39.9,0.09287000000000001
resnet50,0.7850000000000001,0.7850000000000001,9,251.2,0.09318000000000001,39.9,0.09287000000000001
resnet50,0.7850000000000001,1.03,9,251.2,0.09318000000000001,39.9,0.09287000000000001
resnet50,0.7850000000000001,1.2750000000000001,9,251.2,0.09318000000000001,39.9,0.09287000000000001
resnet50,0.7850000000000001,1.5200000000000002,9,251.2,0.09318000000000001,39.9,0.09287000000000001
resnet50,0.7850000000000001,1.7650000000000001,9,251.2,0.09318000000000001,39.9,0.09287000000000001
resnet50,0.7850000000000001,2.0100000000000002,9,251.2,0.09318000000000001,39.9,0.09287000000000001
resnet50,0.7850000000000001,2.255,9,251.2,0.09318000000000001,39.9,0.09287000000000001
resnet50,1.03,0.05,9,251.2,0.09318000000000001,39.9,0.09287000000000001
resnet50,1.03,0.29500000000000004,9,251.2,0.09318000000000001,39.9,0.09287000000000001
resnet50,1.03,0.54,9,251.2,0.09318000000000001,39.9,0.09287000000000001
resnet50,1.03,0.7850000000000001,9,251.2,0.09318000000000001,39.9,0.09287000000000001
resnet50,1.03,1.03,9,251.2,0.09318000000000001,16.1,0.09273
resnet50,1.03,1.2750000000000001,9,251.2,0.09318000000000001,16.1,0.09273
resnet50,1.03,1.5200000000000002,9,251.2,0.09318000000000001,16.1,0.09273
resnet50,1.03,1.7650000000000001,9,251.2,0.09318000000000001,16.1,0.09273
resnet50,1.03,2.0100000000000002,9,251.2,0.09318000000000001,16.1,0.09273
resnet50,1.03,2.255,9,251.2,0.09318000000000001,16.1,0.09273
resnet50,1.2750000000000001,0.05,9,251.2,0.09318000000000001,39.9,0.09287000000000001
resnet50,1.2750000000000001,0.29500000000000004,9,251.2,0.09318000000000001,39.9,0.09287000000000001
resnet50,1.2750000000000001,0.54,9,251.2,0.09318000000000001,39.9,0.09287000000000001
resnet50,1.2750000000000001,0.7850000000000001,9,251.2,0.09318000000000001,26.1,0.09318000000000001
resnet50,1.2750000000000001,1.03,9,251.2,0.09318000000000001,16.0,0.09273
resnet50,1.2750000000000001,1.2750000000000001,9,251.2,0.09318000000000001,3.7,0.09009999999999999
resnet50,1.2750000000000001,1.5200000000000002,9,251.2,0.09318000000000001,3.2,0.08963
resnet50,1.2750000000000001,1.7650000000000001,9,251.2,0.09318000000000001,3.2,0.08963
resnet50,1.2750000000000001,2.0100000000000002,9,251.2,0.09318000000000001,3.2,0.08963
resnet50,1.2750000000000001,2.255,9,251.2,0.09318000000000001,3.2,0.08963
resnet50,1.5200000000000002,0.05,9,251.2,0.09318000000000001,39.9,0.09287000000000001
resnet50,1.5200000000000002,0.29500000000000004,9,251.2,0.09318000000000001,39.9,0.09287000000000001
resnet50,1.5200000000000002,0.54,9,251.2,0.09318000000000001,39.9,0.09287000000000001
resnet50,1.5200000000000002,0.7850000000000001,9,251.2,0.09318000000000001,4.9,0.09114
resnet50,1.5200000000000002,1.03,9,251.2,0.09318000000000001,4.9,0.09114
resnet50,1.5200000000000002,1.2750000000000001,9,251.2,0.09318000000000001,3.7,0.09009999999999999
resnet50,1.5200000000000002,1.5200000000000002,9,251.2,0.09318000000000001,3.0,0.08963
resnet50,1.5200000000000002,1.7650000000000001,9,251.2,0.09318000000000001,3.0,0.08963
resnet50,1.5200000000000002,2.0100000000000002,9,251.2,0.09318000000000001,3.0,0.08963
resnet50,1.5200000000000002,2.255,9,251.2,0.09318000000000001,3.0,0.08963
resnet50,1.7650000000000001,0.05,9,251.2,0.09318000000000001,39.9,0.09287000000000001
resnet50,1.7650000000000001,0.29500000000000004,9,251.2,0.09318000000000001,39.9,0.09287000000000001
resnet50,1.7650000000000001,0.54,9,251.2,0.09318000000000001,39.9,0.09287000000000001
resnet50,1.7650000000000001,0.7850000000000001,9,251.2,0.09318000000000001,4.9,0.09114
resnet50,1.7650000000000001,1.03,9,251.2,0.09318000000000001,4.9,0.09114
resnet50,1.7650000000000001,1.2750000000000001,9,251.2,0.09318000000000001,3.7,0.09009999999999999
resnet50,1.7650000000000001,1.5200000000000002,9,251.2,0.09318000000000001,3.0,0.08963
resnet50,1.7650000000000001,1.7650000000000001,9,251.2,0.09318000000000001,3.0,0.08963
resnet50,1.7650000000000001,2.0100000000000002,9,251.2,0.09318000000000001,3.0,0.08963
resnet50,1.7650000000000001,2.255,9,251.2,0.09318000000000001,3.0,0.08963
resnet50,2.0100000000000002,0.05,9,251.2,0.09318000000000001,39.9,0.09287000000000001
resnet50,2.0100000000000002,0.29500000000000004,9,251.2,0.09318000000000001,39.9,0.09287000000000001
resnet50,2.0100000000000002,0.54,9,251.2,0.09318000000000001,39.9,0.09287000000000001
resnet50,2.0100000000000002,0.7850000000000001,9,251.2,0.09318000000000001,4.9,0.09114
resnet50,2.0100000000000002,1.03,9,251.2,0.09318000000000001,4.9,0.09114
resnet50,2.0100000000000002,1.2750000000000001,9,251.2,0.09318000000000001,3.7,0.09009999999999999
resnet50,2.0100000000000002,1.5200000000000002,9,251.2,0.09318000000000001,3.0,0.08963
resnet50,2.0100000000000002,1.7650000000000001,9,251.2,0.09318000000000001,3.0,0.08963
resnet50,2.0100000000000002,2.0100000000000002,9,251.2,0.09318000000000001,3.0,0.08963
resnet50,2.0100000000000002,2.255,9,251.2,0.09318000000000001,3.0,0.08963
resnet50,2.255,0.05,9,251.2,0.09318000000000001,39.9,0.09287000000000001
resnet50,2.255,0.29500000000000004,9,251.2,0.09318000000000001,39.9,0.09287000000000001
resnet50,2.255,0.54,9,251.2,0.09318000000000001,39.9,0.09287000000000001
resnet50,2.255,0.7850000000000001,9,251.2,0.09318000000000001,4.9,0.09114
resnet50,2.255,1.03,9,251.2,0.09318000000000001,4.9,0.09114
resnet50,2.255,1.2750000000000001,9,251.2,0.09318000000000001,3.7,0.09009999999999999
resnet50,2.255,1.5200000000000002,9,251.2,0.09318000000000001,3.0,0.08963
resnet50,2.255,1.7650000000000001,9,251.2,0.09318000000000001,3.0,0.08963
resnet50,2.255,2.0100000000000002,9,251.2,0.09318000000000001,3.0,0.08963
resnet50,2.255,2.255,9,251.2,0.09318000000000001,3.0,0.08963
resnet50,0.05,0.05,11,251.2,0.09318000000000001,39.9,0.09287000000000001
resnet50,0.05,0.29500000000000004,11,251.2,0.09318000000000001,39.9,0.09287000000000001
resnet50,0.05,0.54,11,251.2,0.09318000000000001,39.9,0.09287000000000001
resnet50,0.05,0.7850000000000001,11,251.2,0.09318000000000001,39.9,0.09287000000000001
resnet50,0.05,1.03,11,251.2,0.09318000000000001,39.9,0.09287000000000001
resnet50,0.05,1.2750000000000001,11,251.2,0.09318000000000001,39.9,0.09287000000000001
resnet50,0.05,1.5200000000000002,11,251.2,0.09318000000000001,39.9,0.09287000000000001
resnet50,0.05,1.7650000000000001,11,251.2,0.09318000000000001,39.9,0.09287000000000001
resnet50,0.05,2.0100000000000002,11,251.2,0.09318000000000001,39.9,0.09287000000000001
resnet50,0.05,2.255,11,251.2,0.09318000000000001,39.9,0.09287000000000001
resnet50,0.29500000000000004,0.05,11,251.2,0.09318000000000001,39.9,0.09287000000000001
resnet50,0.29500000000000004,0.29500000000000004,11,251.2,0.09318000000000001,39.9,0.09287000000000001
resnet50,0.29500000000000004,0.54,11,251.2,0.09318000000000001,39.9,0.09287000000000001
resnet50,0.29500000000000004,0.7850000000000001,11,251.2,0.09318000000000001,39.9,0.09287000000000001
resnet50,0.29500000000000004,1.03,11,251.2,0.09318000000000001,39.9,0.09287000000000001
resnet50,0.29500000000000004,1.2750000000000001,11,251.2,0.09318000000000001,39.9,0.09287000000000001
resnet50,0.29500000000000004,1.5200000000000002,11,251.2,0.09318000000000001,39.9,0.09287000000000001
resnet50,0.29500000000000004,1.7650000000000001,11,251.2,0.09318000000000001,39.9,0.09287000000000001
resnet50,0.29500000000000004,2.0100000000000002,11,251.2,0.09318000000000001,39.9,0.09287000000000001
resnet50,0.29500000000000004,2.255,11,251.2,0.09318000000000001,39.9,0.09287000000000001
resnet50,0.54,0.05,11,251.2,0.09318000000000001,39.9,0.09287000000000001
resnet50,0.54,0.29500000000000004,11,251.2,0.09318000000000001,39.9,0.09287000000000001
resnet50,0.54,0.54,11,251.2,0.09318000000000001,39.9,0.09287000000000001
resnet50,0.54,0.7850000000000001,11,251.2,0.09318000000000001,39.9,0.09287000000000001
resnet50,0.54,1.03,11,251.2,0.09318000000000001,39.9,0.09287000000000001
resnet50,0.54,1.2750000000000001,11,251.2,0.09318000000000001,39.9,0.09287000000000001
resnet50,0.54,1.5200000000000002,11,251.2,0.09318000000000001,39.9,0.09287000000000001
resnet50,0.54,1.7650000000000001,11,251.2,0.09318000000000001,39.9,0.09287000000000001
resnet50,0.54,2.0100000000000002,11,251.2,0.09318000000000001,39.9,0.09287000000000001
resnet50,0.54,2.255,11,251.2,0.09318000000000001,39.9,0.09287000000000001
resnet50,0.7850000000000001,0.05,11,251.2,0.09318000000000001,39.9,0.09287000000000001
resnet50,0.7850000000000001,0.29500000000000004,11,251.2,0.09318000000000001,39.9,0.09287000000000001
resnet50,0.7850000000000001,0.54,11,251.2,0.09318000000000001,39.9,0.09287000000000001
resnet50,0.7850000000000001,0.7850000000000001,11,251.2,0.09318000000000001,39.9,0.09287000000000001
resnet50,0.7850000000000001,1.03,11,251.2,0.09318000000000001,39.9,0.09287000000000001
resnet50,0.7850000000000001,1.2750000000000001,11,251.2,0.09318000000000001,16.6,0.09273
resnet50,0.7850000000000001,1.5200000000000002,11,251.2,0.09318000000000001,16.6,0.09273
resnet50,0.7850000000000001,1.7650000000000001,11,251.2,0.09318000000000001,16.6,0.09273
resnet50,0.7850000000000001,2.0100000000000002,11,251.2,0.09318000000000001,16.6,0.09273
resnet50,0.7850000000000001,2.255,11,251.2,0.09318000000000001,16.6,0.09273
resnet50,1.03,0.05,11,251.2,0.09318000000000001,39.9,0.09287000000000001
resnet50,1.03,0.29500000000000004,11,251.2,0.09318000000000001,39.9,0.09287000000000001
resnet50,1.03,0.54,11,251.2,0.09318000000000001,26.3,0.09318000000000001
resnet50,1.03,0.7850000000000001,11,251.2,0.09318000000000001,26.1,0.09318000000000001
resnet50,1.03,1.03,11,251.2,0.09318000000000001,26.1,0.09318000000000001
resnet50,1.03,1.2750000000000001,11,251.2,0.09318000000000001,16.2,0.09273
resnet50,1.03,1.5200000000000002,11,251.2,0.09318000000000001,16.2,0.09273
resnet50,1.03,1.7650000000000001,11,251.2,0.09318000000000001,16.2,0.09273
resnet50,1.03,2.0100000000000002,11,251.2,0.09318000000000001,16.2,0.09273
resnet50,1.03,2.255,11,251.2,0.09318000000000001,16.2,0.09273
resnet50,1.2750000000000001,0.05,11,251.2,0.09318000000000001,39.9,0.09287000000000001
resnet50,1.2750000000000001,0.29500000000000004,11,251.2,0.09318000000000001,39.9,0.09287000000000001
resnet50,1.2750000000000001,0.54,11,251.2,0.09318000000000001,26.3,0.09318000000000001
resnet50,1.2750000000000001,0.7850000000000001,11,251.2,0.09318000000000001,5.6,0.09156
resnet50,1.2750000000000001,1.03,11,251.2,0.09318000000000001,5.6,0.09156
resnet50,1.2750000000000001,1.2750000000000001,11,251.2,0.09318000000000001,5.6,0.09156
resnet50,1.2750000000000001,1.5200000000000002,11,251.2,0.09318000000000001,5.6,0.09156
resnet50,1.2750000000000001,1.7650000000000001,11,251.2,0.09318000000000001,5.6,0.09156
resnet50,1.2750000000000001,2.0100000000000002,11,251.2,0.09318000000000001,5.6,0.09156
resnet50,1.2750000000000001,2.255,11,251.2,0.09318000000000001,5.6,0.09156
resnet50,1.5200000000000002,0.05,11,251.2,0.09318000000000001,39.9,0.09287000000000001
resnet50,1.5200000000000002,0.29500000000000004,11,251.2,0.09318000000000001,39.9,0.09287000000000001
resnet50,1.5200000000000002,0.54,11,251.2,0.09318000000000001,26.3,0.09318000000000001
resnet50,1.5200000000000002,0.7850000000000001,11,251.2,0.09318000000000001,5.1,0.09114
resnet50,1.5200000000000002,1.03,11,251.2,0.09318000000000001,3.8,0.09009999999999999
resnet50,1.5200000000000002,1.2750000000000001,11,251.2,0.09318000000000001,3.8,0.09009999999999999
resnet50,1.5200000000000002,1.5200000000000002,11,251.2,0.09318000000000001,3.8,0.09009999999999999
resnet50,1.5200000000000002,1.7650000000000001,11,251.2,0.09318000000000001,3.8,0.09009999999999999
resnet50,1.5200000000000002,2.0100000000000002,11,251.2,0.09318000000000001,3.8,0.09009999999999999
resnet50,1.5200000000000002,2.255,11,251.2,0.09318000000000001,3.8,0.09009999999999999
resnet50,1.7650000000000001,0.05,11,251.2,0.09318000000000001,39.9,0.09287000000000001
resnet50,1.7650000000000001,0.29500000000000004,11,251.2,0.09318000000000001,39.9,0.09287000000000001
resnet50,1.7650000000000001,0.54,11,251.2,0.09318000000000001,26.3,0.09318000000000001
resnet50,1.7650000000000001,0.7850000000000001,11,251.2,0.09318000000000001,5.1,0.09114
resnet50,1.7650000000000001,1.03,11,251.2,0.09318000000000001,3.8,0.09009999999999999
resnet50,1.7650000000000001,1.2750000000000001,11,251.2,0.09318000000000001,3.8,0.09009999999999999
resnet50,1.7650000000000001,1.5200000000000002,11,251.2,0.09318000000000001,3.8,0.09009999999999999
resnet50,1.7650000000000001,1.7650000000000001,11,251.2,0.09318000000000001,3.2,0.08963
resnet50,1.7650000000000001,2.0100000000000002,11,251.2,0.09318000000000001,3.2,0.08963
resnet50,1.7650000000000001,2.255,11,251.2,0.09318000000000001,3.2,0.08963
resnet50,2.0100000000000002,0.05,11,251.2,0.09318000000000001,39.9,0.09287000000000001
resnet50,2.0100000000000002,0.29500000000000004,11,251.2,0.09318000000000001,39.9,0.09287000000000001
resnet50,2.0100000000000002,0.54,11,251.2,0.09318000000000001,26.3,0.09318000000000001
resnet50,2.0100000000000002,0.7850000000000001,11,251.2,0.09318000000000001,5.1,0.09114
resnet50,2.0100000000000002,1.03,11,251.2,0.09318000000000001,3.8,0.09009999999999999
resnet50,2.0100000000000002,1.2750000000000001,11,251.2,0.09318000000000001,3.8,0.09009999999999999
resnet50,2.0100000000000002,1.5200000000000002,11,251.2,0.09318000000000001,3.8,0.09009999999999999
resnet50,2.0100000000000002,1.7650000000000001,11,251.2,0.09318000000000001,3.2,0.08963
resnet50,2.0100000000000002,2.0100000000000002,11,251.2,0.09318000000000001,3.2,0.08963
resnet50,2.0100000000000002,2.255,11,251.2,0.09318000000000001,3.2,0.08963
resnet50,2.255,0.05,11,251.2,0.09318000000000001,39.9,0.09287000000000001
resnet50,2.255,0.29500000000000004,11,251.2,0.09318000000000001,39.9,0.09287000000000001
resnet50,2.255,0.54,11,251.2,0.09318000000000001,26.3,0.09318000000000001
resnet50,2.255,0.7850000000000001,11,251.2,0.09318000000000001,5.1,0.09114
resnet50,2.255,1.03,11,251.2,0.09318000000000001,3.8,0.09009999999999999
resnet50,2.255,1.2750000000000001,11,251.2,0.09318000000000001,3.8,0.09009999999999999
resnet50,2.255,1.5200000000000002,11,251.2,0.09318000000000001,3.8,0.09009999999999999
resnet50,2.255,1.7650000000000001,11,251.2,0.09318000000000001,3.2,0.08963
resnet50,2.255,2.0100000000000002,11,251.2,0.09318000000000001,3.2,0.08963
resnet50,2.255,2.255,11,251.2,0.09318000000000001,3.2,0.08963
resnet50,0.05,0.05,13,251.2,0.09318000000000001,39.9,0.09287000000000001
resnet50,0.05,0.29500000000000004,13,251.2,0.09318000000000001,39.9,0.09287000000000001
resnet50,0.05,0.54,13,251.2,0.09318000000000001,39.9,0.09287000000000001
resnet50,0.05,0.7850000000000001,13,251.2,0.09318000000000001,39.9,0.09287000000000001
resnet50,0.05,1.03,13,251.2,0.09318000000000001,39.9,0.09287000000000001
resnet50,0.05,1.2750000000000001,13,251.2,0.09318000000000001,39.9,0.09287000000000001
resnet50,0.05,1.5200000000000002,13,251.2,0.09318000000000001,39.9,0.09287000000000001
resnet50,0.05,1.7650000000000001,13,251.2,0.09318000000000001,39.9,0.09287000000000001
resnet50,0.05,2.0100000000000002,13,251.2,0.09318000000000001,39.9,0.09287000000000001
resnet50,0.05,2.255,13,251.2,0.09318000000000001,39.9,0.09287000000000001
resnet50,0.29500000000000004,0.05,13,251.2,0.09318000000000001,39.9,0.09287000000000001
resnet50,0.29500000000000004,0.29500000000000004,13,251.2,0.09318000000000001,39.9,0.09287000000000001
resnet50,0.29500000000000004,0.54,13,251.2,0.09318000000000001,39.9,0.09287000000000001
resnet50,0.29500000000000004,0.7850000000000001,13,251.2,0.09318000000000001,39.9,0.09287000000000001
resnet50,0.29500000000000004,1.03,13,251.2,0.09318000000000001,39.9,0.09287000000000001
resnet50,0.29500000000000004,1.2750000000000001,13,251.2,0.09318000000000001,39.9,0.09287000000000001
resnet50,0.29500000000000004,1.5200000000000002,13,251.2,0.09318000000000001,39.9,0.09287000000000001
resnet50,0.29500000000000004,1.7650000000000001,13,251.2,0.09318000000000001,39.9,0.09287000000000001
resnet50,0.29500000000000004,2.0100000000000002,13,251.2,0.09318000000000001,39.9,0.09287000000000001
resnet50,0.29500000000000004,2.255,13,251.2,0.09318000000000001,39.9,0.09287000000000001
resnet50,0.54,0.05,13,251.2,0.09318000000000001,39.9,0.09287000000000001
resnet50,0.54,0.29500000000000004,13,251.2,0.09318000000000001,39.9,0.09287000000000001
resnet50,0.54,0.54,13,251.2,0.09318000000000001,39.9,0.09287000000000001
resnet50,0.54,0.7850000000000001,13,251.2,0.09318000000000001,39.9,0.09287000000000001
resnet50,0.54,1.03,13,251.2,0.09318000000000001,39.9,0.09287000000000001
resnet50,0.54,1.2750000000000001,13,251.2,0.09318000000000001,39.9,0.09287000000000001
resnet50,0.54,1.5200000000000002,13,251.2,0.09318000000000001,39.9,0.09287000000000001
resnet50,0.54,1.7650000000000001,13,251.2,0.09318000000000001,39.9,0.09287000000000001
resnet50,0.54,2.0100000000000002,13,251.2,0.09318000000000001,39.9,0.09287000000000001
resnet50,0.54,2.255,13,251.2,0.09318000000000001,39.9,0.09287000000000001
resnet50,0.7850000000000001,0.05,13,251.2,0.09318000000000001,39.9,0.09287000000000001
resnet50,0.7850000000000001,0.29500000000000004,13,251.2,0.09318000000000001,39.9,0.09287000000000001
resnet50,0.7850000000000001,0.54,13,251.2,0.09318000000000001,39.9,0.09287000000000001
resnet50,0.7850000000000001,0.7850000000000001,13,251.2,0.09318000000000001,26.8,0.09318000000000001
resnet50,0.7850000000000001,1.03,13,251.2,0.09318000000000001,23.6,0.09318000000000001
resnet50,0.7850000000000001,1.2750000000000001,13,251.2,0.09318000000000001,23.6,0.09318000000000001
resnet50,0.7850000000000001,1.5200000000000002,13,251.2,0.09318000000000001,23.6,0.09318000000000001
resnet50,0.7850000000000001,1.7650000000000001,13,251.2,0.09318000000000001,23.6,0.09318000000000001
resnet50,0.7850000000000001,2.0100000000000002,13,251.2,0.09318000000000001,23.6,0.09318000000000001
resnet50,0.7850000000000001,2.255,13,251.2,0.09318000000000001,23.6,0.09318000000000001
resnet50,1.03,0.05,13,251.2,0.09318000000000001,39.9,0.09287000000000001
resnet50,1.03,0.29500000000000004,13,251.2,0.09318000000000001,39.9,0.09287000000000001
resnet50,1.03,0.54,13,251.2,0.09318000000000001,39.9,0.09287000000000001
resnet50,1.03,0.7850000000000001,13,251.2,0.09318000000000001,26.2,0.09318000000000001
resnet50,1.03,1.03,13,251.2,0.09318000000000001,22.7,0.09318000000000001
resnet50,1.03,1.2750000000000001,13,251.2,0.09318000000000001,22.7,0.09318000000000001
resnet50,1.03,1.5200000000000002,13,251.2,0.09318000000000001,22.7,0.09318000000000001
resnet50,1.03,1.7650000000000001,13,251.2,0.09318000000000001,22.7,0.09318000000000001
resnet50,1.03,2.0100000000000002,13,251.2,0.09318000000000001,22.7,0.09318000000000001
resnet50,1.03,2.255,13,251.2,0.09318000000000001,22.7,0.09318000000000001
resnet50,1.2750000000000001,0.05,13,251.2,0.09318000000000001,39.9,0.09287000000000001
resnet50,1.2750000000000001,0.29500000000000004,13,251.2,0.09318000000000001,39.9,0.09287000000000001
resnet50,1.2750000000000001,0.54,13,251.2,0.09318000000000001,39.9,0.09287000000000001
resnet50,1.2750000000000001,0.7850000000000001,13,251.2,0.09318000000000001,11.8,0.09273
resnet50,1.2750000000000001,1.03,13,251.2,0.09318000000000001,5.3,0.09114
resnet50,1.2750000000000001,1.2750000000000001,13,251.2,0.09318000000000001,4.0,0.09009999999999999
resnet50,1.2750000000000001,1.5200000000000002,13,251.2,0.09318000000000001,4.0,0.09009999999999999
resnet50,1.2750000000000001,1.7650000000000001,13,251.2,0.09318000000000001,4.0,0.09009999999999999
resnet50,1.2750000000000001,2.0100000000000002,13,251.2,0.09318000000000001,4.0,0.09009999999999999
resnet50,1.2750000000000001,2.255,13,251.2,0.09318000000000001,4.0,0.09009999999999999
resnet50,1.5200000000000002,0.05,13,251.2,0.09318000000000001,39.9,0.09287000000000001
resnet50,1.5200000000000002,0.29500000000000004,13,251.2,0.09318000000000001,39.9,0.09287000000000001
resnet50,1.5200000000000002,0.54,13,251.2,0.09318000000000001,39.9,0.09331999999999999
resnet50,1.5200000000000002,0.7850000000000001,13,251.2,0.09318000000000001,11.8,0.09273
resnet50,1.5200000000000002,1.03,13,251.2,0.09318000000000001,5.3,0.09114
resnet50,1.5200000000000002,1.2750000000000001,13,251.2,0.09318000000000001,4.0,0.09009999999999999
resnet50,1.5200000000000002,1.5200000000000002,13,251.2,0.09318000000000001,4.0,0.09009999999999999
resnet50,1.5200000000000002,1.7650000000000001,13,251.2,0.09318000000000001,4.0,0.09009999999999999
resnet50,1.5200000000000002,2.0100000000000002,13,251.2,0.09318000000000001,4.0,0.09009999999999999
resnet50,1.5200000000000002,2.255,13,251.2,0.09318000000000001,4.0,0.09009999999999999
resnet50,1.7650000000000001,0.05,13,251.2,0.09318000000000001,39.9,0.09287000000000001
resnet50,1.7650000000000001,0.29500000000000004,13,251.2,0.09318000000000001,39.9,0.09287000000000001
resnet50,1.7650000000000001,0.54,13,251.2,0.09318000000000001,39.9,0.09331999999999999
resnet50,1.7650000000000001,0.7850000000000001,13,251.2,0.09318000000000001,11.8,0.09273
resnet50,1.7650000000000001,1.03,13,251.2,0.09318000000000001,5.3,0.09114
resnet50,1.7650000000000001,1.2750000000000001,13,251.2,0.09318000000000001,3.8,0.09009999999999999
resnet50,1.7650000000000001,1.5200000000000002,13,251.2,0.09318000000000001,3.4,0.08963
resnet50,1.7650000000000001,1.7650000000000001,13,251.2,0.09318000000000001,3.4,0.08963
resnet50,1.7650000000000001,2.0100000000000002,13,251.2,0.09318000000000001,3.4,0.08963
resnet50,1.7650000000000001,2.255,13,251.2,0.09318000000000001,3.4,0.08963
resnet50,2.0100000000000002,0.05,13,251.2,0.09318000000000001,39.9,0.09287000000000001
resnet50,2.0100000000000002,0.29500000000000004,13,251.2,0.09318000000000001,39.9,0.09287000000000001
resnet50,2.0100000000000002,0.54,13,251.2,0.09318000000000001,39.9,0.09331999999999999
resnet50,2.0100000000000002,0.7850000000000001,13,251.2,0.09318000000000001,11.8,0.09273
resnet50,2.0100000000000002,1.03,13,251.2,0.09318000000000001,5.3,0.09114
resnet50,2.0100000000000002,1.2750000000000001,13,251.2,0.09318000000000001,3.8,0.09009999999999999
resnet50,2.0100000000000002,1.5200000000000002,13,251.2,0.09318000000000001,3.4,0.08963
resnet50,2.0100000000000002,1.7650000000000001,13,251.2,0.09318000000000001,3.4,0.08963
resnet50,2.0100000000000002,2.0100000000000002,13,251.2,0.09318000000000001,3.4,0.08963
resnet50,2.0100000000000002,2.255,13,251.2,0.09318000000000001,3.4,0.08963
resnet50,2.255,0.05,13,251.2,0.09318000000000001,39.9,0.09287000000000001
resnet50,2.255,0.29500000000000004,13,251.2,0.09318000000000001,39.9,0.09287000000000001
resnet50,2.255,0.54,13,251.2,0.09318000000000001,39.9,0.09331999999999999
resnet50,2.255,0.7850000000000001,13,251.2,0.09318000000000001,11.8,0.09273
resnet50,2.255,1.03,13,251.2,0.09318000000000001,5.3,0.09114
resnet50,2.255,1.2750000000000001,13,251.2,0.09318000000000001,3.8,0.09009999999999999
resnet50,2.255,1.5200000000000002,13,251.2,0.09318000000000001,3.4,0.08963
resnet50,2.255,1.7650000000000001,13,251.2,0.09318000000000001,3.4,0.08963
resnet50,2.255,2.0100000000000002,13,251.2,0.09318000000000001,3.4,0.08963
resnet50,2.255,2.255,13,251.2,0.09318000000000001,3.4,0.08963
resnet50,0.05,0.05,15,251.2,0.09318000000000001,39.9,0.09287000000000001
resnet50,0.05,0.29500000000000004,15,251.2,0.09318000000000001,39.9,0.09287000000000001
resnet50,0.05,0.54,15,251.2,0.09318000000000001,39.9,0.09287000000000001
resnet50,0.05,0.7850000000000001,15,251.2,0.09318000000000001,39.9,0.09287000000000001
resnet50,0.05,1.03,15,251.2,0.09318000000000001,39.9,0.09287000000000001
resnet50,0.05,1.2750000000000001,15,251.2,0.09318000000000001,39.9,0.09287000000000001
resnet50,0.05,1.5200000000000002,15,251.2,0.09318000000000001,39.9,0.09287000000000001
resnet50,0.05,1.7650000000000001,15,251.2,0.09318000000000001,39.9,0.09287000000000001
resnet50,0.05,2.0100000000000002,15,251.2,0.09318000000000001,39.9,0.09287000000000001
resnet50,0.05,2.255,15,251.2,0.09318000000000001,39.9,0.09287000000000001
resnet50,0.29500000000000004,0.05,15,251.2,0.09318000000000001,39.9,0.09287000000000001
resnet50,0.29500000000000004,0.29500000000000004,15,251.2,0.09318000000000001,39.9,0.09287000000000001
resnet50,0.29500000000000004,0.54,15,251.2,0.09318000000000001,39.9,0.09287000000000001
resnet50,0.29500000000000004,0.7850000000000001,15,251.2,0.09318000000000001,39.9,0.09287000000000001
resnet50,0.29500000000000004,1.03,15,251.2,0.09318000000000001,39.9,0.09287000000000001
resnet50,0.29500000000000004,1.2750000000000001,15,251.2,0.09318000000000001,39.9,0.09287000000000001
resnet50,0.29500000000000004,1.5200000000000002,15,251.2,0.09318000000000001,39.9,0.09287000000000001
resnet50,0.29500000000000004,1.7650000000000001,15,251.2,0.09318000000000001,39.9,0.09287000000000001
resnet50,0.29500000000000004,2.0100000000000002,15,251.2,0.09318000000000001,39.9,0.09287000000000001
resnet50,0.29500000000000004,2.255,15,251.2,0.09318000000000001,39.9,0.09287000000000001
resnet50,0.54,0.05,15,251.2,0.09318000000000001,39.9,0.09287000000000001
resnet50,0.54,0.29500000000000004,15,251.2,0.09318000000000001,39.9,0.09287000000000001
resnet50,0.54,0.54,15,251.2,0.09318000000000001,39.9,0.09287000000000001
resnet50,0.54,0.7850000000000001,15,251.2,0.09318000000000001,39.9,0.09287000000000001
resnet50,0.54,1.03,15,251.2,0.09318000000000001,39.9,0.09287000000000001
resnet50,0.54,1.2750000000000001,15,251.2,0.09318000000000001,39.9,0.09287000000000001
resnet50,0.54,1.5200000000000002,15,251.2,0.09318000000000001,39.9,0.09287000000000001
resnet50,0.54,1.7650000000000001,15,251.2,0.09318000000000001,39.9,0.09287000000000001
resnet50,0.54,2.0100000000000002,15,251.2,0.09318000000000001,39.9,0.09287000000000001
resnet50,0.54,2.255,15,251.2,0.09318000000000001,39.9,0.09287000000000001
resnet50,0.7850000000000001,0.05,15,251.2,0.09318000000000001,39.9,0.09287000000000001
resnet50,0.7850000000000001,0.29500000000000004,15,251.2,0.09318000000000001,39.9,0.09287000000000001
resnet50,0.7850000000000001,0.54,15,251.2,0.09318000000000001,26.6,0.09318000000000001
resnet50,0.7850000000000001,0.7850000000000001,15,251.2,0.09318000000000001,26.4,0.09318000000000001
resnet50,0.7850000000000001,1.03,15,251.2,0.09318000000000001,23.4,0.09318000000000001
resnet50,0.7850000000000001,1.2750000000000001,15,251.2,0.09318000000000001,23.4,0.09318000000000001
resnet50,0.7850000000000001,1.5200000000000002,15,251.2,0.09318000000000001,23.4,0.09318000000000001
resnet50,0.7850000000000001,1.7650000000000001,15,251.2,0.09318000000000001,23.4,0.09318000000000001
resnet50,0.7850000000000001,2.0100000000000002,15,251.2,0.09318000000000001,23.4,0.09318000000000001
resnet50,0.7850000000000001,2.255,15,251.2,0.09318000000000001,23.4,0.09318000000000001
resnet50,1.03,0.05,15,251.2,0.09318000000000001,39.9,0.09287000000000001
resnet50,1.03,0.29500000000000004,15,251.2,0.09318000000000001,39.9,0.09287000000000001
resnet50,1.03,0.54,15,251.2,0.09318000000000001,26.6,0.09318000000000001
resnet50,1.03,0.7850000000000001,15,251.2,0.09318000000000001,26.4,0.09318000000000001
resnet50,1.03,1.03,15,251.2,0.09318000000000001,22.9,0.09318000000000001
resnet50,1.03,1.2750000000000001,15,251.2,0.09318000000000001,22.9,0.09318000000000001
resnet50,1.03,1.5200000000000002,15,251.2,0.09318000000000001,22.9,0.09318000000000001
resnet50,1.03,1.7650000000000001,15,251.2,0.09318000000000001,22.9,0.09318000000000001
resnet50,1.03,2.0100000000000002,15,251.2,0.09318000000000001,22.9,0.09318000000000001
resnet50,1.03,2.255,15,251.2,0.09318000000000001,22.9,0.09318000000000001
resnet50,1.2750000000000001,0.05,15,251.2,0.09318000000000001,39.9,0.09287000000000001
resnet50,1.2750000000000001,0.29500000000000004,15,251.2,0.09318000000000001,39.9,0.09287000000000001
resnet50,1.2750000000000001,0.54,15,251.2,0.09318000000000001,26.6,0.09318000000000001
resnet50,1.2750000000000001,0.7850000000000001,15,251.2,0.09318000000000001,5.5,0.09156
resnet50,1.2750000000000001,1.03,15,251.2,0.09318000000000001,4.3,0.09059999999999999
resnet50,1.2750000000000001,1.2750000000000001,15,251.2,0.09318000000000001,4.3,0.09059999999999999
resnet50,1.2750000000000001,1.5200000000000002,15,251.2,0.09318000000000001,4.3,0.09059999999999999
resnet50,1.2750000000000001,1.7650000000000001,15,251.2,0.09318000000000001,4.3,0.09059999999999999
resnet50,1.2750000000000001,2.0100000000000002,15,251.2,0.09318000000000001,4.3,0.09059999999999999
resnet50,1.2750000000000001,2.255,15,251.2,0.09318000000000001,4.3,0.09059999999999999
resnet50,1.5200000000000002,0.05,15,251.2,0.09318000000000001,39.9,0.09287000000000001
resnet50,1.5200000000000002,0.29500000000000004,15,251.2,0.09318000000000001,39.9,0.09287000000000001
resnet50,1.5200000000000002,0.54,15,251.2,0.09318000000000001,26.6,0.09318000000000001
resnet50,1.5200000000000002,0.7850000000000001,15,251.2,0.09318000000000001,5.5,0.09156
resnet50,1.5200000000000002,1.03,15,251.2,0.09318000000000001,4.3,0.09059999999999999
resnet50,1.5200000000000002,1.2750000000000001,15,251.2,0.09318000000000001,4.2,0.09057
resnet50,1.5200000000000002,1.5200000000000002,15,251.2,0.09318000000000001,4.2,0.09057
resnet50,1.5200000000000002,1.7650000000000001,15,251.2,0.09318000000000001,4.2,0.09057
resnet50,1.5200000000000002,2.0100000000000002,15,251.2,0.09318000000000001,4.2,0.09057
resnet50,1.5200000000000002,2.255,15,251.2,0.09318000000000001,4.2,0.09057
resnet50,1.7650000000000001,0.05,15,251.2,0.09318000000000001,39.9,0.09287000000000001
resnet50,1.7650000000000001,0.29500000000000004,15,251.2,0.09318000000000001,39.9,0.09287000000000001
resnet50,1.7650000000000001,0.54,15,251.2,0.09318000000000001,26.6,0.09318000000000001
resnet50,1.7650000000000001,0.7850000000000001,15,251.2,0.09318000000000001,5.5,0.09156
resnet50,1.7650000000000001,1.03,15,251.2,0.09318000000000001,4.3,0.09059999999999999
resnet50,1.7650000000000001,1.2750000000000001,15,251.2,0.09318000000000001,3.6,0.08983
resnet50,1.7650000000000001,1.5200000000000002,15,251.2,0.09318000000000001,3.6,0.08983
resnet50,1.7650000000000001,1.7650000000000001,15,251.2,0.09318000000000001,3.6,0.08983
resnet50,1.7650000000000001,2.0100000000000002,15,251.2,0.09318000000000001,3.6,0.08983
resnet50,1.7650000000000001,2.255,15,251.2,0.09318000000000001,3.6,0.08983
resnet50,2.0100000000000002,0.05,15,251.2,0.09318000000000001,39.9,0.09287000000000001
resnet50,2.0100000000000002,0.29500000000000004,15,251.2,0.09318000000000001,39.9,0.09287000000000001
resnet50,2.0100000000000002,0.54,15,251.2,0.09318000000000001,26.6,0.09318000000000001
resnet50,2.0100000000000002,0.7850000000000001,15,251.2,0.09318000000000001,5.5,0.09156
resnet50,2.0100000000000002,1.03,15,251.2,0.09318000000000001,4.3,0.09059999999999999
resnet50,2.0100000000000002,1.2750000000000001,15,251.2,0.09318000000000001,3.6,0.08983
resnet50,2.0100000000000002,1.5200000000000002,15,251.2,0.09318000000000001,3.6,0.08983
resnet50,2.0100000000000002,1.7650000000000001,15,251.2,0.09318000000000001,3.6,0.08983
resnet50,2.0100000000000002,2.0100000000000002,15,251.2,0.09318000000000001,3.6,0.08983
resnet50,2.0100000000000002,2.255,15,251.2,0.09318000000000001,3.6,0.08983
resnet50,2.255,0.05,15,251.2,0.09318000000000001,39.9,0.09287000000000001
resnet50,2.255,0.29500000000000004,15,251.2,0.09318000000000001,39.9,0.09287000000000001
resnet50,2.255,0.54,15,251.2,0.09318000000000001,26.6,0.09318000000000001
resnet50,2.255,0.7850000000000001,15,251.2,0.09318000000000001,5.5,0.09156
resnet50,2.255,1.03,15,251.2,0.09318000000000001,4.3,0.09059999999999999
resnet50,2.255,1.2750000000000001,15,251.2,0.09318000000000001,3.6,0.08983
resnet50,2.255,1.5200000000000002,15,251.2,0.09318000000000001,3.6,0.08983
resnet50,2.255,1.7650000000000001,15,251.2,0.09318000000000001,3.6,0.08983
resnet50,2.255,2.0100000000000002,15,251.2,0.09318000000000001,3.6,0.08983
resnet50,2.255,2.255,15,251.2,0.09318000000000001,3.6,0.08983
resnet50,0.05,0.05,17,251.2,0.09318000000000001,39.9,0.09287000000000001
resnet50,0.05,0.29500000000000004,17,251.2,0.09318000000000001,39.9,0.09287000000000001
resnet50,0.05,0.54,17,251.2,0.09318000000000001,39.9,0.09287000000000001
resnet50,0.05,0.7850000000000001,17,251.2,0.09318000000000001,39.9,0.09287000000000001
resnet50,0.05,1.03,17,251.2,0.09318000000000001,39.9,0.09287000000000001
resnet50,0.05,1.2750000000000001,17,251.2,0.09318000000000001,39.9,0.09287000000000001
resnet50,0.05,1.5200000000000002,17,251.2,0.09318000000000001,39.9,0.09287000000000001
resnet50,0.05,1.7650000000000001,17,251.2,0.09318000000000001,39.9,0.09287000000000001
resnet50,0.05,2.0100000000000002,17,251.2,0.09318000000000001,39.9,0.09287000000000001
resnet50,0.05,2.255,17,251.2,0.09318000000000001,39.9,0.09287000000000001
resnet50,0.29500000000000004,0.05,17,251.2,0.09318000000000001,39.9,0.09287000000000001
resnet50,0.29500000000000004,0.29500000000000004,17,251.2,0.09318000000000001,39.9,0.09287000000000001
resnet50,0.29500000000000004,0.54,17,251.2,0.09318000000000001,39.9,0.09287000000000001
resnet50,0.29500000000000004,0.7850000000000001,17,251.2,0.09318000000000001,39.9,0.09287000000000001
resnet50,0.29500000000000004,1.03,17,251.2,0.09318000000000001,39.9,0.09287000000000001
resnet50,0.29500000000000004,1.2750000000000001,17,251.2,0.09318000000000001,39.9,0.09287000000000001
resnet50,0.29500000000000004,1.5200000000000002,17,251.2,0.09318000000000001,39.9,0.09287000000000001
resnet50,0.29500000000000004,1.7650000000000001,17,251.2,0.09318000000000001,39.9,0.09287000000000001
resnet50,0.29500000000000004,2.0100000000000002,17,251.2,0.09318000000000001,39.9,0.09287000000000001
resnet50,0.29500000000000004,2.255,17,251.2,0.09318000000000001,39.9,0.09287000000000001
resnet50,0.54,0.05,17,251.2,0.09318000000000001,39.9,0.09287000000000001
resnet50,0.54,0.29500000000000004,17,251.2,0.09318000000000001,39.9,0.09287000000000001
resnet50,0.54,0.54,17,251.2,0.09318000000000001,39.9,0.09287000000000001
resnet50,0.54,0.7850000000000001,17,251.2,0.09318000000000001,39.9,0.09287000000000001
resnet50,0.54,1.03,17,251.2,0.09318000000000001,39.9,0.09287000000000001
resnet50,0.54,1.2750000000000001,17,251.2,0.09318000000000001,24.3,0.09318000000000001
resnet50,0.54,1.5200000000000002,17,251.2,0.09318000000000001,24.3,0.09318000000000001
resnet50,0.54,1.7650000000000001,17,251.2,0.09318000000000001,24.3,0.09318000000000001
resnet50,0.54,2.0100000000000002,17,251.2,0.09318000000000001,24.3,0.09318000000000001
resnet50,0.54,2.255,17,251.2,0.09318000000000001,24.3,0.09318000000000001
resnet50,0.7850000000000001,0.05,17,251.2,0.09318000000000001,39.9,0.09287000000000001
resnet50,0.7850000000000001,0.29500000000000004,17,251.2,0.09318000000000001,26.9,0.09318000000000001
resnet50,0.7850000000000001,0.54,17,251.2,0.09318000000000001,26.7,0.09318000000000001
resnet50,0.7850000000000001,0.7850000000000001,17,251.2,0.09318000000000001,25.2,0.09318000000000001
resnet50,0.7850000000000001,1.03,17,251.2,0.09318000000000001,25.0,0.09318000000000001
resnet50,0.7850000000000001,1.2750000000000001,17,251.2,0.09318000000000001,23.2,0.09318000000000001
resnet50,0.7850000000000001,1.5200000000000002,17,251.2,0.09318000000000001,23.2,0.09318000000000001
resnet50,0.7850000000000001,1.7650000000000001,17,251.2,0.09318000000000001,23.2,0.09318000000000001
resnet50,0.7850000000000001,2.0100000000000002,17,251.2,0.09318000000000001,23.2,0.09318000000000001
resnet50,0.7850000000000001,2.255,17,251.2,0.09318000000000001,23.2,0.09318000000000001
resnet50,1.03,0.05,17,251.2,0.09318000000000001,39.9,0.09287000000000001
resnet50,1.03,0.29500000000000004,17,251.2,0.09318000000000001,26.9,0.09318000000000001
resnet50,1.03,0.54,17,251.2,0.09318000000000001,26.7,0.09318000000000001
resnet50,1.03,0.7850000000000001,17,251.2,0.09318000000000001,25.2,0.09318000000000001
resnet50,1.03,1.03,17,251.2,0.09318000000000001,25.0,0.09318000000000001
resnet50,1.03,1.2750000000000001,17,251.2,0.09318000000000001,23.0,0.09318000000000001
resnet50,1.03,1.5200000000000002,17,251.2,0.09318000000000001,23.0,0.09318000000000001
resnet50,1.03,1.7650000000000001,17,251.2,0.09318000000000001,23.0,0.09318000000000001
resnet50,1.03,2.0100000000000002,17,251.2,0.09318000000000001,23.0,0.09318000000000001
resnet50,1.03,2.255,17,251.2,0.09318000000000001,23.0,0.09318000000000001
resnet50,1.2750000000000001,0.05,17,251.2,0.09318000000000001,39.9,0.09287000000000001
resnet50,1.2750000000000001,0.29500000000000004,17,251.2,0.09318000000000001,26.9,0.09318000000000001
resnet50,1.2750000000000001,0.54,17,251.2,0.09318000000000001,26.7,0.09318000000000001
resnet50,1.2750000000000001,0.7850000000000001,17,251.2,0.09318000000000001,21.7,0.09318000000000001
resnet50,1.2750000000000001,1.03,17,251.2,0.09318000000000001,4.5,0.09114
resnet50,1.2750000000000001,1.2750000000000001,17,251.2,0.09318000000000001,4.5,0.09114
resnet50,1.2750000000000001,1.5200000000000002,17,251.2,0.09318000000000001,4.5,0.09114
resnet50,1.2750000000000001,1.7650000000000001,17,251.2,0.09318000000000001,4.5,0.09114
resnet50,1.2750000000000001,2.0100000000000002,17,251.2,0.09318000000000001,4.5,0.09114
resnet50,1.2750000000000001,2.255,17,251.2,0.09318000000000001,4.5,0.09114
resnet50,1.5200000000000002,0.05,17,251.2,0.09318000000000001,39.9,0.09287000000000001
resnet50,1.5200000000000002,0.29500000000000004,17,251.2,0.09318000000000001,26.9,0.09318000000000001
resnet50,1.5200000000000002,0.54,17,251.2,0.09318000000000001,26.7,0.09318000000000001
resnet50,1.5200000000000002,0.7850000000000001,17,251.2,0.09318000000000001,12.2,0.09273
resnet50,1.5200000000000002,1.03,17,251.2,0.09318000000000001,4.5,0.09114
resnet50,1.5200000000000002,1.2750000000000001,17,251.2,0.09318000000000001,4.5,0.09114
resnet50,1.5200000000000002,1.5200000000000002,17,251.2,0.09318000000000001,4.5,0.09114
resnet50,1.5200000000000002,1.7650000000000001,17,251.2,0.09318000000000001,4.5,0.09114
resnet50,1.5200000000000002,2.0100000000000002,17,251.2,0.09318000000000001,4.5,0.09114
resnet50,1.5200000000000002,2.255,17,251.2,0.09318000000000001,4.5,0.09114
resnet50,1.7650000000000001,0.05,17,251.2,0.09318000000000001,39.9,0.09287000000000001
resnet50,1.7650000000000001,0.29500000000000004,17,251.2,0.09318000000000001,26.9,0.09318000000000001
resnet50,1.7650000000000001,0.54,17,251.2,0.09318000000000001,26.7,0.09318000000000001
resnet50,1.7650000000000001,0.7850000000000001,17,251.2,0.09318000000000001,12.2,0.09273
resnet50,1.7650000000000001,1.03,17,251.2,0.09318000000000001,4.5,0.09114
resnet50,1.7650000000000001,1.2750000000000001,17,251.2,0.09318000000000001,4.5,0.09114
resnet50,1.7650000000000001,1.5200000000000002,17,251.2,0.09318000000000001,4.5,0.09114
resnet50,1.7650000000000001,1.7650000000000001,17,251.2,0.09318000000000001,4.5,0.09114
resnet50,1.7650000000000001,2.0100000000000002,17,251.2,0.09318000000000001,4.5,0.09114
resnet50,1.7650000000000001,2.255,17,251.2,0.09318000000000001,4.5,0.09114
resnet50,2.0100000000000002,0.05,17,251.2,0.09318000000000001,39.9,0.09287000000000001
resnet50,2.0100000000000002,0.29500000000000004,17,251.2,0.09318000000000001,26.9,0.09318000000000001
resnet50,2.0100000000000002,0.54,17,251.2,0.09318000000000001,26.7,0.09318000000000001
resnet50,2.0100000000000002,0.7850000000000001,17,251.2,0.09318000000000001,12.2,0.09273
resnet50,2.0100000000000002,1.03,17,251.2,0.09318000000000001,4.5,0.09114
resnet50,2.0100000000000002,1.2750000000000001,17,251.2,0.09318000000000001,4.5,0.09114
resnet50,2.0100000000000002,1.5200000000000002,17,251.2,0.09318000000000001,4.5,0.09114
resnet50,2.0100000000000002,1.7650000000000001,17,251.2,0.09318000000000001,4.5,0.09114
resnet50,2.0100000000000002,2.0100000000000002,17,251.2,0.09318000000000001,4.5,0.09114
resnet50,2.0100000000000002,2.255,17,251.2,0.09318000000000001,4.5,0.09114
resnet50,2.255,0.05,17,251.2,0.09318000000000001,39.9,0.09287000000000001
resnet50,2.255,0.29500000000000004,17,251.2,0.09318000000000001,26.9,0.09318000000000001
resnet50,2.255,0.54,17,251.2,0.09318000000000001,26.7,0.09318000000000001
resnet50,2.255,0.7850000000000001,17,251.2,0.09318000000000001,12.2,0.09273
resnet50,2.255,1.03,17,251.2,0.09318000000000001,4.5,0.09114
resnet50,2.255,1.2750000000000001,17,251.2,0.09318000000000001,4.5,0.09114
resnet50,2.255,1.5200000000000002,17,251.2,0.09318000000000001,3.8,0.09009999999999999
resnet50,2.255,1.7650000000000001,17,251.2,0.09318000000000001,3.8,0.09009999999999999
resnet50,2.255,2.0100000000000002,17,251.2,0.09318000000000001,3.8,0.09009999999999999
resnet50,2.255,2.255,17,251.2,0.09318000000000001,3.8,0.09009999999999999
resnet50,0.05,0.05,19,251.2,0.09318000000000001,39.9,0.09287000000000001
resnet50,0.05,0.29500000000000004,19,251.2,0.09318000000000001,39.9,0.09287000000000001
resnet50,0.05,0.54,19,251.2,0.09318000000000001,39.9,0.09287000000000001
resnet50,0.05,0.7850000000000001,19,251.2,0.09318000000000001,39.9,0.09287000000000001
resnet50,0.05,1.03,19,251.2,0.09318000000000001,39.9,0.09287000000000001
resnet50,0.05,1.2750000000000001,19,251.2,0.09318000000000001,39.9,0.09287000000000001
resnet50,0.05,1.5200000000000002,19,251.2,0.09318000000000001,39.9,0.09287000000000001
resnet50,0.05,1.7650000000000001,19,251.2,0.09318000000000001,39.9,0.09287000000000001
resnet50,0.05,2.0100000000000002,19,251.2,0.09318000000000001,39.9,0.09287000000000001
resnet50,0.05,2.255,19,251.2,0.09318000000000001,39.9,0.09287000000000001
resnet50,0.29500000000000004,0.05,19,251.2,0.09318000000000001,39.9,0.09287000000000001
resnet50,0.29500000000000004,0.29500000000000004,19,251.2,0.09318000000000001,39.9,0.09287000000000001
resnet50,0.29500000000000004,0.54,19,251.2,0.09318000000000001,39.9,0.09287000000000001
resnet50,0.29500000000000004,0.7850000000000001,19,251.2,0.09318000000000001,39.9,0.09287000000000001
resnet50,0.29500000000000004,1.03,19,251.2,0.09318000000000001,39.9,0.09287000000000001
resnet50,0.29500000000000004,1.2750000000000001,19,251.2,0.09318000000000001,39.9,0.09287000000000001
resnet50,0.29500000000000004,1.5200000000000002,19,251.2,0.09318000000000001,39.9,0.09287000000000001
resnet50,0.29500000000000004,1.7650000000000001,19,251.2,0.09318000000000001,39.9,0.09287000000000001
resnet50,0.29500000000000004,2.0100000000000002,19,251.2,0.09318000000000001,39.9,0.09287000000000001
resnet50,0.29500000000000004,2.255,19,251.2,0.09318000000000001,39.9,0.09287000000000001
resnet50,0.54,0.05,19,251.2,0.09318000000000001,39.9,0.09287000000000001
resnet50,0.54,0.29500000000000004,19,251.2,0.09318000000000001,39.9,0.09287000000000001
resnet50,0.54,0.54,19,251.2,0.09318000000000001,39.9,0.09287000000000001
resnet50,0.54,0.7850000000000001,19,251.2,0.09318000000000001,25.2,0.09318000000000001
resnet50,0.54,1.03,19,251.2,0.09318000000000001,25.1,0.09318000000000001
resnet50,0.54,1.2750000000000001,19,251.2,0.09318000000000001,25.1,0.09318000000000001
resnet50,0.54,1.5200000000000002,19,251.2,0.09318000000000001,25.1,0.09318000000000001
resnet50,0.54,1.7650000000000001,19,251.2,0.09318000000000001,25.1,0.09318000000000001
resnet50,0.54,2.0100000000000002,19,251.2,0.09318000000000001,25.1,0.09318000000000001
resnet50,0.54,2.255,19,251.2,0.09318000000000001,25.1,0.09318000000000001
resnet50,0.7850000000000001,0.05,19,251.2,0.09318000000000001,39.9,0.09287000000000001
resnet50,0.7850000000000001,0.29500000000000004,19,251.2,0.09318000000000001,39.9,0.09287000000000001
resnet50,0.7850000000000001,0.54,19,251.2,0.09318000000000001,25.5,0.09318000000000001
resnet50,0.7850000000000001,0.7850000000000001,19,251.2,0.09318000000000001,25.2,0.09318000000000001
resnet50,0.7850000000000001,1.03,19,251.2,0.09318000000000001,25.1,0.09318000000000001
resnet50,0.7850000000000001,1.2750000000000001,19,251.2,0.09318000000000001,23.4,0.09318000000000001
resnet50,0.7850000000000001,1.5200000000000002,19,251.2,0.09318000000000001,23.4,0.09318000000000001
resnet50,0.7850000000000001,1.7650000000000001,19,251.2,0.09318000000000001,23.4,0.09318000000000001
resnet50,0.7850000000000001,2.0100000000000002,19,251.2,0.09318000000000001,23.4,0.09318000000000001
resnet50,0.7850000000000001,2.255,19,251.2,0.09318000000000001,23.4,0.09318000000000001
resnet50,1.03,0.05,19,251.2,0.09318000000000001,39.9,0.09287000000000001
resnet50,1.03,0.29500000000000004,19,251.2,0.09318000000000001,39.9,0.09287000000000001
resnet50,1.03,0.54,19,251.2,0.09318000000000001,25.5,0.09318000000000001
resnet50,1.03,0.7850000000000001,19,251.2,0.09318000000000001,25.2,0.09318000000000001
resnet50,1.03,1.03,19,251.2,0.09318000000000001,20.7,0.09318000000000001
resnet50,1.03,1.2750000000000001,19,251.2,0.09318000000000001,20.7,0.09318000000000001
resnet50,1.03,1.5200000000000002,19,251.2,0.09318000000000001,20.7,0.09318000000000001
resnet50,1.03,1.7650000000000001,19,251.2,0.09318000000000001,20.7,0.09318000000000001
resnet50,1.03,2.0100000000000002,19,251.2,0.09318000000000001,20.7,0.09318000000000001
resnet50,1.03,2.255,19,251.2,0.09318000000000001,20.7,0.09318000000000001
resnet50,1.2750000000000001,0.05,19,251.2,0.09318000000000001,39.9,0.09287000000000001
resnet50,1.2750000000000001,0.29500000000000004,19,251.2,0.09318000000000001,39.9,0.09287000000000001
resnet50,1.2750000000000001,0.54,19,251.2,0.09318000000000001,25.5,0.09318000000000001
resnet50,1.2750000000000001,0.7850000000000001,19,251.2,0.09318000000000001,12.4,0.09273
resnet50,1.2750000000000001,1.03,19,251.2,0.09318000000000001,4.7,0.09114
resnet50,1.2750000000000001,1.2750000000000001,19,251.2,0.09318000000000001,4.7,0.09114
resnet50,1.2750000000000001,1.5200000000000002,19,251.2,0.09318000000000001,4.7,0.09114
resnet50,1.2750000000000001,1.7650000000000001,19,251.2,0.09318000000000001,4.7,0.09114
resnet50,1.2750000000000001,2.0100000000000002,19,251.2,0.09318000000000001,4.7,0.09114
resnet50,1.2750000000000001,2.255,19,251.2,0.09318000000000001,4.7,0.09114
resnet50,1.5200000000000002,0.05,19,251.2,0.09318000000000001,39.9,0.09287000000000001
resnet50,1.5200000000000002,0.29500000000000004,19,251.2,0.09318000000000001,39.9,0.09287000000000001
resnet50,1.5200000000000002,0.54,19,251.2,0.09318000000000001,25.5,0.09318000000000001
resnet50,1.5200000000000002,0.7850000000000001,19,251.2,0.09318000000000001,12.4,0.09273
resnet50,1.5200000000000002,1.03,19,251.2,0.09318000000000001,4.7,0.09114
resnet50,1.5200000000000002,1.2750000000000001,19,251.2,0.09318000000000001,4.7,0.09114
resnet50,1.5200000000000002,1.5200000000000002,19,251.2,0.09318000000000001,4.7,0.09114
resnet50,1.5200000000000002,1.7650000000000001,19,251.2,0.09318000000000001,4.7,0.09114
resnet50,1.5200000000000002,2.0100000000000002,19,251.2,0.09318000000000001,4.7,0.09114
resnet50,1.5200000000000002,2.255,19,251.2,0.09318000000000001,4.7,0.09114
resnet50,1.7650000000000001,0.05,19,251.2,0.09318000000000001,39.9,0.09287000000000001
resnet50,1.7650000000000001,0.29500000000000004,19,251.2,0.09318000000000001,39.9,0.09287000000000001
resnet50,1.7650000000000001,0.54,19,251.2,0.09318000000000001,16.8,0.09273
resnet50,1.7650000000000001,0.7850000000000001,19,251.2,0.09318000000000001,12.4,0.09273
resnet50,1.7650000000000001,1.03,19,251.2,0.09318000000000001,4.7,0.09114
resnet50,1.7650000000000001,1.2750000000000001,19,251.2,0.09318000000000001,4.7,0.09114
resnet50,1.7650000000000001,1.5200000000000002,19,251.2,0.09318000000000001,4.7,0.09114
resnet50,1.7650000000000001,1.7650000000000001,19,251.2,0.09318000000000001,4.7,0.09114
resnet50,1.7650000000000001,2.0100000000000002,19,251.2,0.09318000000000001,4.7,0.09114
resnet50,1.7650000000000001,2.255,19,251.2,0.09318000000000001,4.7,0.09114
resnet50,2.0100000000000002,0.05,19,251.2,0.09318000000000001,39.9,0.09287000000000001
resnet50,2.0100000000000002,0.29500000000000004,19,251.2,0.09318000000000001,39.9,0.09287000000000001
resnet50,2.0100000000000002,0.54,19,251.2,0.09318000000000001,16.8,0.09273
resnet50,2.0100000000000002,0.7850000000000001,19,251.2,0.09318000000000001,12.4,0.09273
resnet50,2.0100000000000002,1.03,19,251.2,0.09318000000000001,4.7,0.09114
resnet50,2.0100000000000002,1.2750000000000001,19,251.2,0.09318000000000001,4.7,0.09114
resnet50,2.0100000000000002,1.5200000000000002,19,251.2,0.09318000000000001,4.7,0.09114
resnet50,2.0100000000000002,1.7650000000000001,19,251.2,0.09318000000000001,4.7,0.09114
resnet50,2.0100000000000002,2.0100000000000002,19,251.2,0.09318000000000001,4.7,0.09114
resnet50,2.0100000000000002,2.255,19,251.2,0.09318000000000001,4.7,0.09114
resnet50,2.255,0.05,19,251.2,0.09318000000000001,39.9,0.09287000000000001
resnet50,2.255,0.29500000000000004,19,251.2,0.09318000000000001,39.9,0.09287000000000001
resnet50,2.255,0.54,19,251.2,0.09318000000000001,16.8,0.09273
resnet50,2.255,0.7850000000000001,19,251.2,0.09318000000000001,12.4,0.09273
resnet50,2.255,1.03,19,251.2,0.09318000000000001,4.7,0.09114
resnet50,2.255,1.2750000000000001,19,251.2,0.09318000000000001,4.7,0.09114
resnet50,2.255,1.5200000000000002,19,251.2,0.09318000000000001,4.7,0.09114
resnet50,2.255,1.7650000000000001,19,251.2,0.09318000000000001,4.7,0.09114
resnet50,2.255,2.0100000000000002,19,251.2,0.09318000000000001,4.7,0.09114
resnet50,2.255,2.255,19,251.2,0.09318000000000001,4.7,0.09114
