resnet101,0.05,0.05,5,211.1,0.09329000000000001,39.9,0.09320999999999999
resnet101,0.05,0.29500000000000004,5,211.1,0.09329000000000001,39.9,0.09320999999999999
resnet101,0.05,0.54,5,211.1,0.09329000000000001,39.9,0.09320999999999999
resnet101,0.05,0.7850000000000001,5,211.1,0.09329000000000001,39.9,0.09320999999999999
resnet101,0.05,1.03,5,211.1,0.09329000000000001,39.9,0.09320999999999999
resnet101,0.05,1.2750000000000001,5,211.1,0.09329000000000001,39.9,0.09320999999999999
resnet101,0.05,1.5200000000000002,5,211.1,0.09329000000000001,39.9,0.09320999999999999
resnet101,0.05,1.7650000000000001,5,211.1,0.09329000000000001,39.9,0.09320999999999999
resnet101,0.05,2.0100000000000002,5,211.1,0.09329000000000001,39.9,0.09320999999999999
resnet101,0.05,2.255,5,211.1,0.09329000000000001,39.9,0.09320999999999999
resnet101,0.29500000000000004,0.05,5,211.1,0.09329000000000001,39.9,0.09320999999999999
resnet101,0.29500000000000004,0.29500000000000004,5,211.1,0.09329000000000001,39.9,0.09320999999999999
resnet101,0.29500000000000004,0.54,5,211.1,0.09329000000000001,39.9,0.09320999999999999
resnet101,0.29500000000000004,0.7850000000000001,5,211.1,0.09329000000000001,39.9,0.09320999999999999
resnet101,0.29500000000000004,1.03,5,211.1,0.09329000000000001,39.9,0.09320999999999999
resnet101,0.29500000000000004,1.2750000000000001,5,211.1,0.09329000000000001,39.9,0.09320999999999999
resnet101,0.29500000000000004,1.5200000000000002,5,211.1,0.09329000000000001,39.9,0.09320999999999999
resnet101,0.29500000000000004,1.7650000000000001,5,211.1,0.09329000000000001,39.9,0.09320999999999999
resnet101,0.29500000000000004,2.0100000000000002,5,211.1,0.09329000000000001,39.9,0.09320999999999999
resnet101,0.29500000000000004,2.255,5,211.1,0.09329000000000001,39.9,0.09320999999999999
resnet101,0.54,0.05,5,211.1,0.09329000000000001,39.9,0.09320999999999999
resnet101,0.54,0.29500000000000004,5,211.1,0.09329000000000001,39.9,0.09320999999999999
resnet101,0.54,0.54,5,211.1,0.09329000000000001,39.9,0.09320999999999999
resnet101,0.54,0.7850000000000001,5,211.1,0.09329000000000001,39.9,0.09320999999999999
resnet101,0.54,1.03,5,211.1,0.09329000000000001,39.9,0.09320999999999999
resnet101,0.54,1.2750000000000001,5,211.1,0.09329000000000001,39.9,0.09320999999999999
resnet101,0.54,1.5200000000000002,5,211.1,0.09329000000000001,39.9,0.09320999999999999
resnet101,0.54,1.7650000000000001,5,211.1,0.09329000000000001,39.9,0.09320999999999999
resnet101,0.54,2.0100000000000002,5,211.1,0.09329000000000001,39.9,0.09320999999999999
resnet101,0.54,2.255,5,211.1,0.09329000000000001,39.9,0.09320999999999999
resnet101,0.7850000000000001,0.05,5,211.1,0.09329000000000001,39.9,0.09320999999999999
resnet101,0.7850000000000001,0.29500000000000004,5,211.1,0.09329000000000001,39.9,0.09320999999999999
resnet101,0.7850000000000001,0.54,5,211.1,0.09329000000000001,39.9,0.09320999999999999
resnet101,0.7850000000000001,0.7850000000000001,5,211.1,0.09329000000000001,39.9,0.09320999999999999
resnet101,0.7850000000000001,1.03,5,211.1,0.09329000000000001,39.9,0.09320999999999999
resnet101,0.7850000000000001,1.2750000000000001,5,211.1,0.09329000000000001,39.9,0.09320999999999999
resnet101,0.7850000000000001,1.5200000000000002,5,211.1,0.09329000000000001,39.9,0.09320999999999999
resnet101,0.7850000000000001,1.7650000000000001,5,211.1,0.09329000000000001,39.9,0.09320999999999999
resnet101,0.7850000000000001,2.0100000000000002,5,211.1,0.09329000000000001,39.9,0.09320999999999999
resnet101,0.7850000000000001,2.255,5,211.1,0.09329000000000001,39.9,0.09320999999999999
resnet101,1.03,0.05,5,211.1,0.09329000000000001,39.9,0.09320999999999999
resnet101,1.03,0.29500000000000004,5,211.1,0.09329000000000001,39.9,0.09320999999999999
resnet101,1.03,0.54,5,211.1,0.09329000000000001,39.9,0.09320999999999999
resnet101,1.03,0.7850000000000001,5,211.1,0.09329000000000001,39.9,0.09320999999999999
resnet101,1.03,1.03,5,211.1,0.09329000000000001,39.9,0.09320999999999999
resnet101,1.03,1.2750000000000001,5,211.1,0.09329000000000001,39.9,0.09320999999999999
resnet101,1.03,1.5200000000000002,5,211.1,0.09329000000000001,39.9,0.09320999999999999
resnet101,1.03,1.7650000000000001,5,211.1,0.09329000000000001,39.9,0.09320999999999999
resnet101,1.03,2.0100000000000002,5,211.1,0.09329000000000001,39.9,0.09320999999999999
resnet101,1.03,2.255,5,211.1,0.09329000000000001,39.9,0.09320999999999999
resnet101,1.2750000000000001,0.05,5,211.1,0.09329000000000001,39.9,0.09320999999999999
resnet101,1.2750000000000001,0.29500000000000004,5,211.1,0.09329000000000001,39.9,0.09320999999999999
resnet101,1.2750000000000001,0.54,5,211.1,0.09329000000000001,39.9,0.09320999999999999
resnet101,1.2750000000000001,0.7850000000000001,5,211.1,0.09329000000000001,39.9,0.09320999999999999
resnet101,1.2750000000000001,1.03,5,211.1,0.09329000000000001,39.9,0.09320999999999999
resnet101,1.2750000000000001,1.2750000000000001,5,211.1,0.09329000000000001,39.9,0.09320999999999999
resnet101,1.2750000000000001,1.5200000000000002,5,211.1,0.09329000000000001,16.8,0.09307
resnet101,1.2750000000000001,1.7650000000000001,5,211.1,0.09329000000000001,16.8,0.09307
resnet101,1.2750000000000001,2.0100000000000002,5,211.1,0.09329000000000001,16.8,0.09307
resnet101,1.2750000000000001,2.255,5,211.1,0.09329000000000001,16.8,0.09307
resnet101,1.5200000000000002,0.05,5,211.1,0.09329000000000001,39.9,0.09320999999999999
resnet101,1.5200000000000002,0.29500000000000004,5,211.1,0.09329000000000001,39.9,0.09320999999999999
resnet101,1.5200000000000002,0.54,5,211.1,0.09329000000000001,39.9,0.09320999999999999
resnet101,1.5200000000000002,0.7850000000000001,5,211.1,0.09329000000000001,39.9,0.09320999999999999
resnet101,1.5200000000000002,1.03,5,211.1,0.09329000000000001,39.9,0.09320999999999999
resnet101,1.5200000000000002,1.2750000000000001,5,211.1,0.09329000000000001,39.9,0.09320999999999999
resnet101,1.5200000000000002,1.5200000000000002,5,211.1,0.09329000000000001,5.3,0.09165999999999999
resnet101,1.5200000000000002,1.7650000000000001,5,211.1,0.09329000000000001,5.3,0.09165999999999999
resnet101,1.5200000000000002,2.0100000000000002,5,211.1,0.09329000000000001,5.3,0.09165999999999999
resnet101,1.5200000000000002,2.255,5,211.1,0.09329000000000001,5.3,0.09165999999999999
resnet101,1.7650000000000001,0.05,5,211.1,0.09329000000000001,39.9,0.09320999999999999
resnet101,1.7650000000000001,0.29500000000000004,5,211.1,0.09329000000000001,39.9,0.09320999999999999
resnet101,1.7650000000000001,0.54,5,211.1,0.09329000000000001,39.9,0.09320999999999999
resnet101,1.7650000000000001,0.7850000000000001,5,211.1,0.09329000000000001,11.6,0.09274
resnet101,1.7650000000000001,1.03,5,211.1,0.09329000000000001,11.6,0.09274
resnet101,1.7650000000000001,1.2750000000000001,5,211.1,0.09329000000000001,2.6,0.08976
resnet101,1.7650000000000001,1.5200000000000002,5,211.1,0.09329000000000001,2.6,0.08976
resnet101,1.7650000000000001,1.7650000000000001,5,211.1,0.09329000000000001,2.6,0.08976
resnet101,1.7650000000000001,2.0100000000000002,5,211.1,0.09329000000000001,2.6,0.08976
resnet101,1.7650000000000001,2.255,5,211.1,0.09329000000000001,2.6,0.08976
resnet101,2.0100000000000002,0.05,5,211.1,0.09329000000000001,39.9,0.09320999999999999
resnet101,2.0100000000000002,0.29500000000000004,5,211.1,0.09329000000000001,39.9,0.09320999999999999
resnet101,2.0100000000000002,0.54,5,211.1,0.09329000000000001,39.9,0.09320999999999999
resnet101,2.0100000000000002,0.7850000000000001,5,211.1,0.09329000000000001,11.4,0.09274
resnet101,2.0100000000000002,1.03,5,211.1,0.09329000000000001,9.7,0.09251000000000001
resnet101,2.0100000000000002,1.2750000000000001,5,211.1,0.09329000000000001,2.6,0.08976
resnet101,2.0100000000000002,1.5200000000000002,5,211.1,0.09329000000000001,2.6,0.08976
resnet101,2.0100000000000002,1.7650000000000001,5,211.1,0.09329000000000001,2.6,0.08976
resnet101,2.0100000000000002,2.0100000000000002,5,211.1,0.09329000000000001,2.6,0.08976
resnet101,2.0100000000000002,2.255,5,211.1,0.09329000000000001,2.6,0.08976
resnet101,2.255,0.05,5,211.1,0.09329000000000001,39.9,0.09320999999999999
resnet101,2.255,0.29500000000000004,5,211.1,0.09329000000000001,39.9,0.09320999999999999
resnet101,2.255,0.54,5,211.1,0.09329000000000001,39.9,0.09320999999999999
resnet101,2.255,0.7850000000000001,5,211.1,0.09329000000000001,11.4,0.09274
resnet101,2.255,1.03,5,211.1,0.09329000000000001,9.7,0.09251000000000001
resnet101,2.255,1.2750000000000001,5,211.1,0.09329000000000001,2.6,0.08976
resnet101,2.255,1.5200000000000002,5,211.1,0.09329000000000001,2.6,0.08976
resnet101,2.255,1.7650000000000001,5,211.1,0.09329000000000001,2.6,0.08976
resnet101,2.255,2.0100000000000002,5,211.1,0.09329000000000001,2.6,0.08976
resnet101,2.255,2.255,5,211.1,0.09329000000000001,2.6,0.08976
resnet101,0.05,0.05,7,211.1,0.09329000000000001,39.9,0.09320999999999999
resnet101,0.05,0.29500000000000004,7,211.1,0.09329000000000001,39.9,0.09320999999999999
resnet101,0.05,0.54,7,211.1,0.09329000000000001,39.9,0.09320999999999999
resnet101,0.05,0.7850000000000001,7,211.1,0.09329000000000001,39.9,0.09320999999999999
resnet101,0.05,1.03,7,211.1,0.09329000000000001,39.9,0.09320999999999999
resnet101,0.05,1.2750000000000001,7,211.1,0.09329000000000001,39.9,0.09320999999999999
resnet101,0.05,1.5200000000000002,7,211.1,0.09329000000000001,39.9,0.09320999999999999
resnet101,0.05,1.7650000000000001,7,211.1,0.09329000000000001,39.9,0.09320999999999999
resnet101,0.05,2.0100000000000002,7,211.1,0.09329000000000001,39.9,0.09320999999999999
resnet101,0.05,2.255,7,211.1,0.09329000000000001,39.9,0.09320999999999999
resnet101,0.29500000000000004,0.05,7,211.1,0.09329000000000001,39.9,0.09320999999999999
resnet101,0.29500000000000004,0.29500000000000004,7,211.1,0.09329000000000001,39.9,0.09320999999999999
resnet101,0.29500000000000004,0.54,7,211.1,0.09329000000000001,39.9,0.09320999999999999
resnet101,0.29500000000000004,0.7850000000000001,7,211.1,0.09329000000000001,39.9,0.09320999999999999
resnet101,0.29500000000000004,1.03,7,211.1,0.09329000000000001,39.9,0.09320999999999999
resnet101,0.29500000000000004,1.2750000000000001,7,211.1,0.09329000000000001,39.9,0.09320999999999999
resnet101,0.29500000000000004,1.5200000000000002,7,211.1,0.09329000000000001,39.9,0.09320999999999999
resnet101,0.29500000000000004,1.7650000000000001,7,211.1,0.09329000000000001,39.9,0.09320999999999999
resnet101,0.29500000000000004,2.0100000000000002,7,211.1,0.09329000000000001,39.9,0.09320999999999999
resnet101,0.29500000000000004,2.255,7,211.1,0.09329000000000001,39.9,0.09320999999999999
resnet101,0.54,0.05,7,211.1,0.09329000000000001,39.9,0.09320999999999999
resnet101,0.54,0.29500000000000004,7,211.1,0.09329000000000001,39.9,0.09320999999999999
resnet101,0.54,0.54,7,211.1,0.09329000000000001,39.9,0.09320999999999999
resnet101,0.54,0.7850000000000001,7,211.1,0.09329000000000001,39.9,0.09320999999999999
resnet101,0.54,1.03,7,211.1,0.09329000000000001,39.9,0.09320999999999999
resnet101,0.54,1.2750000000000001,7,211.1,0.09329000000000001,39.9,0.09320999999999999
resnet101,0.54,1.5200000000000002,7,211.1,0.09329000000000001,39.9,0.09320999999999999
resnet101,0.54,1.7650000000000001,7,211.1,0.09329000000000001,39.9,0.09320999999999999
resnet101,0.54,2.0100000000000002,7,211.1,0.09329000000000001,39.9,0.09320999999999999
resnet101,0.54,2.255,7,211.1,0.09329000000000001,39.9,0.09320999999999999
resnet101,0.7850000000000001,0.05,7,211.1,0.09329000000000001,39.9,0.09320999999999999
resnet101,0.7850000000000001,0.29500000000000004,7,211.1,0.09329000000000001,39.9,0.09320999999999999
resnet101,0.7850000000000001,0.54,7,211.1,0.09329000000000001,39.9,0.09320999999999999
resnet101,0.7850000000000001,0.7850000000000001,7,211.1,0.09329000000000001,39.9,0.09320999999999999
resnet101,0.7850000000000001,1.03,7,211.1,0.09329000000000001,39.9,0.09320999999999999
resnet101,0.7850000000000001,1.2750000000000001,7,211.1,0.09329000000000001,39.9,0.09320999999999999
resnet101,0.7850000000000001,1.5200000000000002,7,211.1,0.09329000000000001,39.9,0.09320999999999999
resnet101,0.7850000000000001,1.7650000000000001,7,211.1,0.09329000000000001,39.9,0.09320999999999999
resnet101,0.7850000000000001,2.0100000000000002,7,211.1,0.09329000000000001,39.9,0.09320999999999999
resnet101,0.7850000000000001,2.255,7,211.1,0.09329000000000001,39.9,0.09320999999999999
resnet101,1.03,0.05,7,211.1,0.09329000000000001,39.9,0.09320999999999999
resnet101,1.03,0.29500000000000004,7,211.1,0.09329000000000001,39.9,0.09320999999999999
resnet101,1.03,0.54,7,211.1,0.09329000000000001,39.9,0.09320999999999999
resnet101,1.03,0.7850000000000001,7,211.1,0.09329000000000001,39.9,0.09320999999999999
resnet101,1.03,1.03,7,211.1,0.09329000000000001,39.9,0.09320999999999999
resnet101,1.03,1.2750000000000001,7,211.1,0.09329000000000001,39.9,0.09320999999999999
resnet101,1.03,1.5200000000000002,7,211.1,0.09329000000000001,39.9,0.09320999999999999
resnet101,1.03,1.7650000000000001,7,211.1,0.09329000000000001,39.9,0.09320999999999999
resnet101,1.03,2.0100000000000002,7,211.1,0.09329000000000001,39.9,0.09320999999999999
resnet101,1.03,2.255,7,211.1,0.09329000000000001,39.9,0.09320999999999999
resnet101,1.2750000000000001,0.05,7,211.1,0.09329000000000001,39.9,0.09320999999999999
resnet101,1.2750000000000001,0.29500000000000004,7,211.1,0.09329000000000001,39.9,0.09320999999999999
resnet101,1.2750000000000001,0.54,7,211.1,0.09329000000000001,39.9,0.09320999999999999
resnet101,1.2750000000000001,0.7850000000000001,7,211.1,0.09329000000000001,39.9,0.09320999999999999
resnet101,1.2750000000000001,1.03,7,211.1,0.09329000000000001,39.9,0.09320999999999999
resnet101,1.2750000000000001,1.2750000000000001,7,211.1,0.09329000000000001,2.8,0.08976
resnet101,1.2750000000000001,1.5200000000000002,7,211.1,0.09329000000000001,2.8,0.08976
resnet101,1.2750000000000001,1.7650000000000001,7,211.1,0.09329000000000001,2.8,0.08976
resnet101,1.2750000000000001,2.0100000000000002,7,211.1,0.09329000000000001,2.8,0.08976
resnet101,1.2750000000000001,2.255,7,211.1,0.09329000000000001,2.8,0.08976
resnet101,1.5200000000000002,0.05,7,211.1,0.09329000000000001,39.9,0.09320999999999999
resnet101,1.5200000000000002,0.29500000000000004,7,211.1,0.09329000000000001,39.9,0.09320999999999999
resnet101,1.5200000000000002,0.54,7,211.1,0.09329000000000001,39.9,0.09320999999999999
resnet101,1.5200000000000002,0.7850000000000001,7,211.1,0.09329000000000001,12.8,0.09293
resnet101,1.5200000000000002,1.03,7,211.1,0.09329000000000001,12.8,0.09293
resnet101,1.5200000000000002,1.2750000000000001,7,211.1,0.09329000000000001,2.8,0.08976
resnet101,1.5200000000000002,1.5200000000000002,7,211.1,0.09329000000000001,2.8,0.08976
resnet101,1.5200000000000002,1.7650000000000001,7,211.1,0.09329000000000001,2.8,0.08976
resnet101,1.5200000000000002,2.0100000000000002,7,211.1,0.09329000000000001,2.8,0.08976
resnet101,1.5200000000000002,2.255,7,211.1,0.09329000000000001,2.8,0.08976
resnet101,1.7650000000000001,0.05,7,211.1,0.09329000000000001,39.9,0.09320999999999999
resnet101,1.7650000000000001,0.29500000000000004,7,211.1,0.09329000000000001,39.9,0.09320999999999999
resnet101,1.7650000000000001,0.54,7,211.1,0.09329000000000001,39.9,0.09320999999999999
resnet101,1.7650000000000001,0.7850000000000001,7,211.1,0.09329000000000001,11.8,0.09274
resnet101,1.7650000000000001,1.03,7,211.1,0.09329000000000001,11.8,0.09274
resnet101,1.7650000000000001,1.2750000000000001,7,211.1,0.09329000000000001,2.8,0.08976
resnet101,1.7650000000000001,1.5200000000000002,7,211.1,0.09329000000000001,2.8,0.08976
resnet101,1.7650000000000001,1.7650000000000001,7,211.1,0.09329000000000001,2.8,0.08976
resnet101,1.7650000000000001,2.0100000000000002,7,211.1,0.09329000000000001,2.8,0.08976
resnet101,1.7650000000000001,2.255,7,211.1,0.09329000000000001,2.8,0.08976
resnet101,2.0100000000000002,0.05,7,211.1,0.09329000000000001,39.9,0.09320999999999999
resnet101,2.0100000000000002,0.29500000000000004,7,211.1,0.09329000000000001,39.9,0.09320999999999999
resnet101,2.0100000000000002,0.54,7,211.1,0.09329000000000001,10.2,0.09255
resnet101,2.0100000000000002,0.7850000000000001,7,211.1,0.09329000000000001,9.8,0.09251000000000001
resnet101,2.0100000000000002,1.03,7,211.1,0.09329000000000001,9.8,0.09251000000000001
resnet101,2.0100000000000002,1.2750000000000001,7,211.1,0.09329000000000001,2.8,0.08976
resnet101,2.0100000000000002,1.5200000000000002,7,211.1,0.09329000000000001,2.8,0.08976
resnet101,2.0100000000000002,1.7650000000000001,7,211.1,0.09329000000000001,2.8,0.08976
resnet101,2.0100000000000002,2.0100000000000002,7,211.1,0.09329000000000001,2.8,0.08976
resnet101,2.0100000000000002,2.255,7,211.1,0.09329000000000001,2.8,0.08976
resnet101,2.255,0.05,7,211.1,0.09329000000000001,39.9,0.09320999999999999
resnet101,2.255,0.29500000000000004,7,211.1,0.09329000000000001,39.9,0.09320999999999999
resnet101,2.255,0.54,7,211.1,0.09329000000000001,10.2,0.09255
resnet101,2.255,0.7850000000000001,7,211.1,0.09329000000000001,9.8,0.09251000000000001
resnet101,2.255,1.03,7,211.1,0.09329000000000001,9.8,0.09251000000000001
resnet101,2.255,1.2750000000000001,7,211.1,0.09329000000000001,2.8,0.08976
resnet101,2.255,1.5200000000000002,7,211.1,0.09329000000000001,2.8,0.08976
resnet101,2.255,1.7650000000000001,7,211.1,0.09329000000000001,2.8,0.08976
resnet101,2.255,2.0100000000000002,7,211.1,0.09329000000000001,2.8,0.08976
resnet101,2.255,2.255,7,211.1,0.09329000000000001,2.8,0.08976
resnet101,0.05,0.05,9,211.1,0.09329000000000001,39.9,0.09320999999999999
resnet101,0.05,0.29500000000000004,9,211.1,0.09329000000000001,39.9,0.09320999999999999
resnet101,0.05,0.54,9,211.1,0.09329000000000001,39.9,0.09320999999999999
resnet101,0.05,0.7850000000000001,9,211.1,0.09329000000000001,39.9,0.09320999999999999
resnet101,0.05,1.03,9,211.1,0.09329000000000001,39.9,0.09320999999999999
resnet101,0.05,1.2750000000000001,9,211.1,0.09329000000000001,39.9,0.09320999999999999
resnet101,0.05,1.5200000000000002,9,211.1,0.09329000000000001,39.9,0.09320999999999999
resnet101,0.05,1.7650000000000001,9,211.1,0.09329000000000001,39.9,0.09320999999999999
resnet101,0.05,2.0100000000000002,9,211.1,0.09329000000000001,39.9,0.09320999999999999
resnet101,0.05,2.255,9,211.1,0.09329000000000001,39.9,0.09320999999999999
resnet101,0.29500000000000004,0.05,9,211.1,0.09329000000000001,39.9,0.09320999999999999
resnet101,0.29500000000000004,0.29500000000000004,9,211.1,0.09329000000000001,39.9,0.09320999999999999
resnet101,0.29500000000000004,0.54,9,211.1,0.09329000000000001,39.9,0.09320999999999999
resnet101,0.29500000000000004,0.7850000000000001,9,211.1,0.09329000000000001,39.9,0.09320999999999999
resnet101,0.29500000000000004,1.03,9,211.1,0.09329000000000001,39.9,0.09320999999999999
resnet101,0.29500000000000004,1.2750000000000001,9,211.1,0.09329000000000001,39.9,0.09320999999999999
resnet101,0.29500000000000004,1.5200000000000002,9,211.1,0.09329000000000001,39.9,0.09320999999999999
resnet101,0.29500000000000004,1.7650000000000001,9,211.1,0.09329000000000001,39.9,0.09320999999999999
resnet101,0.29500000000000004,2.0100000000000002,9,211.1,0.09329000000000001,39.9,0.09320999999999999
resnet101,0.29500000000000004,2.255,9,211.1,0.09329000000000001,39.9,0.09320999999999999
resnet101,0.54,0.05,9,211.1,0.09329000000000001,39.9,0.09320999999999999
resnet101,0.54,0.29500000000000004,9,211.1,0.09329000000000001,39.9,0.09320999999999999
resnet101,0.54,0.54,9,211.1,0.09329000000000001,39.9,0.09320999999999999
resnet101,0.54,0.7850000000000001,9,211.1,0.09329000000000001,39.9,0.09320999999999999
resnet101,0.54,1.03,9,211.1,0.09329000000000001,39.9,0.09320999999999999
resnet101,0.54,1.2750000000000001,9,211.1,0.09329000000000001,39.9,0.09320999999999999
resnet101,0.54,1.5200000000000002,9,211.1,0.09329000000000001,39.9,0.09320999999999999
resnet101,0.54,1.7650000000000001,9,211.1,0.09329000000000001,39.9,0.09320999999999999
resnet101,0.54,2.0100000000000002,9,211.1,0.09329000000000001,39.9,0.09320999999999999
resnet101,0.54,2.255,9,211.1,0.09329000000000001,39.9,0.09320999999999999
resnet101,0.7850000000000001,0.05,9,211.1,0.09329000000000001,39.9,0.09320999999999999
resnet101,0.7850000000000001,0.29500000000000004,9,211.1,0.09329000000000001,39.9,0.09320999999999999
resnet101,0.7850000000000001,0.54,9,211.1,0.09329000000000001,39.9,0.09320999999999999
resnet101,0.7850000000000001,0.7850000000000001,9,211.1,0.09329000000000001,39.9,0.09320999999999999
resnet101,0.7850000000000001,1.03,9,211.1,0.09329000000000001,39.9,0.09320999999999999
resnet101,0.7850000000000001,1.2750000000000001,9,211.1,0.09329000000000001,39.9,0.09320999999999999
resnet101,0.7850000000000001,1.5200000000000002,9,211.1,0.09329000000000001,39.9,0.09320999999999999
resnet101,0.7850000000000001,1.7650000000000001,9,211.1,0.09329000000000001,39.9,0.09320999999999999
resnet101,0.7850000000000001,2.0100000000000002,9,211.1,0.09329000000000001,39.9,0.09320999999999999
resnet101,0.7850000000000001,2.255,9,211.1,0.09329000000000001,39.9,0.09320999999999999
resnet101,1.03,0.05,9,211.1,0.09329000000000001,39.9,0.09320999999999999
resnet101,1.03,0.29500000000000004,9,211.1,0.09329000000000001,39.9,0.09320999999999999
resnet101,1.03,0.54,9,211.1,0.09329000000000001,39.9,0.09320999999999999
resnet101,1.03,0.7850000000000001,9,211.1,0.09329000000000001,39.9,0.09320999999999999
resnet101,1.03,1.03,9,211.1,0.09329000000000001,39.9,0.09320999999999999
resnet101,1.03,1.2750000000000001,9,211.1,0.09329000000000001,5.4,0.09165999999999999
resnet101,1.03,1.5200000000000002,9,211.1,0.09329000000000001,5.4,0.09165999999999999
resnet101,1.03,1.7650000000000001,9,211.1,0.09329000000000001,5.4,0.09165999999999999
resnet101,1.03,2.0100000000000002,9,211.1,0.09329000000000001,5.4,0.09165999999999999
resnet101,1.03,2.255,9,211.1,0.09329000000000001,5.4,0.09165999999999999
resnet101,1.2750000000000001,0.05,9,211.1,0.09329000000000001,39.9,0.09320999999999999
resnet101,1.2750000000000001,0.29500000000000004,9,211.1,0.09329000000000001,39.9,0.09320999999999999
resnet101,1.2750000000000001,0.54,9,211.1,0.09329000000000001,39.9,0.09320999999999999
resnet101,1.2750000000000001,0.7850000000000001,9,211.1,0.09329000000000001,39.9,0.09320999999999999
resnet101,1.2750000000000001,1.03,9,211.1,0.09329000000000001,39.9,0.09320999999999999
resnet101,1.2750000000000001,1.2750000000000001,9,211.1,0.09329000000000001,5.2,0.09165999999999999
resnet101,1.2750000000000001,1.5200000000000002,9,211.1,0.09329000000000001,4.8,0.09137999999999999
resnet101,1.2750000000000001,1.7650000000000001,9,211.1,0.09329000000000001,4.8,0.09137999999999999
resnet101,1.2750000000000001,2.0100000000000002,9,211.1,0.09329000000000001,4.8,0.09137999999999999
resnet101,1.2750000000000001,2.255,9,211.1,0.09329000000000001,4.8,0.09137999999999999
resnet101,1.5200000000000002,0.05,9,211.1,0.09329000000000001,39.9,0.09320999999999999
resnet101,1.5200000000000002,0.29500000000000004,9,211.1,0.09329000000000001,39.9,0.09320999999999999
resnet101,1.5200000000000002,0.54,9,211.1,0.09329000000000001,39.9,0.09320999999999999
resnet101,1.5200000000000002,0.7850000000000001,9,211.1,0.09329000000000001,13.0,0.09293
resnet101,1.5200000000000002,1.03,9,211.1,0.09329000000000001,13.0,0.09293
resnet101,1.5200000000000002,1.2750000000000001,9,211.1,0.09329000000000001,5.2,0.09165999999999999
resnet101,1.5200000000000002,1.5200000000000002,9,211.1,0.09329000000000001,3.0,0.08976
resnet101,1.5200000000000002,1.7650000000000001,9,211.1,0.09329000000000001,3.0,0.08976
resnet101,1.5200000000000002,2.0100000000000002,9,211.1,0.09329000000000001,3.0,0.08976
resnet101,1.5200000000000002,2.255,9,211.1,0.09329000000000001,3.0,0.08976
resnet101,1.7650000000000001,0.05,9,211.1,0.09329000000000001,39.9,0.09320999999999999
resnet101,1.7650000000000001,0.29500000000000004,9,211.1,0.09329000000000001,39.9,0.09320999999999999
resnet101,1.7650000000000001,0.54,9,211.1,0.09329000000000001,21.0,0.09329000000000001
resnet101,1.7650000000000001,0.7850000000000001,9,211.1,0.09329000000000001,9.8,0.09251000000000001
resnet101,1.7650000000000001,1.03,9,211.1,0.09329000000000001,9.6,0.09251000000000001
resnet101,1.7650000000000001,1.2750000000000001,9,211.1,0.09329000000000001,5.2,0.09165999999999999
resnet101,1.7650000000000001,1.5200000000000002,9,211.1,0.09329000000000001,3.0,0.08976
resnet101,1.7650000000000001,1.7650000000000001,9,211.1,0.09329000000000001,3.0,0.08976
resnet101,1.7650000000000001,2.0100000000000002,9,211.1,0.09329000000000001,3.0,0.08976
resnet101,1.7650000000000001,2.255,9,211.1,0.09329000000000001,3.0,0.08976
resnet101,2.0100000000000002,0.05,9,211.1,0.09329000000000001,39.9,0.09320999999999999
resnet101,2.0100000000000002,0.29500000000000004,9,211.1,0.09329000000000001,39.9,0.09320999999999999
resnet101,2.0100000000000002,0.54,9,211.1,0.09329000000000001,21.0,0.09329000000000001
resnet101,2.0100000000000002,0.7850000000000001,9,211.1,0.09329000000000001,9.8,0.09251000000000001
resnet101,2.0100000000000002,1.03,9,211.1,0.09329000000000001,9.6,0.09251000000000001
resnet101,2.0100000000000002,1.2750000000000001,9,211.1,0.09329000000000001,5.2,0.09165999999999999
resnet101,2.0100000000000002,1.5200000000000002,9,211.1,0.09329000000000001,3.0,0.08976
resnet101,2.0100000000000002,1.7650000000000001,9,211.1,0.09329000000000001,3.0,0.08976
resnet101,2.0100000000000002,2.0100000000000002,9,211.1,0.09329000000000001,3.0,0.08976
resnet101,2.0100000000000002,2.255,9,211.1,0.09329000000000001,3.0,0.08976
resnet101,2.255,0.05,9,211.1,0.09329000000000001,39.9,0.09320999999999999
resnet101,2.255,0.29500000000000004,9,211.1,0.09329000000000001,39.9,0.09320999999999999
resnet101,2.255,0.54,9,211.1,0.09329000000000001,21.0,0.09329000000000001
resnet101,2.255,0.7850000000000001,9,211.1,0.09329000000000001,9.8,0.09251000000000001
resnet101,2.255,1.03,9,211.1,0.09329000000000001,9.6,0.09251000000000001
resnet101,2.255,1.2750000000000001,9,211.1,0.09329000000000001,5.2,0.09165999999999999
resnet101,2.255,1.5200000000000002,9,211.1,0.09329000000000001,3.0,0.08976
resnet101,2.255,1.7650000000000001,9,211.1,0.09329000000000001,3.0,0.08976
resnet101,2.255,2.0100000000000002,9,211.1,0.09329000000000001,3.0,0.08976
resnet101,2.255,2.255,9,211.1,0.09329000000000001,3.0,0.08976
resnet101,0.05,0.05,11,211.1,0.09329000000000001,39.9,0.09320999999999999
resnet101,0.05,0.29500000000000004,11,211.1,0.09329000000000001,39.9,0.09320999999999999
resnet101,0.05,0.54,11,211.1,0.09329000000000001,39.9,0.09320999999999999
resnet101,0.05,0.7850000000000001,11,211.1,0.09329000000000001,39.9,0.09320999999999999
resnet101,0.05,1.03,11,211.1,0.09329000000000001,39.9,0.09320999999999999
resnet101,0.05,1.2750000000000001,11,211.1,0.09329000000000001,39.9,0.09320999999999999
resnet101,0.05,1.5200000000000002,11,211.1,0.09329000000000001,39.9,0.09320999999999999
resnet101,0.05,1.7650000000000001,11,211.1,0.09329000000000001,39.9,0.09320999999999999
resnet101,0.05,2.0100000000000002,11,211.1,0.09329000000000001,39.9,0.09320999999999999
resnet101,0.05,2.255,11,211.1,0.09329000000000001,39.9,0.09320999999999999
resnet101,0.29500000000000004,0.05,11,211.1,0.09329000000000001,39.9,0.09320999999999999
resnet101,0.29500000000000004,0.29500000000000004,11,211.1,0.09329000000000001,39.9,0.09320999999999999
resnet101,0.29500000000000004,0.54,11,211.1,0.09329000000000001,39.9,0.09320999999999999
resnet101,0.29500000000000004,0.7850000000000001,11,211.1,0.09329000000000001,39.9,0.09320999999999999
resnet101,0.29500000000000004,1.03,11,211.1,0.09329000000000001,39.9,0.09320999999999999
resnet101,0.29500000000000004,1.2750000000000001,11,211.1,0.09329000000000001,39.9,0.09320999999999999
resnet101,0.29500000000000004,1.5200000000000002,11,211.1,0.09329000000000001,39.9,0.09320999999999999
resnet101,0.29500000000000004,1.7650000000000001,11,211.1,0.09329000000000001,39.9,0.09320999999999999
resnet101,0.29500000000000004,2.0100000000000002,11,211.1,0.09329000000000001,39.9,0.09320999999999999
resnet101,0.29500000000000004,2.255,11,211.1,0.09329000000000001,39.9,0.09320999999999999
resnet101,0.54,0.05,11,211.1,0.09329000000000001,39.9,0.09320999999999999
resnet101,0.54,0.29500000000000004,11,211.1,0.09329000000000001,39.9,0.09320999999999999
resnet101,0.54,0.54,11,211.1,0.09329000000000001,39.9,0.09320999999999999
resnet101,0.54,0.7850000000000001,11,211.1,0.09329000000000001,39.9,0.09320999999999999
resnet101,0.54,1.03,11,211.1,0.09329000000000001,39.9,0.09320999999999999
resnet101,0.54,1.2750000000000001,11,211.1,0.09329000000000001,39.9,0.09320999999999999
resnet101,0.54,1.5200000000000002,11,211.1,0.09329000000000001,39.9,0.09320999999999999
resnet101,0.54,1.7650000000000001,11,211.1,0.09329000000000001,39.9,0.09320999999999999
resnet101,0.54,2.0100000000000002,11,211.1,0.09329000000000001,39.9,0.09320999999999999
resnet101,0.54,2.255,11,211.1,0.09329000000000001,39.9,0.09320999999999999
resnet101,0.7850000000000001,0.05,11,211.1,0.09329000000000001,39.9,0.09320999999999999
resnet101,0.7850000000000001,0.29500000000000004,11,211.1,0.09329000000000001,39.9,0.09320999999999999
resnet101,0.7850000000000001,0.54,11,211.1,0.09329000000000001,39.9,0.09320999999999999
resnet101,0.7850000000000001,0.7850000000000001,11,211.1,0.09329000000000001,39.9,0.09320999999999999
resnet101,0.7850000000000001,1.03,11,211.1,0.09329000000000001,5.2,0.09165999999999999
resnet101,0.7850000000000001,1.2750000000000001,11,211.1,0.09329000000000001,5.0,0.09137999999999999
resnet101,0.7850000000000001,1.5200000000000002,11,211.1,0.09329000000000001,5.0,0.09137999999999999
resnet101,0.7850000000000001,1.7650000000000001,11,211.1,0.09329000000000001,5.0,0.09137999999999999
resnet101,0.7850000000000001,2.0100000000000002,11,211.1,0.09329000000000001,5.0,0.09137999999999999
resnet101,0.7850000000000001,2.255,11,211.1,0.09329000000000001,5.0,0.09137999999999999
resnet101,1.03,0.05,11,211.1,0.09329000000000001,39.9,0.09320999999999999
resnet101,1.03,0.29500000000000004,11,211.1,0.09329000000000001,39.9,0.09320999999999999
resnet101,1.03,0.54,11,211.1,0.09329000000000001,39.9,0.09320999999999999
resnet101,1.03,0.7850000000000001,11,211.1,0.09329000000000001,39.9,0.09320999999999999
resnet101,1.03,1.03,11,211.1,0.09329000000000001,5.2,0.09165999999999999
resnet101,1.03,1.2750000000000001,11,211.1,0.09329000000000001,5.0,0.09137999999999999
resnet101,1.03,1.5200000000000002,11,211.1,0.09329000000000001,5.0,0.09137999999999999
resnet101,1.03,1.7650000000000001,11,211.1,0.09329000000000001,5.0,0.09137999999999999
resnet101,1.03,2.0100000000000002,11,211.1,0.09329000000000001,5.0,0.09137999999999999
resnet101,1.03,2.255,11,211.1,0.09329000000000001,5.0,0.09137999999999999
resnet101,1.2750000000000001,0.05,11,211.1,0.09329000000000001,39.9,0.09320999999999999
resnet101,1.2750000000000001,0.29500000000000004,11,211.1,0.09329000000000001,39.9,0.09320999999999999
resnet101,1.2750000000000001,0.54,11,211.1,0.09329000000000001,39.2,0.09351000000000001
resnet101,1.2750000000000001,0.7850000000000001,11,211.1,0.09329000000000001,11.8,0.09274
resnet101,1.2750000000000001,1.03,11,211.1,0.09329000000000001,5.2,0.09165999999999999
resnet101,1.2750000000000001,1.2750000000000001,11,211.1,0.09329000000000001,4.0,0.09043000000000001
resnet101,1.2750000000000001,1.5200000000000002,11,211.1,0.09329000000000001,4.0,0.09043000000000001
resnet101,1.2750000000000001,1.7650000000000001,11,211.1,0.09329000000000001,4.0,0.09043000000000001
resnet101,1.2750000000000001,2.0100000000000002,11,211.1,0.09329000000000001,4.0,0.09043000000000001
resnet101,1.2750000000000001,2.255,11,211.1,0.09329000000000001,4.0,0.09043000000000001
resnet101,1.5200000000000002,0.05,11,211.1,0.09329000000000001,39.9,0.09320999999999999
resnet101,1.5200000000000002,0.29500000000000004,11,211.1,0.09329000000000001,39.9,0.09320999999999999
resnet101,1.5200000000000002,0.54,11,211.1,0.09329000000000001,21.1,0.09329000000000001
resnet101,1.5200000000000002,0.7850000000000001,11,211.1,0.09329000000000001,11.8,0.09274
resnet101,1.5200000000000002,1.03,11,211.1,0.09329000000000001,5.2,0.09165999999999999
resnet101,1.5200000000000002,1.2750000000000001,11,211.1,0.09329000000000001,3.8,0.09043000000000001
resnet101,1.5200000000000002,1.5200000000000002,11,211.1,0.09329000000000001,3.2,0.08976
resnet101,1.5200000000000002,1.7650000000000001,11,211.1,0.09329000000000001,3.2,0.08976
resnet101,1.5200000000000002,2.0100000000000002,11,211.1,0.09329000000000001,3.2,0.08976
resnet101,1.5200000000000002,2.255,11,211.1,0.09329000000000001,3.2,0.08976
resnet101,1.7650000000000001,0.05,11,211.1,0.09329000000000001,39.9,0.09320999999999999
resnet101,1.7650000000000001,0.29500000000000004,11,211.1,0.09329000000000001,39.9,0.09320999999999999
resnet101,1.7650000000000001,0.54,11,211.1,0.09329000000000001,21.1,0.09329000000000001
resnet101,1.7650000000000001,0.7850000000000001,11,211.1,0.09329000000000001,9.8,0.09251000000000001
resnet101,1.7650000000000001,1.03,11,211.1,0.09329000000000001,5.2,0.09165999999999999
resnet101,1.7650000000000001,1.2750000000000001,11,211.1,0.09329000000000001,3.8,0.09043000000000001
resnet101,1.7650000000000001,1.5200000000000002,11,211.1,0.09329000000000001,3.2,0.08976
resnet101,1.7650000000000001,1.7650000000000001,11,211.1,0.09329000000000001,3.2,0.08976
resnet101,1.7650000000000001,2.0100000000000002,11,211.1,0.09329000000000001,3.2,0.08976
resnet101,1.7650000000000001,2.255,11,211.1,0.09329000000000001,3.2,0.08976
resnet101,2.0100000000000002,0.05,11,211.1,0.09329000000000001,39.9,0.09320999999999999
resnet101,2.0100000000000002,0.29500000000000004,11,211.1,0.09329000000000001,39.9,0.09320999999999999
resnet101,2.0100000000000002,0.54,11,211.1,0.09329000000000001,21.1,0.09329000000000001
resnet101,2.0100000000000002,0.7850000000000001,11,211.1,0.09329000000000001,9.8,0.09251000000000001
resnet101,2.0100000000000002,1.03,11,211.1,0.09329000000000001,5.2,0.09165999999999999
resnet101,2.0100000000000002,1.2750000000000001,11,211.1,0.09329000000000001,3.8,0.09043000000000001
resnet101,2.0100000000000002,1.5200000000000002,11,211.1,0.09329000000000001,3.2,0.08976
resnet101,2.0100000000000002,1.7650000000000001,11,211.1,0.09329000000000001,3.2,0.08976
resnet101,2.0100000000000002,2.0100000000000002,11,211.1,0.09329000000000001,3.2,0.08976
resnet101,2.0100000000000002,2.255,11,211.1,0.09329000000000001,3.2,0.08976
resnet101,2.255,0.05,11,211.1,0.09329000000000001,39.9,0.09320999999999999
resnet101,2.255,0.29500000000000004,11,211.1,0.09329000000000001,39.9,0.09320999999999999
resnet101,2.255,0.54,11,211.1,0.09329000000000001,21.1,0.09329000000000001
resnet101,2.255,0.7850000000000001,11,211.1,0.09329000000000001,9.8,0.09251000000000001
resnet101,2.255,1.03,11,211.1,0.09329000000000001,5.2,0.09165999999999999
resnet101,2.255,1.2750000000000001,11,211.1,0.09329000000000001,3.8,0.09043000000000001
resnet101,2.255,1.5200000000000002,11,211.1,0.09329000000000001,3.2,0.08976
resnet101,2.255,1.7650000000000001,11,211.1,0.09329000000000001,3.2,0.08976
resnet101,2.255,2.0100000000000002,11,211.1,0.09329000000000001,3.2,0.08976
resnet101,2.255,2.255,11,211.1,0.09329000000000001,3.2,0.08976
resnet101,0.05,0.05,13,211.1,0.09329000000000001,39.9,0.09320999999999999
resnet101,0.05,0.29500000000000004,13,211.1,0.09329000000000001,39.9,0.09320999999999999
resnet101,0.05,0.54,13,211.1,0.09329000000000001,39.9,0.09320999999999999
resnet101,0.05,0.7850000000000001,13,211.1,0.09329000000000001,39.9,0.09320999999999999
resnet101,0.05,1.03,13,211.1,0.09329000000000001,39.9,0.09320999999999999
resnet101,0.05,1.2750000000000001,13,211.1,0.09329000000000001,39.9,0.09320999999999999
resnet101,0.05,1.5200000000000002,13,211.1,0.09329000000000001,39.9,0.09320999999999999
resnet101,0.05,1.7650000000000001,13,211.1,0.09329000000000001,39.9,0.09320999999999999
resnet101,0.05,2.0100000000000002,13,211.1,0.09329000000000001,39.9,0.09320999999999999
resnet101,0.05,2.255,13,211.1,0.09329000000000001,39.9,0.09320999999999999
resnet101,0.29500000000000004,0.05,13,211.1,0.09329000000000001,39.9,0.09320999999999999
resnet101,0.29500000000000004,0.29500000000000004,13,211.1,0.09329000000000001,39.9,0.09320999999999999
resnet101,0.29500000000000004,0.54,13,211.1,0.09329000000000001,39.9,0.09320999999999999
resnet101,0.29500000000000004,0.7850000000000001,13,211.1,0.09329000000000001,39.9,0.09320999999999999
resnet101,0.29500000000000004,1.03,13,211.1,0.09329000000000001,39.9,0.09320999999999999
resnet101,0.29500000000000004,1.2750000000000001,13,211.1,0.09329000000000001,39.9,0.09320999999999999
resnet101,0.29500000000000004,1.5200000000000002,13,211.1,0.09329000000000001,39.9,0.09320999999999999
resnet101,0.29500000000000004,1.7650000000000001,13,211.1,0.09329000000000001,39.9,0.09320999999999999
resnet101,0.29500000000000004,2.0100000000000002,13,211.1,0.09329000000000001,39.9,0.09320999999999999
resnet101,0.29500000000000004,2.255,13,211.1,0.09329000000000001,39.9,0.09320999999999999
resnet101,0.54,0.05,13,211.1,0.09329000000000001,39.9,0.09320999999999999
resnet101,0.54,0.29500000000000004,13,211.1,0.09329000000000001,39.9,0.09320999999999999
resnet101,0.54,0.54,13,211.1,0.09329000000000001,39.9,0.09320999999999999
resnet101,0.54,0.7850000000000001,13,211.1,0.09329000000000001,24.7,0.09329000000000001
resnet101,0.54,1.03,13,211.1,0.09329000000000001,24.7,0.09329000000000001
resnet101,0.54,1.2750000000000001,13,211.1,0.09329000000000001,24.7,0.09329000000000001
resnet101,0.54,1.5200000000000002,13,211.1,0.09329000000000001,24.7,0.09329000000000001
resnet101,0.54,1.7650000000000001,13,211.1,0.09329000000000001,24.7,0.09329000000000001
resnet101,0.54,2.0100000000000002,13,211.1,0.09329000000000001,24.7,0.09329000000000001
resnet101,0.54,2.255,13,211.1,0.09329000000000001,24.7,0.09329000000000001
resnet101,0.7850000000000001,0.05,13,211.1,0.09329000000000001,39.9,0.09320999999999999
resnet101,0.7850000000000001,0.29500000000000004,13,211.1,0.09329000000000001,39.9,0.09320999999999999
resnet101,0.7850000000000001,0.54,13,211.1,0.09329000000000001,39.9,0.09320999999999999
resnet101,0.7850000000000001,0.7850000000000001,13,211.1,0.09329000000000001,24.7,0.09329000000000001
resnet101,0.7850000000000001,1.03,13,211.1,0.09329000000000001,5.2,0.09165999999999999
resnet101,0.7850000000000001,1.2750000000000001,13,211.1,0.09329000000000001,5.2,0.09165999999999999
resnet101,0.7850000000000001,1.5200000000000002,13,211.1,0.09329000000000001,5.2,0.09165999999999999
resnet101,0.7850000000000001,1.7650000000000001,13,211.1,0.09329000000000001,5.2,0.09165999999999999
resnet101,0.7850000000000001,2.0100000000000002,13,211.1,0.09329000000000001,5.2,0.09165999999999999
resnet101,0.7850000000000001,2.255,13,211.1,0.09329000000000001,5.2,0.09165999999999999
resnet101,1.03,0.05,13,211.1,0.09329000000000001,39.9,0.09320999999999999
resnet101,1.03,0.29500000000000004,13,211.1,0.09329000000000001,39.9,0.09320999999999999
resnet101,1.03,0.54,13,211.1,0.09329000000000001,39.9,0.09320999999999999
resnet101,1.03,0.7850000000000001,13,211.1,0.09329000000000001,24.4,0.09329000000000001
resnet101,1.03,1.03,13,211.1,0.09329000000000001,4.2,0.09043000000000001
resnet101,1.03,1.2750000000000001,13,211.1,0.09329000000000001,4.2,0.09043000000000001
resnet101,1.03,1.5200000000000002,13,211.1,0.09329000000000001,4.2,0.09043000000000001
resnet101,1.03,1.7650000000000001,13,211.1,0.09329000000000001,4.2,0.09043000000000001
resnet101,1.03,2.0100000000000002,13,211.1,0.09329000000000001,4.2,0.09043000000000001
resnet101,1.03,2.255,13,211.1,0.09329000000000001,4.2,0.09043000000000001
resnet101,1.2750000000000001,0.05,13,211.1,0.09329000000000001,39.9,0.09320999999999999
resnet101,1.2750000000000001,0.29500000000000004,13,211.1,0.09329000000000001,39.9,0.09320999999999999
resnet101,1.2750000000000001,0.54,13,211.1,0.09329000000000001,21.1,0.09329000000000001
resnet101,1.2750000000000001,0.7850000000000001,13,211.1,0.09329000000000001,11.8,0.09274
resnet101,1.2750000000000001,1.03,13,211.1,0.09329000000000001,4.2,0.09043000000000001
resnet101,1.2750000000000001,1.2750000000000001,13,211.1,0.09329000000000001,4.2,0.09043000000000001
resnet101,1.2750000000000001,1.5200000000000002,13,211.1,0.09329000000000001,4.2,0.09043000000000001
resnet101,1.2750000000000001,1.7650000000000001,13,211.1,0.09329000000000001,4.2,0.09043000000000001
resnet101,1.2750000000000001,2.0100000000000002,13,211.1,0.09329000000000001,4.2,0.09043000000000001
resnet101,1.2750000000000001,2.255,13,211.1,0.09329000000000001,4.2,0.09043000000000001
resnet101,1.5200000000000002,0.05,13,211.1,0.09329000000000001,39.9,0.09320999999999999
resnet101,1.5200000000000002,0.29500000000000004,13,211.1,0.09329000000000001,39.9,0.09320999999999999
resnet101,1.5200000000000002,0.54,13,211.1,0.09329000000000001,9.8,0.09251000000000001
resnet101,1.5200000000000002,0.7850000000000001,13,211.1,0.09329000000000001,9.8,0.09251000000000001
resnet101,1.5200000000000002,1.03,13,211.1,0.09329000000000001,4.2,0.09043000000000001
resnet101,1.5200000000000002,1.2750000000000001,13,211.1,0.09329000000000001,4.2,0.09043000000000001
resnet101,1.5200000000000002,1.5200000000000002,13,211.1,0.09329000000000001,4.2,0.09043000000000001
resnet101,1.5200000000000002,1.7650000000000001,13,211.1,0.09329000000000001,4.2,0.09043000000000001
resnet101,1.5200000000000002,2.0100000000000002,13,211.1,0.09329000000000001,4.2,0.09043000000000001
resnet101,1.5200000000000002,2.255,13,211.1,0.09329000000000001,4.2,0.09043000000000001
resnet101,1.7650000000000001,0.05,13,211.1,0.09329000000000001,39.9,0.09320999999999999
resnet101,1.7650000000000001,0.29500000000000004,13,211.1,0.09329000000000001,39.9,0.09320999999999999
resnet101,1.7650000000000001,0.54,13,211.1,0.09329000000000001,9.8,0.09251000000000001
resnet101,1.7650000000000001,0.7850000000000001,13,211.1,0.09329000000000001,9.8,0.09251000000000001
resnet101,1.7650000000000001,1.03,13,211.1,0.09329000000000001,4.2,0.09043000000000001
resnet101,1.7650000000000001,1.2750000000000001,13,211.1,0.09329000000000001,3.8,0.09043000000000001
resnet101,1.7650000000000001,1.5200000000000002,13,211.1,0.09329000000000001,3.8,0.09043000000000001
resnet101,1.7650000000000001,1.7650000000000001,13,211.1,0.09329000000000001,3.8,0.09043000000000001
resnet101,1.7650000000000001,2.0100000000000002,13,211.1,0.09329000000000001,3.8,0.09043000000000001
resnet101,1.7650000000000001,2.255,13,211.1,0.09329000000000001,3.8,0.09043000000000001
resnet101,2.0100000000000002,0.05,13,211.1,0.09329000000000001,39.9,0.09320999999999999
resnet101,2.0100000000000002,0.29500000000000004,13,211.1,0.09329000000000001,39.9,0.09320999999999999
resnet101,2.0100000000000002,0.54,13,211.1,0.09329000000000001,9.8,0.09251000000000001
resnet101,2.0100000000000002,0.7850000000000001,13,211.1,0.09329000000000001,9.8,0.09251000000000001
resnet101,2.0100000000000002,1.03,13,211.1,0.09329000000000001,4.2,0.09043000000000001
resnet101,2.0100000000000002,1.2750000000000001,13,211.1,0.09329000000000001,3.8,0.09043000000000001
resnet101,2.0100000000000002,1.5200000000000002,13,211.1,0.09329000000000001,3.8,0.09043000000000001
resnet101,2.0100000000000002,1.7650000000000001,13,211.1,0.09329000000000001,3.8,0.09043000000000001
resnet101,2.0100000000000002,2.0100000000000002,13,211.1,0.09329000000000001,3.8,0.09043000000000001
resnet101,2.0100000000000002,2.255,13,211.1,0.09329000000000001,3.8,0.09043000000000001
resnet101,2.255,0.05,13,211.1,0.09329000000000001,39.9,0.09320999999999999
resnet101,2.255,0.29500000000000004,13,211.1,0.09329000000000001,39.9,0.09320999999999999
resnet101,2.255,0.54,13,211.1,0.09329000000000001,9.8,0.09251000000000001
resnet101,2.255,0.7850000000000001,13,211.1,0.09329000000000001,9.8,0.09251000000000001
resnet101,2.255,1.03,13,211.1,0.09329000000000001,4.2,0.09043000000000001
resnet101,2.255,1.2750000000000001,13,211.1,0.09329000000000001,3.8,0.09043000000000001
resnet101,2.255,1.5200000000000002,13,211.1,0.09329000000000001,3.8,0.09043000000000001
resnet101,2.255,1.7650000000000001,13,211.1,0.09329000000000001,3.4,0.09007
resnet101,2.255,2.0100000000000002,13,211.1,0.09329000000000001,3.4,0.09007
resnet101,2.255,2.255,13,211.1,0.09329000000000001,3.4,0.09007
resnet101,0.05,0.05,15,211.1,0.09329000000000001,39.9,0.09320999999999999
resnet101,0.05,0.29500000000000004,15,211.1,0.09329000000000001,39.9,0.09320999999999999
resnet101,0.05,0.54,15,211.1,0.09329000000000001,39.9,0.09320999999999999
resnet101,0.05,0.7850000000000001,15,211.1,0.09329000000000001,39.9,0.09320999999999999
resnet101,0.05,1.03,15,211.1,0.09329000000000001,39.9,0.09320999999999999
resnet101,0.05,1.2750000000000001,15,211.1,0.09329000000000001,39.9,0.09320999999999999
resnet101,0.05,1.5200000000000002,15,211.1,0.09329000000000001,39.9,0.09320999999999999
resnet101,0.05,1.7650000000000001,15,211.1,0.09329000000000001,39.9,0.09320999999999999
resnet101,0.05,2.0100000000000002,15,211.1,0.09329000000000001,39.9,0.09320999999999999
resnet101,0.05,2.255,15,211.1,0.09329000000000001,39.9,0.09320999999999999
resnet101,0.29500000000000004,0.05,15,211.1,0.09329000000000001,39.9,0.09320999999999999
resnet101,0.29500000000000004,0.29500000000000004,15,211.1,0.09329000000000001,39.9,0.09320999999999999
resnet101,0.29500000000000004,0.54,15,211.1,0.09329000000000001,39.9,0.09320999999999999
resnet101,0.29500000000000004,0.7850000000000001,15,211.1,0.09329000000000001,39.9,0.09320999999999999
resnet101,0.29500000000000004,1.03,15,211.1,0.09329000000000001,39.9,0.09320999999999999
resnet101,0.29500000000000004,1.2750000000000001,15,211.1,0.09329000000000001,39.9,0.09320999999999999
resnet101,0.29500000000000004,1.5200000000000002,15,211.1,0.09329000000000001,39.9,0.09320999999999999
resnet101,0.29500000000000004,1.7650000000000001,15,211.1,0.09329000000000001,39.9,0.09320999999999999
resnet101,0.29500000000000004,2.0100000000000002,15,211.1,0.09329000000000001,39.9,0.09320999999999999
resnet101,0.29500000000000004,2.255,15,211.1,0.09329000000000001,39.9,0.09320999999999999
resnet101,0.54,0.05,15,211.1,0.09329000000000001,39.9,0.09320999999999999
resnet101,0.54,0.29500000000000004,15,211.1,0.09329000000000001,39.9,0.09320999999999999
resnet101,0.54,0.54,15,211.1,0.09329000000000001,39.9,0.09320999999999999
resnet101,0.54,0.7850000000000001,15,211.1,0.09329000000000001,39.9,0.09320999999999999
resnet101,0.54,1.03,15,211.1,0.09329000000000001,39.9,0.09320999999999999
resnet101,0.54,1.2750000000000001,15,211.1,0.09329000000000001,39.9,0.09320999999999999
resnet101,0.54,1.5200000000000002,15,211.1,0.09329000000000001,39.9,0.09320999999999999
resnet101,0.54,1.7650000000000001,15,211.1,0.09329000000000001,39.9,0.09320999999999999
resnet101,0.54,2.0100000000000002,15,211.1,0.09329000000000001,39.9,0.09320999999999999
resnet101,0.54,2.255,15,211.1,0.09329000000000001,39.9,0.09320999999999999
resnet101,0.7850000000000001,0.05,15,211.1,0.09329000000000001,39.9,0.09320999999999999
resnet101,0.7850000000000001,0.29500000000000004,15,211.1,0.09329000000000001,39.9,0.09320999999999999
resnet101,0.7850000000000001,0.54,15,211.1,0.09329000000000001,39.9,0.09320999999999999
resnet101,0.7850000000000001,0.7850000000000001,15,211.1,0.09329000000000001,24.7,0.09329000000000001
resnet101,0.7850000000000001,1.03,15,211.1,0.09329000000000001,24.7,0.09329000000000001
resnet101,0.7850000000000001,1.2750000000000001,15,211.1,0.09329000000000001,24.7,0.09329000000000001
resnet101,0.7850000000000001,1.5200000000000002,15,211.1,0.09329000000000001,24.7,0.09329000000000001
resnet101,0.7850000000000001,1.7650000000000001,15,211.1,0.09329000000000001,24.7,0.09329000000000001
resnet101,0.7850000000000001,2.0100000000000002,15,211.1,0.09329000000000001,24.7,0.09329000000000001
resnet101,0.7850000000000001,2.255,15,211.1,0.09329000000000001,24.7,0.09329000000000001
resnet101,1.03,0.05,15,211.1,0.09329000000000001,39.9,0.09320999999999999
resnet101,1.03,0.29500000000000004,15,211.1,0.09329000000000001,39.9,0.09320999999999999
resnet101,1.03,0.54,15,211.1,0.09329000000000001,14.6,0.09298999999999999
resnet101,1.03,0.7850000000000001,15,211.1,0.09329000000000001,14.6,0.09298999999999999
resnet101,1.03,1.03,15,211.1,0.09329000000000001,14.6,0.09298999999999999
resnet101,1.03,1.2750000000000001,15,211.1,0.09329000000000001,14.6,0.09298999999999999
resnet101,1.03,1.5200000000000002,15,211.1,0.09329000000000001,14.6,0.09298999999999999
resnet101,1.03,1.7650000000000001,15,211.1,0.09329000000000001,14.6,0.09298999999999999
resnet101,1.03,2.0100000000000002,15,211.1,0.09329000000000001,14.6,0.09298999999999999
resnet101,1.03,2.255,15,211.1,0.09329000000000001,14.6,0.09298999999999999
resnet101,1.2750000000000001,0.05,15,211.1,0.09329000000000001,39.9,0.09320999999999999
resnet101,1.2750000000000001,0.29500000000000004,15,211.1,0.09329000000000001,39.9,0.09320999999999999
resnet101,1.2750000000000001,0.54,15,211.1,0.09329000000000001,11.7,0.09274
resnet101,1.2750000000000001,0.7850000000000001,15,211.1,0.09329000000000001,11.7,0.09274
resnet101,1.2750000000000001,1.03,15,211.1,0.09329000000000001,4.4,0.09048999999999999
resnet101,1.2750000000000001,1.2750000000000001,15,211.1,0.09329000000000001,4.4,0.09048999999999999
resnet101,1.2750000000000001,1.5200000000000002,15,211.1,0.09329000000000001,4.4,0.09048999999999999
resnet101,1.2750000000000001,1.7650000000000001,15,211.1,0.09329000000000001,4.4,0.09048999999999999
resnet101,1.2750000000000001,2.0100000000000002,15,211.1,0.09329000000000001,4.4,0.09048999999999999
resnet101,1.2750000000000001,2.255,15,211.1,0.09329000000000001,4.4,0.09048999999999999
resnet101,1.5200000000000002,0.05,15,211.1,0.09329000000000001,39.9,0.09320999999999999
resnet101,1.5200000000000002,0.29500000000000004,15,211.1,0.09329000000000001,39.9,0.09320999999999999
resnet101,1.5200000000000002,0.54,15,211.1,0.09329000000000001,9.8,0.09251000000000001
resnet101,1.5200000000000002,0.7850000000000001,15,211.1,0.09329000000000001,9.8,0.09251000000000001
resnet101,1.5200000000000002,1.03,15,211.1,0.09329000000000001,4.4,0.09048999999999999
resnet101,1.5200000000000002,1.2750000000000001,15,211.1,0.09329000000000001,4.4,0.09048999999999999
resnet101,1.5200000000000002,1.5200000000000002,15,211.1,0.09329000000000001,4.4,0.09048999999999999
resnet101,1.5200000000000002,1.7650000000000001,15,211.1,0.09329000000000001,4.4,0.09048999999999999
resnet101,1.5200000000000002,2.0100000000000002,15,211.1,0.09329000000000001,4.4,0.09048999999999999
resnet101,1.5200000000000002,2.255,15,211.1,0.09329000000000001,4.4,0.09048999999999999
resnet101,1.7650000000000001,0.05,15,211.1,0.09329000000000001,39.9,0.09320999999999999
resnet101,1.7650000000000001,0.29500000000000004,15,211.1,0.09329000000000001,39.9,0.09320999999999999
resnet101,1.7650000000000001,0.54,15,211.1,0.09329000000000001,9.8,0.09251000000000001
resnet101,1.7650000000000001,0.7850000000000001,15,211.1,0.09329000000000001,9.8,0.09251000000000001
resnet101,1.7650000000000001,1.03,15,211.1,0.09329000000000001,4.4,0.09048999999999999
resnet101,1.7650000000000001,1.2750000000000001,15,211.1,0.09329000000000001,4.4,0.09048999999999999
resnet101,1.7650000000000001,1.5200000000000002,15,211.1,0.09329000000000001,4.4,0.09048999999999999
resnet101,1.7650000000000001,1.7650000000000001,15,211.1,0.09329000000000001,4.4,0.09048999999999999
resnet101,1.7650000000000001,2.0100000000000002,15,211.1,0.09329000000000001,4.4,0.09048999999999999
resnet101,1.7650000000000001,2.255,15,211.1,0.09329000000000001,4.4,0.09048999999999999
resnet101,2.0100000000000002,0.05,15,211.1,0.09329000000000001,39.9,0.09320999999999999
resnet101,2.0100000000000002,0.29500000000000004,15,211.1,0.09329000000000001,39.9,0.09320999999999999
resnet101,2.0100000000000002,0.54,15,211.1,0.09329000000000001,9.8,0.09251000000000001
resnet101,2.0100000000000002,0.7850000000000001,15,211.1,0.09329000000000001,9.8,0.09251000000000001
resnet101,2.0100000000000002,1.03,15,211.1,0.09329000000000001,4.4,0.09048999999999999
resnet101,2.0100000000000002,1.2750000000000001,15,211.1,0.09329000000000001,4.4,0.09048999999999999
resnet101,2.0100000000000002,1.5200000000000002,15,211.1,0.09329000000000001,4.4,0.09048999999999999
resnet101,2.0100000000000002,1.7650000000000001,15,211.1,0.09329000000000001,4.4,0.09048999999999999
resnet101,2.0100000000000002,2.0100000000000002,15,211.1,0.09329000000000001,4.4,0.09048999999999999
resnet101,2.0100000000000002,2.255,15,211.1,0.09329000000000001,4.4,0.09048999999999999
resnet101,2.255,0.05,15,211.1,0.09329000000000001,39.9,0.09320999999999999
resnet101,2.255,0.29500000000000004,15,211.1,0.09329000000000001,39.9,0.09320999999999999
resnet101,2.255,0.54,15,211.1,0.09329000000000001,9.8,0.09251000000000001
resnet101,2.255,0.7850000000000001,15,211.1,0.09329000000000001,9.8,0.09251000000000001
resnet101,2.255,1.03,15,211.1,0.09329000000000001,4.4,0.09048999999999999
resnet101,2.255,1.2750000000000001,15,211.1,0.09329000000000001,4.4,0.09048999999999999
resnet101,2.255,1.5200000000000002,15,211.1,0.09329000000000001,4.4,0.09048999999999999
resnet101,2.255,1.7650000000000001,15,211.1,0.09329000000000001,4.4,0.09048999999999999
resnet101,2.255,2.0100000000000002,15,211.1,0.09329000000000001,4.4,0.09048999999999999
resnet101,2.255,2.255,15,211.1,0.09329000000000001,4.4,0.09048999999999999
resnet101,0.05,0.05,17,211.1,0.09329000000000001,39.9,0.09320999999999999
resnet101,0.05,0.29500000000000004,17,211.1,0.09329000000000001,39.9,0.09320999999999999
resnet101,0.05,0.54,17,211.1,0.09329000000000001,39.9,0.09320999999999999
resnet101,0.05,0.7850000000000001,17,211.1,0.09329000000000001,39.9,0.09320999999999999
resnet101,0.05,1.03,17,211.1,0.09329000000000001,39.9,0.09320999999999999
resnet101,0.05,1.2750000000000001,17,211.1,0.09329000000000001,39.9,0.09320999999999999
resnet101,0.05,1.5200000000000002,17,211.1,0.09329000000000001,39.9,0.09320999999999999
resnet101,0.05,1.7650000000000001,17,211.1,0.09329000000000001,39.9,0.09320999999999999
resnet101,0.05,2.0100000000000002,17,211.1,0.09329000000000001,39.9,0.09320999999999999
resnet101,0.05,2.255,17,211.1,0.09329000000000001,39.9,0.09320999999999999
resnet101,0.29500000000000004,0.05,17,211.1,0.09329000000000001,39.9,0.09320999999999999
resnet101,0.29500000000000004,0.29500000000000004,17,211.1,0.09329000000000001,39.9,0.09320999999999999
resnet101,0.29500000000000004,0.54,17,211.1,0.09329000000000001,39.9,0.09320999999999999
resnet101,0.29500000000000004,0.7850000000000001,17,211.1,0.09329000000000001,39.9,0.09320999999999999
resnet101,0.29500000000000004,1.03,17,211.1,0.09329000000000001,39.9,0.09320999999999999
resnet101,0.29500000000000004,1.2750000000000001,17,211.1,0.09329000000000001,39.9,0.09320999999999999
resnet101,0.29500000000000004,1.5200000000000002,17,211.1,0.09329000000000001,39.9,0.09320999999999999
resnet101,0.29500000000000004,1.7650000000000001,17,211.1,0.09329000000000001,39.9,0.09320999999999999
resnet101,0.29500000000000004,2.0100000000000002,17,211.1,0.09329000000000001,39.9,0.09320999999999999
resnet101,0.29500000000000004,2.255,17,211.1,0.09329000000000001,39.9,0.09320999999999999
resnet101,0.54,0.05,17,211.1,0.09329000000000001,39.9,0.09320999999999999
resnet101,0.54,0.29500000000000004,17,211.1,0.09329000000000001,39.9,0.09320999999999999
resnet101,0.54,0.54,17,211.1,0.09329000000000001,39.9,0.09320999999999999
resnet101,0.54,0.7850000000000001,17,211.1,0.09329000000000001,39.9,0.09320999999999999
resnet101,0.54,1.03,17,211.1,0.09329000000000001,39.9,0.09320999999999999
resnet101,0.54,1.2750000000000001,17,211.1,0.09329000000000001,39.9,0.09320999999999999
resnet101,0.54,1.5200000000000002,17,211.1,0.09329000000000001,39.9,0.09320999999999999
resnet101,0.54,1.7650000000000001,17,211.1,0.09329000000000001,39.9,0.09320999999999999
resnet101,0.54,2.0100000000000002,17,211.1,0.09329000000000001,39.9,0.09320999999999999
resnet101,0.54,2.255,17,211.1,0.09329000000000001,39.9,0.09320999999999999
resnet101,0.7850000000000001,0.05,17,211.1,0.09329000000000001,39.9,0.09320999999999999
resnet101,0.7850000000000001,0.29500000000000004,17,211.1,0.09329000000000001,39.9,0.09320999999999999
resnet101,0.7850000000000001,0.54,17,211.1,0.09329000000000001,26.1,0.09329000000000001
resnet101,0.7850000000000001,0.7850000000000001,17,211.1,0.09329000000000001,26.1,0.09329000000000001
resnet101,0.7850000000000001,1.03,17,211.1,0.09329000000000001,26.1,0.09329000000000001
resnet101,0.7850000000000001,1.2750000000000001,17,211.1,0.09329000000000001,26.1,0.09329000000000001
resnet101,0.7850000000000001,1.5200000000000002,17,211.1,0.09329000000000001,26.1,0.09329000000000001
resnet101,0.7850000000000001,1.7650000000000001,17,211.1,0.09329000000000001,26.1,0.09329000000000001
resnet101,0.7850000000000001,2.0100000000000002,17,211.1,0.09329000000000001,26.1,0.09329000000000001
resnet101,0.7850000000000001,2.255,17,211.1,0.09329000000000001,26.1,0.09329000000000001
resnet101,1.03,0.05,17,211.1,0.09329000000000001,39.9,0.09320999999999999
resnet101,1.03,0.29500000000000004,17,211.1,0.09329000000000001,39.9,0.09320999999999999
resnet101,1.03,0.54,17,211.1,0.09329000000000001,14.8,0.09298999999999999
resnet101,1.03,0.7850000000000001,17,211.1,0.09329000000000001,14.6,0.09298999999999999
resnet101,1.03,1.03,17,211.1,0.09329000000000001,4.6,0.09108
resnet101,1.03,1.2750000000000001,17,211.1,0.09329000000000001,4.6,0.09108
resnet101,1.03,1.5200000000000002,17,211.1,0.09329000000000001,4.6,0.09108
resnet101,1.03,1.7650000000000001,17,211.1,0.09329000000000001,4.6,0.09108
resnet101,1.03,2.0100000000000002,17,211.1,0.09329000000000001,4.6,0.09108
resnet101,1.03,2.255,17,211.1,0.09329000000000001,4.6,0.09108
resnet101,1.2750000000000001,0.05,17,211.1,0.09329000000000001,39.9,0.09320999999999999
resnet101,1.2750000000000001,0.29500000000000004,17,211.1,0.09329000000000001,39.9,0.09320999999999999
resnet101,1.2750000000000001,0.54,17,211.1,0.09329000000000001,10.0,0.09255
resnet101,1.2750000000000001,0.7850000000000001,17,211.1,0.09329000000000001,9.8,0.09251000000000001
resnet101,1.2750000000000001,1.03,17,211.1,0.09329000000000001,4.6,0.09108
resnet101,1.2750000000000001,1.2750000000000001,17,211.1,0.09329000000000001,4.6,0.09108
resnet101,1.2750000000000001,1.5200000000000002,17,211.1,0.09329000000000001,4.6,0.09108
resnet101,1.2750000000000001,1.7650000000000001,17,211.1,0.09329000000000001,4.6,0.09108
resnet101,1.2750000000000001,2.0100000000000002,17,211.1,0.09329000000000001,4.6,0.09108
resnet101,1.2750000000000001,2.255,17,211.1,0.09329000000000001,4.6,0.09108
resnet101,1.5200000000000002,0.05,17,211.1,0.09329000000000001,39.9,0.09320999999999999
resnet101,1.5200000000000002,0.29500000000000004,17,211.1,0.09329000000000001,39.9,0.09320999999999999
resnet101,1.5200000000000002,0.54,17,211.1,0.09329000000000001,10.0,0.09255
resnet101,1.5200000000000002,0.7850000000000001,17,211.1,0.09329000000000001,9.8,0.09251000000000001
resnet101,1.5200000000000002,1.03,17,211.1,0.09329000000000001,4.6,0.09108
resnet101,1.5200000000000002,1.2750000000000001,17,211.1,0.09329000000000001,4.6,0.09108
resnet101,1.5200000000000002,1.5200000000000002,17,211.1,0.09329000000000001,4.6,0.09108
resnet101,1.5200000000000002,1.7650000000000001,17,211.1,0.09329000000000001,4.6,0.09108
resnet101,1.5200000000000002,2.0100000000000002,17,211.1,0.09329000000000001,4.6,0.09108
resnet101,1.5200000000000002,2.255,17,211.1,0.09329000000000001,4.6,0.09108
resnet101,1.7650000000000001,0.05,17,211.1,0.09329000000000001,39.9,0.09320999999999999
resnet101,1.7650000000000001,0.29500000000000004,17,211.1,0.09329000000000001,39.9,0.09320999999999999
resnet101,1.7650000000000001,0.54,17,211.1,0.09329000000000001,10.0,0.09255
resnet101,1.7650000000000001,0.7850000000000001,17,211.1,0.09329000000000001,9.8,0.09251000000000001
resnet101,1.7650000000000001,1.03,17,211.1,0.09329000000000001,4.6,0.09108
resnet101,1.7650000000000001,1.2750000000000001,17,211.1,0.09329000000000001,4.6,0.09108
resnet101,1.7650000000000001,1.5200000000000002,17,211.1,0.09329000000000001,4.6,0.09108
resnet101,1.7650000000000001,1.7650000000000001,17,211.1,0.09329000000000001,4.6,0.09108
resnet101,1.7650000000000001,2.0100000000000002,17,211.1,0.09329000000000001,4.6,0.09108
resnet101,1.7650000000000001,2.255,17,211.1,0.09329000000000001,4.6,0.09108
resnet101,2.0100000000000002,0.05,17,211.1,0.09329000000000001,39.9,0.09320999999999999
resnet101,2.0100000000000002,0.29500000000000004,17,211.1,0.09329000000000001,39.9,0.09320999999999999
resnet101,2.0100000000000002,0.54,17,211.1,0.09329000000000001,10.0,0.09255
resnet101,2.0100000000000002,0.7850000000000001,17,211.1,0.09329000000000001,9.8,0.09251000000000001
resnet101,2.0100000000000002,1.03,17,211.1,0.09329000000000001,4.6,0.09108
resnet101,2.0100000000000002,1.2750000000000001,17,211.1,0.09329000000000001,4.6,0.09108
resnet101,2.0100000000000002,1.5200000000000002,17,211.1,0.09329000000000001,4.6,0.09108
resnet101,2.0100000000000002,1.7650000000000001,17,211.1,0.09329000000000001,4.6,0.09108
resnet101,2.0100000000000002,2.0100000000000002,17,211.1,0.09329000000000001,4.6,0.09108
resnet101,2.0100000000000002,2.255,17,211.1,0.09329000000000001,4.6,0.09108
resnet101,2.255,0.05,17,211.1,0.09329000000000001,39.9,0.09320999999999999
resnet101,2.255,0.29500000000000004,17,211.1,0.09329000000000001,39.9,0.09320999999999999
resnet101,2.255,0.54,17,211.1,0.09329000000000001,10.0,0.09255
resnet101,2.255,0.7850000000000001,17,211.1,0.09329000000000001,9.8,0.09251000000000001
resnet101,2.255,1.03,17,211.1,0.09329000000000001,4.6,0.09108
resnet101,2.255,1.2750000000000001,17,211.1,0.09329000000000001,4.6,0.09108
resnet101,2.255,1.5200000000000002,17,211.1,0.09329000000000001,4.6,0.09108
resnet101,2.255,1.7650000000000001,17,211.1,0.09329000000000001,4.6,0.09108
resnet101,2.255,2.0100000000000002,17,211.1,0.09329000000000001,4.6,0.09108
resnet101,2.255,2.255,17,211.1,0.09329000000000001,4.6,0.09108
resnet101,0.05,0.05,19,211.1,0.09329000000000001,39.9,0.09320999999999999
resnet101,0.05,0.29500000000000004,19,211.1,0.09329000000000001,39.9,0.09320999999999999
resnet101,0.05,0.54,19,211.1,0.09329000000000001,39.9,0.09320999999999999
resnet101,0.05,0.7850000000000001,19,211.1,0.09329000000000001,39.9,0.09320999999999999
resnet101,0.05,1.03,19,211.1,0.09329000000000001,39.9,0.09320999999999999
resnet101,0.05,1.2750000000000001,19,211.1,0.09329000000000001,39.9,0.09320999999999999
resnet101,0.05,1.5200000000000002,19,211.1,0.09329000000000001,39.9,0.09320999999999999
resnet101,0.05,1.7650000000000001,19,211.1,0.09329000000000001,39.9,0.09320999999999999
resnet101,0.05,2.0100000000000002,19,211.1,0.09329000000000001,39.9,0.09320999999999999
resnet101,0.05,2.255,19,211.1,0.09329000000000001,39.9,0.09320999999999999
resnet101,0.29500000000000004,0.05,19,211.1,0.09329000000000001,39.9,0.09320999999999999
resnet101,0.29500000000000004,0.29500000000000004,19,211.1,0.09329000000000001,39.9,0.09320999999999999
resnet101,0.29500000000000004,0.54,19,211.1,0.09329000000000001,39.9,0.09320999999999999
resnet101,0.29500000000000004,0.7850000000000001,19,211.1,0.09329000000000001,39.9,0.09320999999999999
resnet101,0.29500000000000004,1.03,19,211.1,0.09329000000000001,39.9,0.09320999999999999
resnet101,0.29500000000000004,1.2750000000000001,19,211.1,0.09329000000000001,39.9,0.09320999999999999
resnet101,0.29500000000000004,1.5200000000000002,19,211.1,0.09329000000000001,39.9,0.09320999999999999
resnet101,0.29500000000000004,1.7650000000000001,19,211.1,0.09329000000000001,39.9,0.09320999999999999
resnet101,0.29500000000000004,2.0100000000000002,19,211.1,0.09329000000000001,39.9,0.09320999999999999
resnet101,0.29500000000000004,2.255,19,211.1,0.09329000000000001,39.9,0.09320999999999999
resnet101,0.54,0.05,19,211.1,0.09329000000000001,39.9,0.09320999999999999
resnet101,0.54,0.29500000000000004,19,211.1,0.09329000000000001,39.9,0.09320999999999999
resnet101,0.54,0.54,19,211.1,0.09329000000000001,26.3,0.09329000000000001
resnet101,0.54,0.7850000000000001,19,211.1,0.09329000000000001,26.3,0.09329000000000001
resnet101,0.54,1.03,19,211.1,0.09329000000000001,26.3,0.09329000000000001
resnet101,0.54,1.2750000000000001,19,211.1,0.09329000000000001,26.3,0.09329000000000001
resnet101,0.54,1.5200000000000002,19,211.1,0.09329000000000001,26.3,0.09329000000000001
resnet101,0.54,1.7650000000000001,19,211.1,0.09329000000000001,26.3,0.09329000000000001
resnet101,0.54,2.0100000000000002,19,211.1,0.09329000000000001,26.3,0.09329000000000001
resnet101,0.54,2.255,19,211.1,0.09329000000000001,26.3,0.09329000000000001
resnet101,0.7850000000000001,0.05,19,211.1,0.09329000000000001,39.9,0.09320999999999999
resnet101,0.7850000000000001,0.29500000000000004,19,211.1,0.09329000000000001,39.9,0.09320999999999999
resnet101,0.7850000000000001,0.54,19,211.1,0.09329000000000001,25.8,0.09329000000000001
resnet101,0.7850000000000001,0.7850000000000001,19,211.1,0.09329000000000001,24.7,0.09329000000000001
resnet101,0.7850000000000001,1.03,19,211.1,0.09329000000000001,24.7,0.09329000000000001
resnet101,0.7850000000000001,1.2750000000000001,19,211.1,0.09329000000000001,24.7,0.09329000000000001
resnet101,0.7850000000000001,1.5200000000000002,19,211.1,0.09329000000000001,24.7,0.09329000000000001
resnet101,0.7850000000000001,1.7650000000000001,19,211.1,0.09329000000000001,24.7,0.09329000000000001
resnet101,0.7850000000000001,2.0100000000000002,19,211.1,0.09329000000000001,24.7,0.09329000000000001
resnet101,0.7850000000000001,2.255,19,211.1,0.09329000000000001,24.7,0.09329000000000001
resnet101,1.03,0.05,19,211.1,0.09329000000000001,39.9,0.09320999999999999
resnet101,1.03,0.29500000000000004,19,211.1,0.09329000000000001,39.9,0.09320999999999999
resnet101,1.03,0.54,19,211.1,0.09329000000000001,11.9,0.09274
resnet101,1.03,0.7850000000000001,19,211.1,0.09329000000000001,11.9,0.09274
resnet101,1.03,1.03,19,211.1,0.09329000000000001,4.8,0.09137999999999999
resnet101,1.03,1.2750000000000001,19,211.1,0.09329000000000001,4.8,0.09137999999999999
resnet101,1.03,1.5200000000000002,19,211.1,0.09329000000000001,4.8,0.09137999999999999
resnet101,1.03,1.7650000000000001,19,211.1,0.09329000000000001,4.8,0.09137999999999999
resnet101,1.03,2.0100000000000002,19,211.1,0.09329000000000001,4.8,0.09137999999999999
resnet101,1.03,2.255,19,211.1,0.09329000000000001,4.8,0.09137999999999999
resnet101,1.2750000000000001,0.05,19,211.1,0.09329000000000001,39.9,0.09320999999999999
resnet101,1.2750000000000001,0.29500000000000004,19,211.1,0.09329000000000001,39.3,0.09351000000000001
resnet101,1.2750000000000001,0.54,19,211.1,0.09329000000000001,10.0,0.09255
resnet101,1.2750000000000001,0.7850000000000001,19,211.1,0.09329000000000001,9.9,0.09251000000000001
resnet101,1.2750000000000001,1.03,19,211.1,0.09329000000000001,4.8,0.09137999999999999
resnet101,1.2750000000000001,1.2750000000000001,19,211.1,0.09329000000000001,4.8,0.09137999999999999
resnet101,1.2750000000000001,1.5200000000000002,19,211.1,0.09329000000000001,4.8,0.09137999999999999
resnet101,1.2750000000000001,1.7650000000000001,19,211.1,0.09329000000000001,4.8,0.09137999999999999
resnet101,1.2750000000000001,2.0100000000000002,19,211.1,0.09329000000000001,4.8,0.09137999999999999
resnet101,1.2750000000000001,2.255,19,211.1,0.09329000000000001,4.8,0.09137999999999999
resnet101,1.5200000000000002,0.05,19,211.1,0.09329000000000001,39.9,0.09320999999999999
resnet101,1.5200000000000002,0.29500000000000004,19,211.1,0.09329000000000001,37.6,0.09340999999999999
resnet101,1.5200000000000002,0.54,19,211.1,0.09329000000000001,10.0,0.09255
resnet101,1.5200000000000002,0.7850000000000001,19,211.1,0.09329000000000001,9.9,0.09251000000000001
resnet101,1.5200000000000002,1.03,19,211.1,0.09329000000000001,4.8,0.09137999999999999
resnet101,1.5200000000000002,1.2750000000000001,19,211.1,0.09329000000000001,4.8,0.09137999999999999
resnet101,1.5200000000000002,1.5200000000000002,19,211.1,0.09329000000000001,4.8,0.09137999999999999
resnet101,1.5200000000000002,1.7650000000000001,19,211.1,0.09329000000000001,4.8,0.09137999999999999
resnet101,1.5200000000000002,2.0100000000000002,19,211.1,0.09329000000000001,4.8,0.09137999999999999
resnet101,1.5200000000000002,2.255,19,211.1,0.09329000000000001,4.8,0.09137999999999999
resnet101,1.7650000000000001,0.05,19,211.1,0.09329000000000001,39.9,0.09320999999999999
resnet101,1.7650000000000001,0.29500000000000004,19,211.1,0.09329000000000001,37.6,0.09340999999999999
resnet101,1.7650000000000001,0.54,19,211.1,0.09329000000000001,10.0,0.09255
resnet101,1.7650000000000001,0.7850000000000001,19,211.1,0.09329000000000001,9.9,0.09251000000000001
resnet101,1.7650000000000001,1.03,19,211.1,0.09329000000000001,4.8,0.09137999999999999
resnet101,1.7650000000000001,1.2750000000000001,19,211.1,0.09329000000000001,4.8,0.09137999999999999
resnet101,1.7650000000000001,1.5200000000000002,19,211.1,0.09329000000000001,4.8,0.09137999999999999
resnet101,1.7650000000000001,1.7650000000000001,19,211.1,0.09329000000000001,4.8,0.09137999999999999
resnet101,1.7650000000000001,2.0100000000000002,19,211.1,0.09329000000000001,4.8,0.09137999999999999
resnet101,1.7650000000000001,2.255,19,211.1,0.09329000000000001,4.8,0.09137999999999999
resnet101,2.0100000000000002,0.05,19,211.1,0.09329000000000001,39.9,0.09320999999999999
resnet101,2.0100000000000002,0.29500000000000004,19,211.1,0.09329000000000001,37.6,0.09340999999999999
resnet101,2.0100000000000002,0.54,19,211.1,0.09329000000000001,6.0,0.09167
resnet101,2.0100000000000002,0.7850000000000001,19,211.1,0.09329000000000001,6.0,0.09167
resnet101,2.0100000000000002,1.03,19,211.1,0.09329000000000001,4.8,0.09137999999999999
resnet101,2.0100000000000002,1.2750000000000001,19,211.1,0.09329000000000001,4.8,0.09137999999999999
resnet101,2.0100000000000002,1.5200000000000002,19,211.1,0.09329000000000001,4.8,0.09137999999999999
resnet101,2.0100000000000002,1.7650000000000001,19,211.1,0.09329000000000001,4.8,0.09137999999999999
resnet101,2.0100000000000002,2.0100000000000002,19,211.1,0.09329000000000001,4.8,0.09137999999999999
resnet101,2.0100000000000002,2.255,19,211.1,0.09329000000000001,4.8,0.09137999999999999
resnet101,2.255,0.05,19,211.1,0.09329000000000001,39.9,0.09320999999999999
resnet101,2.255,0.29500000000000004,19,211.1,0.09329000000000001,37.6,0.09340999999999999
resnet101,2.255,0.54,19,211.1,0.09329000000000001,6.0,0.09167
resnet101,2.255,0.7850000000000001,19,211.1,0.09329000000000001,6.0,0.09167
resnet101,2.255,1.03,19,211.1,0.09329000000000001,4.8,0.09137999999999999
resnet101,2.255,1.2750000000000001,19,211.1,0.09329000000000001,4.8,0.09137999999999999
resnet101,2.255,1.5200000000000002,19,211.1,0.09329000000000001,4.8,0.09137999999999999
resnet101,2.255,1.7650000000000001,19,211.1,0.09329000000000001,4.8,0.09137999999999999
resnet101,2.255,2.0100000000000002,19,211.1,0.09329000000000001,4.8,0.09137999999999999
resnet101,2.255,2.255,19,211.1,0.09329000000000001,4.8,0.09137999999999999
