vgg16,0.05,0.05,5,238.8,0.09246,39.9,0.09212000000000001
vgg16,0.05,0.29500000000000004,5,238.8,0.09246,39.9,0.09212000000000001
vgg16,0.05,0.54,5,238.8,0.09246,39.9,0.09212000000000001
vgg16,0.05,0.7850000000000001,5,238.8,0.09246,39.9,0.09212000000000001
vgg16,0.05,1.03,5,238.8,0.09246,39.9,0.09212000000000001
vgg16,0.05,1.2750000000000001,5,238.8,0.09246,39.9,0.09212000000000001
vgg16,0.05,1.5200000000000002,5,238.8,0.09246,39.9,0.09212000000000001
vgg16,0.05,1.7650000000000001,5,238.8,0.09246,39.9,0.09212000000000001
vgg16,0.05,2.0100000000000002,5,238.8,0.09246,39.9,0.09212000000000001
vgg16,0.05,2.255,5,238.8,0.09246,39.9,0.09212000000000001
vgg16,0.29500000000000004,0.05,5,238.8,0.09246,39.9,0.09212000000000001
vgg16,0.29500000000000004,0.29500000000000004,5,238.8,0.09246,39.9,0.09212000000000001
vgg16,0.29500000000000004,0.54,5,238.8,0.09246,39.9,0.09212000000000001
vgg16,0.29500000000000004,0.7850000000000001,5,238.8,0.09246,39.9,0.09212000000000001
vgg16,0.29500000000000004,1.03,5,238.8,0.09246,39.9,0.09212000000000001
vgg16,0.29500000000000004,1.2750000000000001,5,238.8,0.09246,39.9,0.09212000000000001
vgg16,0.29500000000000004,1.5200000000000002,5,238.8,0.09246,39.9,0.09212000000000001
vgg16,0.29500000000000004,1.7650000000000001,5,238.8,0.09246,39.9,0.09212000000000001
vgg16,0.29500000000000004,2.0100000000000002,5,238.8,0.09246,39.9,0.09212000000000001
vgg16,0.29500000000000004,2.255,5,238.8,0.09246,39.9,0.09212000000000001
vgg16,0.54,0.05,5,238.8,0.09246,39.9,0.09212000000000001
vgg16,0.54,0.29500000000000004,5,238.8,0.09246,39.9,0.09212000000000001
vgg16,0.54,0.54,5,238.8,0.09246,39.9,0.09212000000000001
vgg16,0.54,0.7850000000000001,5,238.8,0.09246,39.9,0.09212000000000001
vgg16,0.54,1.03,5,238.8,0.09246,39.9,0.09212000000000001
vgg16,0.54,1.2750000000000001,5,238.8,0.09246,39.9,0.09212000000000001
vgg16,0.54,1.5200000000000002,5,238.8,0.09246,39.9,0.09212000000000001
vgg16,0.54,1.7650000000000001,5,238.8,0.09246,39.9,0.09212000000000001
vgg16,0.54,2.0100000000000002,5,238.8,0.09246,39.9,0.09212000000000001
vgg16,0.54,2.255,5,238.8,0.09246,39.9,0.09212000000000001
vgg16,0.7850000000000001,0.05,5,238.8,0.09246,39.9,0.09212000000000001
vgg16,0.7850000000000001,0.29500000000000004,5,238.8,0.09246,39.9,0.09212000000000001
vgg16,0.7850000000000001,0.54,5,238.8,0.09246,39.9,0.09212000000000001
vgg16,0.7850000000000001,0.7850000000000001,5,238.8,0.09246,39.9,0.09212000000000001
vgg16,0.7850000000000001,1.03,5,238.8,0.09246,39.9,0.09212000000000001
vgg16,0.7850000000000001,1.2750000000000001,5,238.8,0.09246,39.9,0.09212000000000001
vgg16,0.7850000000000001,1.5200000000000002,5,238.8,0.09246,39.9,0.09212000000000001
vgg16,0.7850000000000001,1.7650000000000001,5,238.8,0.09246,39.9,0.09212000000000001
vgg16,0.7850000000000001,2.0100000000000002,5,238.8,0.09246,39.9,0.09212000000000001
vgg16,0.7850000000000001,2.255,5,238.8,0.09246,39.9,0.09212000000000001
vgg16,1.03,0.05,5,238.8,0.09246,39.9,0.09212000000000001
vgg16,1.03,0.29500000000000004,5,238.8,0.09246,39.9,0.09212000000000001
vgg16,1.03,0.54,5,238.8,0.09246,39.9,0.09212000000000001
vgg16,1.03,0.7850000000000001,5,238.8,0.09246,39.9,0.09212000000000001
vgg16,1.03,1.03,5,238.8,0.09246,39.9,0.09212000000000001
vgg16,1.03,1.2750000000000001,5,238.8,0.09246,39.9,0.09212000000000001
vgg16,1.03,1.5200000000000002,5,238.8,0.09246,39.9,0.09212000000000001
vgg16,1.03,1.7650000000000001,5,238.8,0.09246,39.9,0.09212000000000001
vgg16,1.03,2.0100000000000002,5,238.8,0.09246,39.9,0.09212000000000001
vgg16,1.03,2.255,5,238.8,0.09246,39.9,0.09212000000000001
vgg16,1.2750000000000001,0.05,5,238.8,0.09246,39.9,0.09212000000000001
vgg16,1.2750000000000001,0.29500000000000004,5,238.8,0.09246,39.9,0.09212000000000001
vgg16,1.2750000000000001,0.54,5,238.8,0.09246,39.9,0.09212000000000001
vgg16,1.2750000000000001,0.7850000000000001,5,238.8,0.09246,39.9,0.09212000000000001
vgg16,1.2750000000000001,1.03,5,238.8,0.09246,39.9,0.09212000000000001
vgg16,1.2750000000000001,1.2750000000000001,5,238.8,0.09246,32.5,0.09254000000000001
vgg16,1.2750000000000001,1.5200000000000002,5,238.8,0.09246,18.3,0.09226999999999999
vgg16,1.2750000000000001,1.7650000000000001,5,238.8,0.09246,18.3,0.09226999999999999
vgg16,1.2750000000000001,2.0100000000000002,5,238.8,0.09246,18.3,0.09226999999999999
vgg16,1.2750000000000001,2.255,5,238.8,0.09246,18.3,0.09226999999999999
vgg16,1.5200000000000002,0.05,5,238.8,0.09246,39.9,0.09212000000000001
vgg16,1.5200000000000002,0.29500000000000004,5,238.8,0.09246,39.9,0.09212000000000001
vgg16,1.5200000000000002,0.54,5,238.8,0.09246,39.9,0.09212000000000001
vgg16,1.5200000000000002,0.7850000000000001,5,238.8,0.09246,13.2,0.09194
vgg16,1.5200000000000002,1.03,5,238.8,0.09246,3.6,0.08876
vgg16,1.5200000000000002,1.2750000000000001,5,238.8,0.09246,3.6,0.08876
vgg16,1.5200000000000002,1.5200000000000002,5,238.8,0.09246,3.6,0.08876
vgg16,1.5200000000000002,1.7650000000000001,5,238.8,0.09246,3.6,0.08876
vgg16,1.5200000000000002,2.0100000000000002,5,238.8,0.09246,3.6,0.08876
vgg16,1.5200000000000002,2.255,5,238.8,0.09246,3.6,0.08876
vgg16,1.7650000000000001,0.05,5,238.8,0.09246,39.9,0.09212000000000001
vgg16,1.7650000000000001,0.29500000000000004,5,238.8,0.09246,39.9,0.09212000000000001
vgg16,1.7650000000000001,0.54,5,238.8,0.09246,39.9,0.09212000000000001
vgg16,1.7650000000000001,0.7850000000000001,5,238.8,0.09246,6.9,0.09135
vgg16,1.7650000000000001,1.03,5,238.8,0.09246,2.6,0.08834
vgg16,1.7650000000000001,1.2750000000000001,5,238.8,0.09246,2.6,0.08834
vgg16,1.7650000000000001,1.5200000000000002,5,238.8,0.09246,2.6,0.08834
vgg16,1.7650000000000001,1.7650000000000001,5,238.8,0.09246,2.6,0.08834
vgg16,1.7650000000000001,2.0100000000000002,5,238.8,0.09246,2.6,0.08834
vgg16,1.7650000000000001,2.255,5,238.8,0.09246,2.6,0.08834
vgg16,2.0100000000000002,0.05,5,238.8,0.09246,39.9,0.09212000000000001
vgg16,2.0100000000000002,0.29500000000000004,5,238.8,0.09246,39.9,0.09212000000000001
vgg16,2.0100000000000002,0.54,5,238.8,0.09246,39.9,0.09212000000000001
vgg16,2.0100000000000002,0.7850000000000001,5,238.8,0.09246,6.9,0.09135
vgg16,2.0100000000000002,1.03,5,238.8,0.09246,2.6,0.08834
vgg16,2.0100000000000002,1.2750000000000001,5,238.8,0.09246,2.6,0.08834
vgg16,2.0100000000000002,1.5200000000000002,5,238.8,0.09246,2.6,0.08834
vgg16,2.0100000000000002,1.7650000000000001,5,238.8,0.09246,2.6,0.08834
vgg16,2.0100000000000002,2.0100000000000002,5,238.8,0.09246,2.6,0.08834
vgg16,2.0100000000000002,2.255,5,238.8,0.09246,2.6,0.08834
vgg16,2.255,0.05,5,238.8,0.09246,39.9,0.09212000000000001
vgg16,2.255,0.29500000000000004,5,238.8,0.09246,39.9,0.09212000000000001
vgg16,2.255,0.54,5,238.8,0.09246,39.9,0.09212000000000001
vgg16,2.255,0.7850000000000001,5,238.8,0.09246,6.9,0.09135
vgg16,2.255,1.03,5,238.8,0.09246,2.6,0.08834
vgg16,2.255,1.2750000000000001,5,238.8,0.09246,2.6,0.08834
vgg16,2.255,1.5200000000000002,5,238.8,0.09246,2.6,0.08834
vgg16,2.255,1.7650000000000001,5,238.8,0.09246,2.6,0.08834
vgg16,2.255,2.0100000000000002,5,238.8,0.09246,2.6,0.08834
vgg16,2.255,2.255,5,238.8,0.09246,2.6,0.08834
vgg16,0.05,0.05,7,238.8,0.09246,39.9,0.09212000000000001
vgg16,0.05,0.29500000000000004,7,238.8,0.09246,39.9,0.09212000000000001
vgg16,0.05,0.54,7,238.8,0.09246,39.9,0.09212000000000001
vgg16,0.05,0.7850000000000001,7,238.8,0.09246,39.9,0.09212000000000001
vgg16,0.05,1.03,7,238.8,0.09246,39.9,0.09212000000000001
vgg16,0.05,1.2750000000000001,7,238.8,0.09246,39.9,0.09212000000000001
vgg16,0.05,1.5200000000000002,7,238.8,0.09246,39.9,0.09212000000000001
vgg16,0.05,1.7650000000000001,7,238.8,0.09246,39.9,0.09212000000000001
vgg16,0.05,2.0100000000000002,7,238.8,0.09246,39.9,0.09212000000000001
vgg16,0.05,2.255,7,238.8,0.09246,39.9,0.09212000000000001
vgg16,0.29500000000000004,0.05,7,238.8,0.09246,39.9,0.09212000000000001
vgg16,0.29500000000000004,0.29500000000000004,7,238.8,0.09246,39.9,0.09212000000000001
vgg16,0.29500000000000004,0.54,7,238.8,0.09246,39.9,0.09212000000000001
vgg16,0.29500000000000004,0.7850000000000001,7,238.8,0.09246,39.9,0.09212000000000001
vgg16,0.29500000000000004,1.03,7,238.8,0.09246,39.9,0.09212000000000001
vgg16,0.29500000000000004,1.2750000000000001,7,238.8,0.09246,39.9,0.09212000000000001
vgg16,0.29500000000000004,1.5200000000000002,7,238.8,0.09246,39.9,0.09212000000000001
vgg16,0.29500000000000004,1.7650000000000001,7,238.8,0.09246,39.9,0.09212000000000001
vgg16,0.29500000000000004,2.0100000000000002,7,238.8,0.09246,39.9,0.09212000000000001
vgg16,0.29500000000000004,2.255,7,238.8,0.09246,39.9,0.09212000000000001
vgg16,0.54,0.05,7,238.8,0.09246,39.9,0.09212000000000001
vgg16,0.54,0.29500000000000004,7,238.8,0.09246,39.9,0.09212000000000001
vgg16,0.54,0.54,7,238.8,0.09246,39.9,0.09212000000000001
vgg16,0.54,0.7850000000000001,7,238.8,0.09246,39.9,0.09212000000000001
vgg16,0.54,1.03,7,238.8,0.09246,39.9,0.09212000000000001
vgg16,0.54,1.2750000000000001,7,238.8,0.09246,39.9,0.09212000000000001
vgg16,0.54,1.5200000000000002,7,238.8,0.09246,39.9,0.09212000000000001
vgg16,0.54,1.7650000000000001,7,238.8,0.09246,39.9,0.09212000000000001
vgg16,0.54,2.0100000000000002,7,238.8,0.09246,39.9,0.09212000000000001
vgg16,0.54,2.255,7,238.8,0.09246,39.9,0.09212000000000001
vgg16,0.7850000000000001,0.05,7,238.8,0.09246,39.9,0.09212000000000001
vgg16,0.7850000000000001,0.29500000000000004,7,238.8,0.09246,39.9,0.09212000000000001
vgg16,0.7850000000000001,0.54,7,238.8,0.09246,39.9,0.09212000000000001
vgg16,0.7850000000000001,0.7850000000000001,7,238.8,0.09246,39.9,0.09212000000000001
vgg16,0.7850000000000001,1.03,7,238.8,0.09246,39.9,0.09212000000000001
vgg16,0.7850000000000001,1.2750000000000001,7,238.8,0.09246,39.9,0.09212000000000001
vgg16,0.7850000000000001,1.5200000000000002,7,238.8,0.09246,39.9,0.09212000000000001
vgg16,0.7850000000000001,1.7650000000000001,7,238.8,0.09246,39.9,0.09212000000000001
vgg16,0.7850000000000001,2.0100000000000002,7,238.8,0.09246,39.9,0.09212000000000001
vgg16,0.7850000000000001,2.255,7,238.8,0.09246,39.9,0.09212000000000001
vgg16,1.03,0.05,7,238.8,0.09246,39.9,0.09212000000000001
vgg16,1.03,0.29500000000000004,7,238.8,0.09246,39.9,0.09212000000000001
vgg16,1.03,0.54,7,238.8,0.09246,39.9,0.09212000000000001
vgg16,1.03,0.7850000000000001,7,238.8,0.09246,39.9,0.09212000000000001
vgg16,1.03,1.03,7,238.8,0.09246,32.6,0.09254000000000001
vgg16,1.03,1.2750000000000001,7,238.8,0.09246,32.6,0.09254000000000001
vgg16,1.03,1.5200000000000002,7,238.8,0.09246,19.0,0.09231
vgg16,1.03,1.7650000000000001,7,238.8,0.09246,19.0,0.09231
vgg16,1.03,2.0100000000000002,7,238.8,0.09246,19.0,0.09231
vgg16,1.03,2.255,7,238.8,0.09246,19.0,0.09231
vgg16,1.2750000000000001,0.05,7,238.8,0.09246,39.9,0.09212000000000001
vgg16,1.2750000000000001,0.29500000000000004,7,238.8,0.09246,39.9,0.09212000000000001
vgg16,1.2750000000000001,0.54,7,238.8,0.09246,39.9,0.09212000000000001
vgg16,1.2750000000000001,0.7850000000000001,7,238.8,0.09246,39.9,0.09212000000000001
vgg16,1.2750000000000001,1.03,7,238.8,0.09246,3.9,0.08981
vgg16,1.2750000000000001,1.2750000000000001,7,238.8,0.09246,3.9,0.08981
vgg16,1.2750000000000001,1.5200000000000002,7,238.8,0.09246,3.9,0.08981
vgg16,1.2750000000000001,1.7650000000000001,7,238.8,0.09246,3.9,0.08981
vgg16,1.2750000000000001,2.0100000000000002,7,238.8,0.09246,3.9,0.08981
vgg16,1.2750000000000001,2.255,7,238.8,0.09246,3.9,0.08981
vgg16,1.5200000000000002,0.05,7,238.8,0.09246,39.9,0.09212000000000001
vgg16,1.5200000000000002,0.29500000000000004,7,238.8,0.09246,39.9,0.09212000000000001
vgg16,1.5200000000000002,0.54,7,238.8,0.09246,13.4,0.09194
vgg16,1.5200000000000002,0.7850000000000001,7,238.8,0.09246,13.4,0.09194
vgg16,1.5200000000000002,1.03,7,238.8,0.09246,3.6,0.08876
vgg16,1.5200000000000002,1.2750000000000001,7,238.8,0.09246,3.6,0.08876
vgg16,1.5200000000000002,1.5200000000000002,7,238.8,0.09246,3.6,0.08876
vgg16,1.5200000000000002,1.7650000000000001,7,238.8,0.09246,3.6,0.08876
vgg16,1.5200000000000002,2.0100000000000002,7,238.8,0.09246,3.6,0.08876
vgg16,1.5200000000000002,2.255,7,238.8,0.09246,3.6,0.08876
vgg16,1.7650000000000001,0.05,7,238.8,0.09246,39.9,0.09212000000000001
vgg16,1.7650000000000001,0.29500000000000004,7,238.8,0.09246,39.9,0.09212000000000001
vgg16,1.7650000000000001,0.54,7,238.8,0.09246,13.4,0.09194
vgg16,1.7650000000000001,0.7850000000000001,7,238.8,0.09246,6.4,0.09095
vgg16,1.7650000000000001,1.03,7,238.8,0.09246,2.8,0.08834
vgg16,1.7650000000000001,1.2750000000000001,7,238.8,0.09246,2.8,0.08834
vgg16,1.7650000000000001,1.5200000000000002,7,238.8,0.09246,2.8,0.08834
vgg16,1.7650000000000001,1.7650000000000001,7,238.8,0.09246,2.8,0.08834
vgg16,1.7650000000000001,2.0100000000000002,7,238.8,0.09246,2.8,0.08834
vgg16,1.7650000000000001,2.255,7,238.8,0.09246,2.8,0.08834
vgg16,2.0100000000000002,0.05,7,238.8,0.09246,39.9,0.09212000000000001
vgg16,2.0100000000000002,0.29500000000000004,7,238.8,0.09246,39.9,0.09212000000000001
vgg16,2.0100000000000002,0.54,7,238.8,0.09246,13.4,0.09194
vgg16,2.0100000000000002,0.7850000000000001,7,238.8,0.09246,6.4,0.09095
vgg16,2.0100000000000002,1.03,7,238.8,0.09246,2.8,0.08834
vgg16,2.0100000000000002,1.2750000000000001,7,238.8,0.09246,2.8,0.08834
vgg16,2.0100000000000002,1.5200000000000002,7,238.8,0.09246,2.8,0.08834
vgg16,2.0100000000000002,1.7650000000000001,7,238.8,0.09246,2.8,0.08834
vgg16,2.0100000000000002,2.0100000000000002,7,238.8,0.09246,2.8,0.08834
vgg16,2.0100000000000002,2.255,7,238.8,0.09246,2.8,0.08834
vgg16,2.255,0.05,7,238.8,0.09246,39.9,0.09212000000000001
vgg16,2.255,0.29500000000000004,7,238.8,0.09246,39.9,0.09212000000000001
vgg16,2.255,0.54,7,238.8,0.09246,13.4,0.09194
vgg16,2.255,0.7850000000000001,7,238.8,0.09246,6.4,0.09095
vgg16,2.255,1.03,7,238.8,0.09246,2.8,0.08834
vgg16,2.255,1.2750000000000001,7,238.8,0.09246,2.8,0.08834
vgg16,2.255,1.5200000000000002,7,238.8,0.09246,2.8,0.08834
vgg16,2.255,1.7650000000000001,7,238.8,0.09246,2.8,0.08834
vgg16,2.255,2.0100000000000002,7,238.8,0.09246,2.8,0.08834
vgg16,2.255,2.255,7,238.8,0.09246,2.8,0.08834
vgg16,0.05,0.05,9,238.8,0.09246,39.9,0.09212000000000001
vgg16,0.05,0.29500000000000004,9,238.8,0.09246,39.9,0.09212000000000001
vgg16,0.05,0.54,9,238.8,0.09246,39.9,0.09212000000000001
vgg16,0.05,0.7850000000000001,9,238.8,0.09246,39.9,0.09212000000000001
vgg16,0.05,1.03,9,238.8,0.09246,39.9,0.09212000000000001
vgg16,0.05,1.2750000000000001,9,238.8,0.09246,39.9,0.09212000000000001
vgg16,0.05,1.5200000000000002,9,238.8,0.09246,39.9,0.09212000000000001
vgg16,0.05,1.7650000000000001,9,238.8,0.09246,39.9,0.09212000000000001
vgg16,0.05,2.0100000000000002,9,238.8,0.09246,39.9,0.09212000000000001
vgg16,0.05,2.255,9,238.8,0.09246,39.9,0.09212000000000001
vgg16,0.29500000000000004,0.05,9,238.8,0.09246,39.9,0.09212000000000001
vgg16,0.29500000000000004,0.29500000000000004,9,238.8,0.09246,39.9,0.09212000000000001
vgg16,0.29500000000000004,0.54,9,238.8,0.09246,39.9,0.09212000000000001
vgg16,0.29500000000000004,0.7850000000000001,9,238.8,0.09246,39.9,0.09212000000000001
vgg16,0.29500000000000004,1.03,9,238.8,0.09246,39.9,0.09212000000000001
vgg16,0.29500000000000004,1.2750000000000001,9,238.8,0.09246,39.9,0.09212000000000001
vgg16,0.29500000000000004,1.5200000000000002,9,238.8,0.09246,39.9,0.09212000000000001
vgg16,0.29500000000000004,1.7650000000000001,9,238.8,0.09246,39.9,0.09212000000000001
vgg16,0.29500000000000004,2.0100000000000002,9,238.8,0.09246,39.9,0.09212000000000001
vgg16,0.29500000000000004,2.255,9,238.8,0.09246,39.9,0.09212000000000001
vgg16,0.54,0.05,9,238.8,0.09246,39.9,0.09212000000000001
vgg16,0.54,0.29500000000000004,9,238.8,0.09246,39.9,0.09212000000000001
vgg16,0.54,0.54,9,238.8,0.09246,39.9,0.09212000000000001
vgg16,0.54,0.7850000000000001,9,238.8,0.09246,39.9,0.09212000000000001
vgg16,0.54,1.03,9,238.8,0.09246,39.9,0.09212000000000001
vgg16,0.54,1.2750000000000001,9,238.8,0.09246,39.9,0.09212000000000001
vgg16,0.54,1.5200000000000002,9,238.8,0.09246,39.9,0.09212000000000001
vgg16,0.54,1.7650000000000001,9,238.8,0.09246,39.9,0.09212000000000001
vgg16,0.54,2.0100000000000002,9,238.8,0.09246,39.9,0.09212000000000001
vgg16,0.54,2.255,9,238.8,0.09246,39.9,0.09212000000000001
vgg16,0.7850000000000001,0.05,9,238.8,0.09246,39.9,0.09212000000000001
vgg16,0.7850000000000001,0.29500000000000004,9,238.8,0.09246,39.9,0.09212000000000001
vgg16,0.7850000000000001,0.54,9,238.8,0.09246,39.9,0.09212000000000001
vgg16,0.7850000000000001,0.7850000000000001,9,238.8,0.09246,39.9,0.09212000000000001
vgg16,0.7850000000000001,1.03,9,238.8,0.09246,39.9,0.09212000000000001
vgg16,0.7850000000000001,1.2750000000000001,9,238.8,0.09246,39.9,0.09212000000000001
vgg16,0.7850000000000001,1.5200000000000002,9,238.8,0.09246,39.9,0.09212000000000001
vgg16,0.7850000000000001,1.7650000000000001,9,238.8,0.09246,39.9,0.09212000000000001
vgg16,0.7850000000000001,2.0100000000000002,9,238.8,0.09246,39.9,0.09212000000000001
vgg16,0.7850000000000001,2.255,9,238.8,0.09246,39.9,0.09212000000000001
vgg16,1.03,0.05,9,238.8,0.09246,39.9,0.09212000000000001
vgg16,1.03,0.29500000000000004,9,238.8,0.09246,39.9,0.09212000000000001
vgg16,1.03,0.54,9,238.8,0.09246,39.9,0.09212000000000001
vgg16,1.03,0.7850000000000001,9,238.8,0.09246,4.1,0.08981
vgg16,1.03,1.03,9,238.8,0.09246,4.1,0.08981
vgg16,1.03,1.2750000000000001,9,238.8,0.09246,4.1,0.08981
vgg16,1.03,1.5200000000000002,9,238.8,0.09246,4.1,0.08981
vgg16,1.03,1.7650000000000001,9,238.8,0.09246,4.1,0.08981
vgg16,1.03,2.0100000000000002,9,238.8,0.09246,4.1,0.08981
vgg16,1.03,2.255,9,238.8,0.09246,4.1,0.08981
vgg16,1.2750000000000001,0.05,9,238.8,0.09246,39.9,0.09212000000000001
vgg16,1.2750000000000001,0.29500000000000004,9,238.8,0.09246,39.9,0.09212000000000001
vgg16,1.2750000000000001,0.54,9,238.8,0.09246,14.5,0.09194
vgg16,1.2750000000000001,0.7850000000000001,9,238.8,0.09246,3.9,0.08981
vgg16,1.2750000000000001,1.03,9,238.8,0.09246,3.9,0.08981
vgg16,1.2750000000000001,1.2750000000000001,9,238.8,0.09246,3.9,0.08981
vgg16,1.2750000000000001,1.5200000000000002,9,238.8,0.09246,3.9,0.08981
vgg16,1.2750000000000001,1.7650000000000001,9,238.8,0.09246,3.9,0.08981
vgg16,1.2750000000000001,2.0100000000000002,9,238.8,0.09246,3.9,0.08981
vgg16,1.2750000000000001,2.255,9,238.8,0.09246,3.9,0.08981
vgg16,1.5200000000000002,0.05,9,238.8,0.09246,39.9,0.09212000000000001
vgg16,1.5200000000000002,0.29500000000000004,9,238.8,0.09246,39.9,0.09212000000000001
vgg16,1.5200000000000002,0.54,9,238.8,0.09246,14.5,0.09194
vgg16,1.5200000000000002,0.7850000000000001,9,238.8,0.09246,3.9,0.08981
vgg16,1.5200000000000002,1.03,9,238.8,0.09246,3.9,0.08981
vgg16,1.5200000000000002,1.2750000000000001,9,238.8,0.09246,3.9,0.08981
vgg16,1.5200000000000002,1.5200000000000002,9,238.8,0.09246,3.9,0.08981
vgg16,1.5200000000000002,1.7650000000000001,9,238.8,0.09246,3.9,0.08981
vgg16,1.5200000000000002,2.0100000000000002,9,238.8,0.09246,3.9,0.08981
vgg16,1.5200000000000002,2.255,9,238.8,0.09246,3.9,0.08981
vgg16,1.7650000000000001,0.05,9,238.8,0.09246,39.9,0.09212000000000001
vgg16,1.7650000000000001,0.29500000000000004,9,238.8,0.09246,39.9,0.09212000000000001
vgg16,1.7650000000000001,0.54,9,238.8,0.09246,14.5,0.09194
vgg16,1.7650000000000001,0.7850000000000001,9,238.8,0.09246,3.4,0.08859
vgg16,1.7650000000000001,1.03,9,238.8,0.09246,3.4,0.08859
vgg16,1.7650000000000001,1.2750000000000001,9,238.8,0.09246,3.0,0.08859
vgg16,1.7650000000000001,1.5200000000000002,9,238.8,0.09246,3.0,0.08859
vgg16,1.7650000000000001,1.7650000000000001,9,238.8,0.09246,3.0,0.08859
vgg16,1.7650000000000001,2.0100000000000002,9,238.8,0.09246,3.0,0.08859
vgg16,1.7650000000000001,2.255,9,238.8,0.09246,3.0,0.08859
vgg16,2.0100000000000002,0.05,9,238.8,0.09246,39.9,0.09212000000000001
vgg16,2.0100000000000002,0.29500000000000004,9,238.8,0.09246,39.9,0.09212000000000001
vgg16,2.0100000000000002,0.54,9,238.8,0.09246,14.5,0.09194
vgg16,2.0100000000000002,0.7850000000000001,9,238.8,0.09246,3.4,0.08859
vgg16,2.0100000000000002,1.03,9,238.8,0.09246,3.4,0.08859
vgg16,2.0100000000000002,1.2750000000000001,9,238.8,0.09246,3.0,0.08859
vgg16,2.0100000000000002,1.5200000000000002,9,238.8,0.09246,3.0,0.08859
vgg16,2.0100000000000002,1.7650000000000001,9,238.8,0.09246,3.0,0.08859
vgg16,2.0100000000000002,2.0100000000000002,9,238.8,0.09246,3.0,0.08859
vgg16,2.0100000000000002,2.255,9,238.8,0.09246,3.0,0.08859
vgg16,2.255,0.05,9,238.8,0.09246,39.9,0.09212000000000001
vgg16,2.255,0.29500000000000004,9,238.8,0.09246,39.9,0.09212000000000001
vgg16,2.255,0.54,9,238.8,0.09246,14.5,0.09194
vgg16,2.255,0.7850000000000001,9,238.8,0.09246,3.4,0.08859
vgg16,2.255,1.03,9,238.8,0.09246,3.4,0.08859
vgg16,2.255,1.2750000000000001,9,238.8,0.09246,3.0,0.08859
vgg16,2.255,1.5200000000000002,9,238.8,0.09246,3.0,0.08859
vgg16,2.255,1.7650000000000001,9,238.8,0.09246,3.0,0.08859
vgg16,2.255,2.0100000000000002,9,238.8,0.09246,3.0,0.08859
vgg16,2.255,2.255,9,238.8,0.09246,3.0,0.08859
vgg16,0.05,0.05,11,238.8,0.09246,39.9,0.09212000000000001
vgg16,0.05,0.29500000000000004,11,238.8,0.09246,39.9,0.09212000000000001
vgg16,0.05,0.54,11,238.8,0.09246,39.9,0.09212000000000001
vgg16,0.05,0.7850000000000001,11,238.8,0.09246,39.9,0.09212000000000001
vgg16,0.05,1.03,11,238.8,0.09246,39.9,0.09212000000000001
vgg16,0.05,1.2750000000000001,11,238.8,0.09246,39.9,0.09212000000000001
vgg16,0.05,1.5200000000000002,11,238.8,0.09246,39.9,0.09212000000000001
vgg16,0.05,1.7650000000000001,11,238.8,0.09246,39.9,0.09212000000000001
vgg16,0.05,2.0100000000000002,11,238.8,0.09246,39.9,0.09212000000000001
vgg16,0.05,2.255,11,238.8,0.09246,39.9,0.09212000000000001
vgg16,0.29500000000000004,0.05,11,238.8,0.09246,39.9,0.09212000000000001
vgg16,0.29500000000000004,0.29500000000000004,11,238.8,0.09246,39.9,0.09212000000000001
vgg16,0.29500000000000004,0.54,11,238.8,0.09246,39.9,0.09212000000000001
vgg16,0.29500000000000004,0.7850000000000001,11,238.8,0.09246,39.9,0.09212000000000001
vgg16,0.29500000000000004,1.03,11,238.8,0.09246,39.9,0.09212000000000001
vgg16,0.29500000000000004,1.2750000000000001,11,238.8,0.09246,39.9,0.09212000000000001
vgg16,0.29500000000000004,1.5200000000000002,11,238.8,0.09246,39.9,0.09212000000000001
vgg16,0.29500000000000004,1.7650000000000001,11,238.8,0.09246,39.9,0.09212000000000001
vgg16,0.29500000000000004,2.0100000000000002,11,238.8,0.09246,39.9,0.09212000000000001
vgg16,0.29500000000000004,2.255,11,238.8,0.09246,39.9,0.09212000000000001
vgg16,0.54,0.05,11,238.8,0.09246,39.9,0.09212000000000001
vgg16,0.54,0.29500000000000004,11,238.8,0.09246,39.9,0.09212000000000001
vgg16,0.54,0.54,11,238.8,0.09246,39.9,0.09212000000000001
vgg16,0.54,0.7850000000000001,11,238.8,0.09246,39.9,0.09212000000000001
vgg16,0.54,1.03,11,238.8,0.09246,39.9,0.09212000000000001
vgg16,0.54,1.2750000000000001,11,238.8,0.09246,39.9,0.09212000000000001
vgg16,0.54,1.5200000000000002,11,238.8,0.09246,39.9,0.09212000000000001
vgg16,0.54,1.7650000000000001,11,238.8,0.09246,39.9,0.09212000000000001
vgg16,0.54,2.0100000000000002,11,238.8,0.09246,39.9,0.09212000000000001
vgg16,0.54,2.255,11,238.8,0.09246,39.9,0.09212000000000001
vgg16,0.7850000000000001,0.05,11,238.8,0.09246,39.9,0.09212000000000001
vgg16,0.7850000000000001,0.29500000000000004,11,238.8,0.09246,39.9,0.09212000000000001
vgg16,0.7850000000000001,0.54,11,238.8,0.09246,39.9,0.09212000000000001
vgg16,0.7850000000000001,0.7850000000000001,11,238.8,0.09246,39.9,0.09212000000000001
vgg16,0.7850000000000001,1.03,11,238.8,0.09246,39.9,0.09212000000000001
vgg16,0.7850000000000001,1.2750000000000001,11,238.8,0.09246,18.9,0.09231
vgg16,0.7850000000000001,1.5200000000000002,11,238.8,0.09246,18.9,0.09231
vgg16,0.7850000000000001,1.7650000000000001,11,238.8,0.09246,18.9,0.09231
vgg16,0.7850000000000001,2.0100000000000002,11,238.8,0.09246,18.9,0.09231
vgg16,0.7850000000000001,2.255,11,238.8,0.09246,18.9,0.09231
vgg16,1.03,0.05,11,238.8,0.09246,39.9,0.09212000000000001
vgg16,1.03,0.29500000000000004,11,238.8,0.09246,39.9,0.09212000000000001
vgg16,1.03,0.54,11,238.8,0.09246,39.9,0.09212000000000001
vgg16,1.03,0.7850000000000001,11,238.8,0.09246,4.1,0.08981
vgg16,1.03,1.03,11,238.8,0.09246,4.1,0.08981
vgg16,1.03,1.2750000000000001,11,238.8,0.09246,4.1,0.08981
vgg16,1.03,1.5200000000000002,11,238.8,0.09246,4.1,0.08981
vgg16,1.03,1.7650000000000001,11,238.8,0.09246,4.1,0.08981
vgg16,1.03,2.0100000000000002,11,238.8,0.09246,4.1,0.08981
vgg16,1.03,2.255,11,238.8,0.09246,4.1,0.08981
vgg16,1.2750000000000001,0.05,11,238.8,0.09246,39.9,0.09212000000000001
vgg16,1.2750000000000001,0.29500000000000004,11,238.8,0.09246,39.9,0.09212000000000001
vgg16,1.2750000000000001,0.54,11,238.8,0.09246,13.8,0.09194
vgg16,1.2750000000000001,0.7850000000000001,11,238.8,0.09246,3.6,0.08876
vgg16,1.2750000000000001,1.03,11,238.8,0.09246,3.6,0.08876
vgg16,1.2750000000000001,1.2750000000000001,11,238.8,0.09246,3.6,0.08876
vgg16,1.2750000000000001,1.5200000000000002,11,238.8,0.09246,3.2,0.08859
vgg16,1.2750000000000001,1.7650000000000001,11,238.8,0.09246,3.2,0.08859
vgg16,1.2750000000000001,2.0100000000000002,11,238.8,0.09246,3.2,0.08859
vgg16,1.2750000000000001,2.255,11,238.8,0.09246,3.2,0.08859
vgg16,1.5200000000000002,0.05,11,238.8,0.09246,39.9,0.09212000000000001
vgg16,1.5200000000000002,0.29500000000000004,11,238.8,0.09246,39.9,0.09212000000000001
vgg16,1.5200000000000002,0.54,11,238.8,0.09246,10.2,0.09162000000000001
vgg16,1.5200000000000002,0.7850000000000001,11,238.8,0.09246,3.6,0.08876
vgg16,1.5200000000000002,1.03,11,238.8,0.09246,3.6,0.08876
vgg16,1.5200000000000002,1.2750000000000001,11,238.8,0.09246,3.6,0.08876
vgg16,1.5200000000000002,1.5200000000000002,11,238.8,0.09246,3.2,0.08859
vgg16,1.5200000000000002,1.7650000000000001,11,238.8,0.09246,3.2,0.08859
vgg16,1.5200000000000002,2.0100000000000002,11,238.8,0.09246,3.2,0.08859
vgg16,1.5200000000000002,2.255,11,238.8,0.09246,3.2,0.08859
vgg16,1.7650000000000001,0.05,11,238.8,0.09246,39.9,0.09212000000000001
vgg16,1.7650000000000001,0.29500000000000004,11,238.8,0.09246,39.9,0.09212000000000001
vgg16,1.7650000000000001,0.54,11,238.8,0.09246,6.8,0.09135
vgg16,1.7650000000000001,0.7850000000000001,11,238.8,0.09246,3.6,0.08876
vgg16,1.7650000000000001,1.03,11,238.8,0.09246,3.6,0.08876
vgg16,1.7650000000000001,1.2750000000000001,11,238.8,0.09246,3.6,0.08876
vgg16,1.7650000000000001,1.5200000000000002,11,238.8,0.09246,3.2,0.08859
vgg16,1.7650000000000001,1.7650000000000001,11,238.8,0.09246,3.2,0.08859
vgg16,1.7650000000000001,2.0100000000000002,11,238.8,0.09246,3.2,0.08859
vgg16,1.7650000000000001,2.255,11,238.8,0.09246,3.2,0.08859
vgg16,2.0100000000000002,0.05,11,238.8,0.09246,39.9,0.09212000000000001
vgg16,2.0100000000000002,0.29500000000000004,11,238.8,0.09246,39.9,0.09212000000000001
vgg16,2.0100000000000002,0.54,11,238.8,0.09246,6.8,0.09135
vgg16,2.0100000000000002,0.7850000000000001,11,238.8,0.09246,3.6,0.08876
vgg16,2.0100000000000002,1.03,11,238.8,0.09246,3.6,0.08876
vgg16,2.0100000000000002,1.2750000000000001,11,238.8,0.09246,3.6,0.08876
vgg16,2.0100000000000002,1.5200000000000002,11,238.8,0.09246,3.2,0.08859
vgg16,2.0100000000000002,1.7650000000000001,11,238.8,0.09246,3.2,0.08859
vgg16,2.0100000000000002,2.0100000000000002,11,238.8,0.09246,3.2,0.08859
vgg16,2.0100000000000002,2.255,11,238.8,0.09246,3.2,0.08859
vgg16,2.255,0.05,11,238.8,0.09246,39.9,0.09212000000000001
vgg16,2.255,0.29500000000000004,11,238.8,0.09246,39.9,0.09212000000000001
vgg16,2.255,0.54,11,238.8,0.09246,6.8,0.09135
vgg16,2.255,0.7850000000000001,11,238.8,0.09246,3.6,0.08876
vgg16,2.255,1.03,11,238.8,0.09246,3.6,0.08876
vgg16,2.255,1.2750000000000001,11,238.8,0.09246,3.6,0.08876
vgg16,2.255,1.5200000000000002,11,238.8,0.09246,3.2,0.08859
vgg16,2.255,1.7650000000000001,11,238.8,0.09246,3.2,0.08859
vgg16,2.255,2.0100000000000002,11,238.8,0.09246,3.2,0.08859
vgg16,2.255,2.255,11,238.8,0.09246,3.2,0.08859
vgg16,0.05,0.05,13,238.8,0.09246,39.9,0.09212000000000001
vgg16,0.05,0.29500000000000004,13,238.8,0.09246,39.9,0.09212000000000001
vgg16,0.05,0.54,13,238.8,0.09246,39.9,0.09212000000000001
vgg16,0.05,0.7850000000000001,13,238.8,0.09246,39.9,0.09212000000000001
vgg16,0.05,1.03,13,238.8,0.09246,39.9,0.09212000000000001
vgg16,0.05,1.2750000000000001,13,238.8,0.09246,39.9,0.09212000000000001
vgg16,0.05,1.5200000000000002,13,238.8,0.09246,39.9,0.09212000000000001
vgg16,0.05,1.7650000000000001,13,238.8,0.09246,39.9,0.09212000000000001
vgg16,0.05,2.0100000000000002,13,238.8,0.09246,39.9,0.09212000000000001
vgg16,0.05,2.255,13,238.8,0.09246,39.9,0.09212000000000001
vgg16,0.29500000000000004,0.05,13,238.8,0.09246,39.9,0.09212000000000001
vgg16,0.29500000000000004,0.29500000000000004,13,238.8,0.09246,39.9,0.09212000000000001
vgg16,0.29500000000000004,0.54,13,238.8,0.09246,39.9,0.09212000000000001
vgg16,0.29500000000000004,0.7850000000000001,13,238.8,0.09246,39.9,0.09212000000000001
vgg16,0.29500000000000004,1.03,13,238.8,0.09246,39.9,0.09212000000000001
vgg16,0.29500000000000004,1.2750000000000001,13,238.8,0.09246,39.9,0.09212000000000001
vgg16,0.29500000000000004,1.5200000000000002,13,238.8,0.09246,39.9,0.09212000000000001
vgg16,0.29500000000000004,1.7650000000000001,13,238.8,0.09246,39.9,0.09212000000000001
vgg16,0.29500000000000004,2.0100000000000002,13,238.8,0.09246,39.9,0.09212000000000001
vgg16,0.29500000000000004,2.255,13,238.8,0.09246,39.9,0.09212000000000001
vgg16,0.54,0.05,13,238.8,0.09246,39.9,0.09212000000000001
vgg16,0.54,0.29500000000000004,13,238.8,0.09246,39.9,0.09212000000000001
vgg16,0.54,0.54,13,238.8,0.09246,39.9,0.09212000000000001
vgg16,0.54,0.7850000000000001,13,238.8,0.09246,39.9,0.09212000000000001
vgg16,0.54,1.03,13,238.8,0.09246,39.9,0.09212000000000001
vgg16,0.54,1.2750000000000001,13,238.8,0.09246,39.9,0.09212000000000001
vgg16,0.54,1.5200000000000002,13,238.8,0.09246,39.9,0.09212000000000001
vgg16,0.54,1.7650000000000001,13,238.8,0.09246,39.9,0.09212000000000001
vgg16,0.54,2.0100000000000002,13,238.8,0.09246,39.9,0.09212000000000001
vgg16,0.54,2.255,13,238.8,0.09246,39.9,0.09212000000000001
vgg16,0.7850000000000001,0.05,13,238.8,0.09246,39.9,0.09212000000000001
vgg16,0.7850000000000001,0.29500000000000004,13,238.8,0.09246,39.9,0.09212000000000001
vgg16,0.7850000000000001,0.54,13,238.8,0.09246,39.9,0.09212000000000001
vgg16,0.7850000000000001,0.7850000000000001,13,238.8,0.09246,33.3,0.09254000000000001
vgg16,0.7850000000000001,1.03,13,238.8,0.09246,33.3,0.09254000000000001
vgg16,0.7850000000000001,1.2750000000000001,13,238.8,0.09246,33.3,0.09254000000000001
vgg16,0.7850000000000001,1.5200000000000002,13,238.8,0.09246,33.3,0.09254000000000001
vgg16,0.7850000000000001,1.7650000000000001,13,238.8,0.09246,33.3,0.09254000000000001
vgg16,0.7850000000000001,2.0100000000000002,13,238.8,0.09246,33.3,0.09254000000000001
vgg16,0.7850000000000001,2.255,13,238.8,0.09246,33.3,0.09254000000000001
vgg16,1.03,0.05,13,238.8,0.09246,39.9,0.09212000000000001
vgg16,1.03,0.29500000000000004,13,238.8,0.09246,39.9,0.09212000000000001
vgg16,1.03,0.54,13,238.8,0.09246,17.3,0.09206
vgg16,1.03,0.7850000000000001,13,238.8,0.09246,4.3,0.08981
vgg16,1.03,1.03,13,238.8,0.09246,4.3,0.08981
vgg16,1.03,1.2750000000000001,13,238.8,0.09246,4.3,0.08981
vgg16,1.03,1.5200000000000002,13,238.8,0.09246,4.3,0.08981
vgg16,1.03,1.7650000000000001,13,238.8,0.09246,4.3,0.08981
vgg16,1.03,2.0100000000000002,13,238.8,0.09246,4.3,0.08981
vgg16,1.03,2.255,13,238.8,0.09246,4.3,0.08981
vgg16,1.2750000000000001,0.05,13,238.8,0.09246,39.9,0.09212000000000001
vgg16,1.2750000000000001,0.29500000000000004,13,238.8,0.09246,39.9,0.09212000000000001
vgg16,1.2750000000000001,0.54,13,238.8,0.09246,14.0,0.09194
vgg16,1.2750000000000001,0.7850000000000001,13,238.8,0.09246,3.8,0.08876
vgg16,1.2750000000000001,1.03,13,238.8,0.09246,3.8,0.08876
vgg16,1.2750000000000001,1.2750000000000001,13,238.8,0.09246,3.8,0.08876
vgg16,1.2750000000000001,1.5200000000000002,13,238.8,0.09246,3.8,0.08876
vgg16,1.2750000000000001,1.7650000000000001,13,238.8,0.09246,3.8,0.08876
vgg16,1.2750000000000001,2.0100000000000002,13,238.8,0.09246,3.8,0.08876
vgg16,1.2750000000000001,2.255,13,238.8,0.09246,3.8,0.08876
vgg16,1.5200000000000002,0.05,13,238.8,0.09246,39.9,0.09212000000000001
vgg16,1.5200000000000002,0.29500000000000004,13,238.8,0.09246,39.9,0.09212000000000001
vgg16,1.5200000000000002,0.54,13,238.8,0.09246,14.0,0.09194
vgg16,1.5200000000000002,0.7850000000000001,13,238.8,0.09246,3.8,0.08876
vgg16,1.5200000000000002,1.03,13,238.8,0.09246,3.8,0.08876
vgg16,1.5200000000000002,1.2750000000000001,13,238.8,0.09246,3.8,0.08876
vgg16,1.5200000000000002,1.5200000000000002,13,238.8,0.09246,3.8,0.08876
vgg16,1.5200000000000002,1.7650000000000001,13,238.8,0.09246,3.8,0.08876
vgg16,1.5200000000000002,2.0100000000000002,13,238.8,0.09246,3.8,0.08876
vgg16,1.5200000000000002,2.255,13,238.8,0.09246,3.8,0.08876
vgg16,1.7650000000000001,0.05,13,238.8,0.09246,39.9,0.09212000000000001
vgg16,1.7650000000000001,0.29500000000000004,13,238.8,0.09246,39.9,0.09212000000000001
vgg16,1.7650000000000001,0.54,13,238.8,0.09246,14.0,0.09194
vgg16,1.7650000000000001,0.7850000000000001,13,238.8,0.09246,3.8,0.08876
vgg16,1.7650000000000001,1.03,13,238.8,0.09246,3.8,0.08876
vgg16,1.7650000000000001,1.2750000000000001,13,238.8,0.09246,3.8,0.08876
vgg16,1.7650000000000001,1.5200000000000002,13,238.8,0.09246,3.8,0.08876
vgg16,1.7650000000000001,1.7650000000000001,13,238.8,0.09246,3.8,0.08876
vgg16,1.7650000000000001,2.0100000000000002,13,238.8,0.09246,3.8,0.08876
vgg16,1.7650000000000001,2.255,13,238.8,0.09246,3.8,0.08876
vgg16,2.0100000000000002,0.05,13,238.8,0.09246,39.9,0.09212000000000001
vgg16,2.0100000000000002,0.29500000000000004,13,238.8,0.09246,39.9,0.09212000000000001
vgg16,2.0100000000000002,0.54,13,238.8,0.09246,14.0,0.09194
vgg16,2.0100000000000002,0.7850000000000001,13,238.8,0.09246,3.8,0.08876
vgg16,2.0100000000000002,1.03,13,238.8,0.09246,3.8,0.08876
vgg16,2.0100000000000002,1.2750000000000001,13,238.8,0.09246,3.8,0.08876
vgg16,2.0100000000000002,1.5200000000000002,13,238.8,0.09246,3.8,0.08876
vgg16,2.0100000000000002,1.7650000000000001,13,238.8,0.09246,3.8,0.08876
vgg16,2.0100000000000002,2.0100000000000002,13,238.8,0.09246,3.8,0.08876
vgg16,2.0100000000000002,2.255,13,238.8,0.09246,3.8,0.08876
vgg16,2.255,0.05,13,238.8,0.09246,39.9,0.09212000000000001
vgg16,2.255,0.29500000000000004,13,238.8,0.09246,39.9,0.09212000000000001
vgg16,2.255,0.54,13,238.8,0.09246,14.0,0.09194
vgg16,2.255,0.7850000000000001,13,238.8,0.09246,3.8,0.08876
vgg16,2.255,1.03,13,238.8,0.09246,3.8,0.08876
vgg16,2.255,1.2750000000000001,13,238.8,0.09246,3.8,0.08876
vgg16,2.255,1.5200000000000002,13,238.8,0.09246,3.8,0.08876
vgg16,2.255,1.7650000000000001,13,238.8,0.09246,3.4,0.08859
vgg16,2.255,2.0100000000000002,13,238.8,0.09246,3.4,0.08859
vgg16,2.255,2.255,13,238.8,0.09246,3.4,0.08859
vgg16,0.05,0.05,15,238.8,0.09246,39.9,0.09212000000000001
vgg16,0.05,0.29500000000000004,15,238.8,0.09246,39.9,0.09212000000000001
vgg16,0.05,0.54,15,238.8,0.09246,39.9,0.09212000000000001
vgg16,0.05,0.7850000000000001,15,238.8,0.09246,39.9,0.09212000000000001
vgg16,0.05,1.03,15,238.8,0.09246,39.9,0.09212000000000001
vgg16,0.05,1.2750000000000001,15,238.8,0.09246,39.9,0.09212000000000001
vgg16,0.05,1.5200000000000002,15,238.8,0.09246,39.9,0.09212000000000001
vgg16,0.05,1.7650000000000001,15,238.8,0.09246,39.9,0.09212000000000001
vgg16,0.05,2.0100000000000002,15,238.8,0.09246,39.9,0.09212000000000001
vgg16,0.05,2.255,15,238.8,0.09246,39.9,0.09212000000000001
vgg16,0.29500000000000004,0.05,15,238.8,0.09246,39.9,0.09212000000000001
vgg16,0.29500000000000004,0.29500000000000004,15,238.8,0.09246,39.9,0.09212000000000001
vgg16,0.29500000000000004,0.54,15,238.8,0.09246,39.9,0.09212000000000001
vgg16,0.29500000000000004,0.7850000000000001,15,238.8,0.09246,39.9,0.09212000000000001
vgg16,0.29500000000000004,1.03,15,238.8,0.09246,39.9,0.09212000000000001
vgg16,0.29500000000000004,1.2750000000000001,15,238.8,0.09246,39.9,0.09212000000000001
vgg16,0.29500000000000004,1.5200000000000002,15,238.8,0.09246,39.9,0.09212000000000001
vgg16,0.29500000000000004,1.7650000000000001,15,238.8,0.09246,39.9,0.09212000000000001
vgg16,0.29500000000000004,2.0100000000000002,15,238.8,0.09246,39.9,0.09212000000000001
vgg16,0.29500000000000004,2.255,15,238.8,0.09246,39.9,0.09212000000000001
vgg16,0.54,0.05,15,238.8,0.09246,39.9,0.09212000000000001
vgg16,0.54,0.29500000000000004,15,238.8,0.09246,39.9,0.09212000000000001
vgg16,0.54,0.54,15,238.8,0.09246,39.9,0.09212000000000001
vgg16,0.54,0.7850000000000001,15,238.8,0.09246,39.9,0.09212000000000001
vgg16,0.54,1.03,15,238.8,0.09246,39.9,0.09212000000000001
vgg16,0.54,1.2750000000000001,15,238.8,0.09246,39.9,0.09212000000000001
vgg16,0.54,1.5200000000000002,15,238.8,0.09246,39.9,0.09212000000000001
vgg16,0.54,1.7650000000000001,15,238.8,0.09246,39.9,0.09212000000000001
vgg16,0.54,2.0100000000000002,15,238.8,0.09246,39.9,0.09212000000000001
vgg16,0.54,2.255,15,238.8,0.09246,39.9,0.09212000000000001
vgg16,0.7850000000000001,0.05,15,238.8,0.09246,39.9,0.09212000000000001
vgg16,0.7850000000000001,0.29500000000000004,15,238.8,0.09246,39.9,0.09212000000000001
vgg16,0.7850000000000001,0.54,15,238.8,0.09246,19.0,0.09231
vgg16,0.7850000000000001,0.7850000000000001,15,238.8,0.09246,19.0,0.09231
vgg16,0.7850000000000001,1.03,15,238.8,0.09246,15.8,0.09206
vgg16,0.7850000000000001,1.2750000000000001,15,238.8,0.09246,15.8,0.09206
vgg16,0.7850000000000001,1.5200000000000002,15,238.8,0.09246,15.8,0.09206
vgg16,0.7850000000000001,1.7650000000000001,15,238.8,0.09246,15.8,0.09206
vgg16,0.7850000000000001,2.0100000000000002,15,238.8,0.09246,15.8,0.09206
vgg16,0.7850000000000001,2.255,15,238.8,0.09246,15.8,0.09206
vgg16,1.03,0.05,15,238.8,0.09246,39.9,0.09212000000000001
vgg16,1.03,0.29500000000000004,15,238.8,0.09246,39.9,0.09212000000000001
vgg16,1.03,0.54,15,238.8,0.09246,14.2,0.09194
vgg16,1.03,0.7850000000000001,15,238.8,0.09246,14.2,0.09194
vgg16,1.03,1.03,15,238.8,0.09246,8.7,0.09159
vgg16,1.03,1.2750000000000001,15,238.8,0.09246,8.7,0.09159
vgg16,1.03,1.5200000000000002,15,238.8,0.09246,8.7,0.09159
vgg16,1.03,1.7650000000000001,15,238.8,0.09246,8.7,0.09159
vgg16,1.03,2.0100000000000002,15,238.8,0.09246,8.7,0.09159
vgg16,1.03,2.255,15,238.8,0.09246,8.7,0.09159
vgg16,1.2750000000000001,0.05,15,238.8,0.09246,39.9,0.09212000000000001
vgg16,1.2750000000000001,0.29500000000000004,15,238.8,0.09246,39.9,0.09212000000000001
vgg16,1.2750000000000001,0.54,15,238.8,0.09246,4.1,0.08981
vgg16,1.2750000000000001,0.7850000000000001,15,238.8,0.09246,4.0,0.08981
vgg16,1.2750000000000001,1.03,15,238.8,0.09246,4.0,0.08981
vgg16,1.2750000000000001,1.2750000000000001,15,238.8,0.09246,4.0,0.08981
vgg16,1.2750000000000001,1.5200000000000002,15,238.8,0.09246,4.0,0.08981
vgg16,1.2750000000000001,1.7650000000000001,15,238.8,0.09246,4.0,0.08981
vgg16,1.2750000000000001,2.0100000000000002,15,238.8,0.09246,4.0,0.08981
vgg16,1.2750000000000001,2.255,15,238.8,0.09246,4.0,0.08981
vgg16,1.5200000000000002,0.05,15,238.8,0.09246,39.9,0.09212000000000001
vgg16,1.5200000000000002,0.29500000000000004,15,238.8,0.09246,39.9,0.09212000000000001
vgg16,1.5200000000000002,0.54,15,238.8,0.09246,4.1,0.08981
vgg16,1.5200000000000002,0.7850000000000001,15,238.8,0.09246,4.0,0.08981
vgg16,1.5200000000000002,1.03,15,238.8,0.09246,4.0,0.08981
vgg16,1.5200000000000002,1.2750000000000001,15,238.8,0.09246,4.0,0.08981
vgg16,1.5200000000000002,1.5200000000000002,15,238.8,0.09246,4.0,0.08981
vgg16,1.5200000000000002,1.7650000000000001,15,238.8,0.09246,4.0,0.08981
vgg16,1.5200000000000002,2.0100000000000002,15,238.8,0.09246,4.0,0.08981
vgg16,1.5200000000000002,2.255,15,238.8,0.09246,4.0,0.08981
vgg16,1.7650000000000001,0.05,15,238.8,0.09246,39.9,0.09212000000000001
vgg16,1.7650000000000001,0.29500000000000004,15,238.8,0.09246,39.9,0.09212000000000001
vgg16,1.7650000000000001,0.54,15,238.8,0.09246,4.1,0.08981
vgg16,1.7650000000000001,0.7850000000000001,15,238.8,0.09246,4.0,0.08981
vgg16,1.7650000000000001,1.03,15,238.8,0.09246,4.0,0.08981
vgg16,1.7650000000000001,1.2750000000000001,15,238.8,0.09246,4.0,0.08981
vgg16,1.7650000000000001,1.5200000000000002,15,238.8,0.09246,4.0,0.08981
vgg16,1.7650000000000001,1.7650000000000001,15,238.8,0.09246,4.0,0.08981
vgg16,1.7650000000000001,2.0100000000000002,15,238.8,0.09246,4.0,0.08981
vgg16,1.7650000000000001,2.255,15,238.8,0.09246,4.0,0.08981
vgg16,2.0100000000000002,0.05,15,238.8,0.09246,39.9,0.09212000000000001
vgg16,2.0100000000000002,0.29500000000000004,15,238.8,0.09246,39.9,0.09212000000000001
vgg16,2.0100000000000002,0.54,15,238.8,0.09246,4.1,0.08981
vgg16,2.0100000000000002,0.7850000000000001,15,238.8,0.09246,4.0,0.08981
vgg16,2.0100000000000002,1.03,15,238.8,0.09246,4.0,0.08981
vgg16,2.0100000000000002,1.2750000000000001,15,238.8,0.09246,4.0,0.08981
vgg16,2.0100000000000002,1.5200000000000002,15,238.8,0.09246,4.0,0.08981
vgg16,2.0100000000000002,1.7650000000000001,15,238.8,0.09246,4.0,0.08981
vgg16,2.0100000000000002,2.0100000000000002,15,238.8,0.09246,4.0,0.08981
vgg16,2.0100000000000002,2.255,15,238.8,0.09246,4.0,0.08981
vgg16,2.255,0.05,15,238.8,0.09246,39.9,0.09212000000000001
vgg16,2.255,0.29500000000000004,15,238.8,0.09246,39.9,0.09212000000000001
vgg16,2.255,0.54,15,238.8,0.09246,4.1,0.08981
vgg16,2.255,0.7850000000000001,15,238.8,0.09246,4.0,0.08981
vgg16,2.255,1.03,15,238.8,0.09246,4.0,0.08981
vgg16,2.255,1.2750000000000001,15,238.8,0.09246,4.0,0.08981
vgg16,2.255,1.5200000000000002,15,238.8,0.09246,4.0,0.08981
vgg16,2.255,1.7650000000000001,15,238.8,0.09246,4.0,0.08981
vgg16,2.255,2.0100000000000002,15,238.8,0.09246,4.0,0.08981
vgg16,2.255,2.255,15,238.8,0.09246,4.0,0.08981
vgg16,0.05,0.05,17,238.8,0.09246,39.9,0.09212000000000001
vgg16,0.05,0.29500000000000004,17,238.8,0.09246,39.9,0.09212000000000001
vgg16,0.05,0.54,17,238.8,0.09246,39.9,0.09212000000000001
vgg16,0.05,0.7850000000000001,17,238.8,0.09246,39.9,0.09212000000000001
vgg16,0.05,1.03,17,238.8,0.09246,39.9,0.09212000000000001
vgg16,0.05,1.2750000000000001,17,238.8,0.09246,39.9,0.09212000000000001
vgg16,0.05,1.5200000000000002,17,238.8,0.09246,39.9,0.09212000000000001
vgg16,0.05,1.7650000000000001,17,238.8,0.09246,39.9,0.09212000000000001
vgg16,0.05,2.0100000000000002,17,238.8,0.09246,39.9,0.09212000000000001
vgg16,0.05,2.255,17,238.8,0.09246,39.9,0.09212000000000001
vgg16,0.29500000000000004,0.05,17,238.8,0.09246,39.9,0.09212000000000001
vgg16,0.29500000000000004,0.29500000000000004,17,238.8,0.09246,39.9,0.09212000000000001
vgg16,0.29500000000000004,0.54,17,238.8,0.09246,39.9,0.09212000000000001
vgg16,0.29500000000000004,0.7850000000000001,17,238.8,0.09246,39.9,0.09212000000000001
vgg16,0.29500000000000004,1.03,17,238.8,0.09246,39.9,0.09212000000000001
vgg16,0.29500000000000004,1.2750000000000001,17,238.8,0.09246,39.9,0.09212000000000001
vgg16,0.29500000000000004,1.5200000000000002,17,238.8,0.09246,39.9,0.09212000000000001
vgg16,0.29500000000000004,1.7650000000000001,17,238.8,0.09246,39.9,0.09212000000000001
vgg16,0.29500000000000004,2.0100000000000002,17,238.8,0.09246,39.9,0.09212000000000001
vgg16,0.29500000000000004,2.255,17,238.8,0.09246,39.9,0.09212000000000001
vgg16,0.54,0.05,17,238.8,0.09246,39.9,0.09212000000000001
vgg16,0.54,0.29500000000000004,17,238.8,0.09246,39.9,0.09212000000000001
vgg16,0.54,0.54,17,238.8,0.09246,34.4,0.09257
vgg16,0.54,0.7850000000000001,17,238.8,0.09246,34.4,0.09257
vgg16,0.54,1.03,17,238.8,0.09246,34.4,0.09257
vgg16,0.54,1.2750000000000001,17,238.8,0.09246,34.4,0.09257
vgg16,0.54,1.5200000000000002,17,238.8,0.09246,34.4,0.09257
vgg16,0.54,1.7650000000000001,17,238.8,0.09246,34.4,0.09257
vgg16,0.54,2.0100000000000002,17,238.8,0.09246,34.4,0.09257
vgg16,0.54,2.255,17,238.8,0.09246,34.4,0.09257
vgg16,0.7850000000000001,0.05,17,238.8,0.09246,39.9,0.09212000000000001
vgg16,0.7850000000000001,0.29500000000000004,17,238.8,0.09246,14.4,0.09194
vgg16,0.7850000000000001,0.54,17,238.8,0.09246,14.4,0.09194
vgg16,0.7850000000000001,0.7850000000000001,17,238.8,0.09246,14.4,0.09194
vgg16,0.7850000000000001,1.03,17,238.8,0.09246,14.4,0.09194
vgg16,0.7850000000000001,1.2750000000000001,17,238.8,0.09246,14.4,0.09194
vgg16,0.7850000000000001,1.5200000000000002,17,238.8,0.09246,14.4,0.09194
vgg16,0.7850000000000001,1.7650000000000001,17,238.8,0.09246,14.4,0.09194
vgg16,0.7850000000000001,2.0100000000000002,17,238.8,0.09246,14.4,0.09194
vgg16,0.7850000000000001,2.255,17,238.8,0.09246,14.4,0.09194
vgg16,1.03,0.05,17,238.8,0.09246,39.9,0.09212000000000001
vgg16,1.03,0.29500000000000004,17,238.8,0.09246,14.4,0.09194
vgg16,1.03,0.54,17,238.8,0.09246,4.3,0.08981
vgg16,1.03,0.7850000000000001,17,238.8,0.09246,4.3,0.08981
vgg16,1.03,1.03,17,238.8,0.09246,4.2,0.08981
vgg16,1.03,1.2750000000000001,17,238.8,0.09246,4.2,0.08981
vgg16,1.03,1.5200000000000002,17,238.8,0.09246,4.2,0.08981
vgg16,1.03,1.7650000000000001,17,238.8,0.09246,4.2,0.08981
vgg16,1.03,2.0100000000000002,17,238.8,0.09246,4.2,0.08981
vgg16,1.03,2.255,17,238.8,0.09246,4.2,0.08981
vgg16,1.2750000000000001,0.05,17,238.8,0.09246,39.9,0.09212000000000001
vgg16,1.2750000000000001,0.29500000000000004,17,238.8,0.09246,14.4,0.09194
vgg16,1.2750000000000001,0.54,17,238.8,0.09246,4.3,0.08981
vgg16,1.2750000000000001,0.7850000000000001,17,238.8,0.09246,4.3,0.08981
vgg16,1.2750000000000001,1.03,17,238.8,0.09246,4.2,0.08981
vgg16,1.2750000000000001,1.2750000000000001,17,238.8,0.09246,4.2,0.08981
vgg16,1.2750000000000001,1.5200000000000002,17,238.8,0.09246,4.2,0.08981
vgg16,1.2750000000000001,1.7650000000000001,17,238.8,0.09246,4.2,0.08981
vgg16,1.2750000000000001,2.0100000000000002,17,238.8,0.09246,4.2,0.08981
vgg16,1.2750000000000001,2.255,17,238.8,0.09246,4.2,0.08981
vgg16,1.5200000000000002,0.05,17,238.8,0.09246,39.9,0.09212000000000001
vgg16,1.5200000000000002,0.29500000000000004,17,238.8,0.09246,14.4,0.09194
vgg16,1.5200000000000002,0.54,17,238.8,0.09246,4.3,0.08981
vgg16,1.5200000000000002,0.7850000000000001,17,238.8,0.09246,4.3,0.08981
vgg16,1.5200000000000002,1.03,17,238.8,0.09246,4.2,0.08981
vgg16,1.5200000000000002,1.2750000000000001,17,238.8,0.09246,4.2,0.08981
vgg16,1.5200000000000002,1.5200000000000002,17,238.8,0.09246,4.2,0.08981
vgg16,1.5200000000000002,1.7650000000000001,17,238.8,0.09246,4.2,0.08981
vgg16,1.5200000000000002,2.0100000000000002,17,238.8,0.09246,4.2,0.08981
vgg16,1.5200000000000002,2.255,17,238.8,0.09246,4.2,0.08981
vgg16,1.7650000000000001,0.05,17,238.8,0.09246,39.9,0.09212000000000001
vgg16,1.7650000000000001,0.29500000000000004,17,238.8,0.09246,14.4,0.09194
vgg16,1.7650000000000001,0.54,17,238.8,0.09246,4.3,0.08981
vgg16,1.7650000000000001,0.7850000000000001,17,238.8,0.09246,4.3,0.08981
vgg16,1.7650000000000001,1.03,17,238.8,0.09246,4.2,0.08981
vgg16,1.7650000000000001,1.2750000000000001,17,238.8,0.09246,4.2,0.08981
vgg16,1.7650000000000001,1.5200000000000002,17,238.8,0.09246,4.2,0.08981
vgg16,1.7650000000000001,1.7650000000000001,17,238.8,0.09246,4.2,0.08981
vgg16,1.7650000000000001,2.0100000000000002,17,238.8,0.09246,4.2,0.08981
vgg16,1.7650000000000001,2.255,17,238.8,0.09246,4.2,0.08981
vgg16,2.0100000000000002,0.05,17,238.8,0.09246,39.9,0.09212000000000001
vgg16,2.0100000000000002,0.29500000000000004,17,238.8,0.09246,14.4,0.09194
vgg16,2.0100000000000002,0.54,17,238.8,0.09246,4.3,0.08981
vgg16,2.0100000000000002,0.7850000000000001,17,238.8,0.09246,4.3,0.08981
vgg16,2.0100000000000002,1.03,17,238.8,0.09246,4.2,0.08981
vgg16,2.0100000000000002,1.2750000000000001,17,238.8,0.09246,4.2,0.08981
vgg16,2.0100000000000002,1.5200000000000002,17,238.8,0.09246,4.2,0.08981
vgg16,2.0100000000000002,1.7650000000000001,17,238.8,0.09246,4.2,0.08981
vgg16,2.0100000000000002,2.0100000000000002,17,238.8,0.09246,4.2,0.08981
vgg16,2.0100000000000002,2.255,17,238.8,0.09246,4.2,0.08981
vgg16,2.255,0.05,17,238.8,0.09246,39.9,0.09212000000000001
vgg16,2.255,0.29500000000000004,17,238.8,0.09246,14.4,0.09194
vgg16,2.255,0.54,17,238.8,0.09246,4.3,0.08981
vgg16,2.255,0.7850000000000001,17,238.8,0.09246,4.3,0.08981
vgg16,2.255,1.03,17,238.8,0.09246,4.2,0.08981
vgg16,2.255,1.2750000000000001,17,238.8,0.09246,4.2,0.08981
vgg16,2.255,1.5200000000000002,17,238.8,0.09246,4.2,0.08981
vgg16,2.255,1.7650000000000001,17,238.8,0.09246,4.2,0.08981
vgg16,2.255,2.0100000000000002,17,238.8,0.09246,4.2,0.08981
vgg16,2.255,2.255,17,238.8,0.09246,4.2,0.08981
vgg16,0.05,0.05,19,238.8,0.09246,39.9,0.09212000000000001
vgg16,0.05,0.29500000000000004,19,238.8,0.09246,39.9,0.09212000000000001
vgg16,0.05,0.54,19,238.8,0.09246,39.9,0.09212000000000001
vgg16,0.05,0.7850000000000001,19,238.8,0.09246,39.9,0.09212000000000001
vgg16,0.05,1.03,19,238.8,0.09246,39.9,0.09212000000000001
vgg16,0.05,1.2750000000000001,19,238.8,0.09246,39.9,0.09212000000000001
vgg16,0.05,1.5200000000000002,19,238.8,0.09246,39.9,0.09212000000000001
vgg16,0.05,1.7650000000000001,19,238.8,0.09246,39.9,0.09212000000000001
vgg16,0.05,2.0100000000000002,19,238.8,0.09246,39.9,0.09212000000000001
vgg16,0.05,2.255,19,238.8,0.09246,39.9,0.09212000000000001
vgg16,0.29500000000000004,0.05,19,238.8,0.09246,39.9,0.09212000000000001
vgg16,0.29500000000000004,0.29500000000000004,19,238.8,0.09246,39.9,0.09212000000000001
vgg16,0.29500000000000004,0.54,19,238.8,0.09246,39.9,0.09212000000000001
vgg16,0.29500000000000004,0.7850000000000001,19,238.8,0.09246,39.9,0.09212000000000001
vgg16,0.29500000000000004,1.03,19,238.8,0.09246,39.9,0.09212000000000001
vgg16,0.29500000000000004,1.2750000000000001,19,238.8,0.09246,39.9,0.09212000000000001
vgg16,0.29500000000000004,1.5200000000000002,19,238.8,0.09246,39.9,0.09212000000000001
vgg16,0.29500000000000004,1.7650000000000001,19,238.8,0.09246,39.9,0.09212000000000001
vgg16,0.29500000000000004,2.0100000000000002,19,238.8,0.09246,39.9,0.09212000000000001
vgg16,0.29500000000000004,2.255,19,238.8,0.09246,39.9,0.09212000000000001
vgg16,0.54,0.05,19,238.8,0.09246,39.9,0.09212000000000001
vgg16,0.54,0.29500000000000004,19,238.8,0.09246,39.9,0.09212000000000001
vgg16,0.54,0.54,19,238.8,0.09246,39.9,0.09212000000000001
vgg16,0.54,0.7850000000000001,19,238.8,0.09246,39.9,0.09212000000000001
vgg16,0.54,1.03,19,238.8,0.09246,27.9,0.09246
vgg16,0.54,1.2750000000000001,19,238.8,0.09246,27.9,0.09246
vgg16,0.54,1.5200000000000002,19,238.8,0.09246,27.9,0.09246
vgg16,0.54,1.7650000000000001,19,238.8,0.09246,27.9,0.09246
vgg16,0.54,2.0100000000000002,19,238.8,0.09246,27.9,0.09246
vgg16,0.54,2.255,19,238.8,0.09246,27.9,0.09246
vgg16,0.7850000000000001,0.05,19,238.8,0.09246,39.9,0.09212000000000001
vgg16,0.7850000000000001,0.29500000000000004,19,238.8,0.09246,39.9,0.09212000000000001
vgg16,0.7850000000000001,0.54,19,238.8,0.09246,18.4,0.09226999999999999
vgg16,0.7850000000000001,0.7850000000000001,19,238.8,0.09246,18.4,0.09226999999999999
vgg16,0.7850000000000001,1.03,19,238.8,0.09246,18.4,0.09226999999999999
vgg16,0.7850000000000001,1.2750000000000001,19,238.8,0.09246,18.4,0.09226999999999999
vgg16,0.7850000000000001,1.5200000000000002,19,238.8,0.09246,18.4,0.09226999999999999
vgg16,0.7850000000000001,1.7650000000000001,19,238.8,0.09246,18.4,0.09226999999999999
vgg16,0.7850000000000001,2.0100000000000002,19,238.8,0.09246,18.4,0.09226999999999999
vgg16,0.7850000000000001,2.255,19,238.8,0.09246,18.4,0.09226999999999999
vgg16,1.03,0.05,19,238.8,0.09246,39.9,0.09212000000000001
vgg16,1.03,0.29500000000000004,19,238.8,0.09246,14.6,0.09206
vgg16,1.03,0.54,19,238.8,0.09246,10.5,0.09163
vgg16,1.03,0.7850000000000001,19,238.8,0.09246,10.4,0.09162000000000001
vgg16,1.03,1.03,19,238.8,0.09246,9.1,0.09159
vgg16,1.03,1.2750000000000001,19,238.8,0.09246,9.1,0.09159
vgg16,1.03,1.5200000000000002,19,238.8,0.09246,9.1,0.09159
vgg16,1.03,1.7650000000000001,19,238.8,0.09246,9.1,0.09159
vgg16,1.03,2.0100000000000002,19,238.8,0.09246,9.1,0.09159
vgg16,1.03,2.255,19,238.8,0.09246,9.1,0.09159
vgg16,1.2750000000000001,0.05,19,238.8,0.09246,39.9,0.09212000000000001
vgg16,1.2750000000000001,0.29500000000000004,19,238.8,0.09246,14.6,0.09206
vgg16,1.2750000000000001,0.54,19,238.8,0.09246,4.5,0.08989
vgg16,1.2750000000000001,0.7850000000000001,19,238.8,0.09246,4.5,0.08989
vgg16,1.2750000000000001,1.03,19,238.8,0.09246,4.4,0.08981
vgg16,1.2750000000000001,1.2750000000000001,19,238.8,0.09246,4.4,0.08981
vgg16,1.2750000000000001,1.5200000000000002,19,238.8,0.09246,4.4,0.08981
vgg16,1.2750000000000001,1.7650000000000001,19,238.8,0.09246,4.4,0.08981
vgg16,1.2750000000000001,2.0100000000000002,19,238.8,0.09246,4.4,0.08981
vgg16,1.2750000000000001,2.255,19,238.8,0.09246,4.4,0.08981
vgg16,1.5200000000000002,0.05,19,238.8,0.09246,39.9,0.09212000000000001
vgg16,1.5200000000000002,0.29500000000000004,19,238.8,0.09246,14.6,0.09206
vgg16,1.5200000000000002,0.54,19,238.8,0.09246,4.5,0.08989
vgg16,1.5200000000000002,0.7850000000000001,19,238.8,0.09246,4.5,0.08989
vgg16,1.5200000000000002,1.03,19,238.8,0.09246,4.4,0.08981
vgg16,1.5200000000000002,1.2750000000000001,19,238.8,0.09246,4.4,0.08981
vgg16,1.5200000000000002,1.5200000000000002,19,238.8,0.09246,4.4,0.08981
vgg16,1.5200000000000002,1.7650000000000001,19,238.8,0.09246,4.4,0.08981
vgg16,1.5200000000000002,2.0100000000000002,19,238.8,0.09246,4.4,0.08981
vgg16,1.5200000000000002,2.255,19,238.8,0.09246,4.4,0.08981
vgg16,1.7650000000000001,0.05,19,238.8,0.09246,39.9,0.09212000000000001
vgg16,1.7650000000000001,0.29500000000000004,19,238.8,0.09246,14.6,0.09206
vgg16,1.7650000000000001,0.54,19,238.8,0.09246,4.5,0.08989
vgg16,1.7650000000000001,0.7850000000000001,19,238.8,0.09246,4.5,0.08989
vgg16,1.7650000000000001,1.03,19,238.8,0.09246,4.4,0.08981
vgg16,1.7650000000000001,1.2750000000000001,19,238.8,0.09246,4.4,0.08981
vgg16,1.7650000000000001,1.5200000000000002,19,238.8,0.09246,4.4,0.08981
vgg16,1.7650000000000001,1.7650000000000001,19,238.8,0.09246,4.4,0.08981
vgg16,1.7650000000000001,2.0100000000000002,19,238.8,0.09246,4.4,0.08981
vgg16,1.7650000000000001,2.255,19,238.8,0.09246,4.4,0.08981
vgg16,2.0100000000000002,0.05,19,238.8,0.09246,39.9,0.09212000000000001
vgg16,2.0100000000000002,0.29500000000000004,19,238.8,0.09246,14.6,0.09206
vgg16,2.0100000000000002,0.54,19,238.8,0.09246,4.5,0.08989
vgg16,2.0100000000000002,0.7850000000000001,19,238.8,0.09246,4.5,0.08989
vgg16,2.0100000000000002,1.03,19,238.8,0.09246,4.4,0.08981
vgg16,2.0100000000000002,1.2750000000000001,19,238.8,0.09246,4.4,0.08981
vgg16,2.0100000000000002,1.5200000000000002,19,238.8,0.09246,4.4,0.08981
vgg16,2.0100000000000002,1.7650000000000001,19,238.8,0.09246,4.4,0.08981
vgg16,2.0100000000000002,2.0100000000000002,19,238.8,0.09246,4.4,0.08981
vgg16,2.0100000000000002,2.255,19,238.8,0.09246,4.4,0.08981
vgg16,2.255,0.05,19,238.8,0.09246,39.9,0.09212000000000001
vgg16,2.255,0.29500000000000004,19,238.8,0.09246,14.6,0.09206
vgg16,2.255,0.54,19,238.8,0.09246,4.5,0.08989
vgg16,2.255,0.7850000000000001,19,238.8,0.09246,4.5,0.08989
vgg16,2.255,1.03,19,238.8,0.09246,4.4,0.08981
vgg16,2.255,1.2750000000000001,19,238.8,0.09246,4.4,0.08981
vgg16,2.255,1.5200000000000002,19,238.8,0.09246,4.4,0.08981
vgg16,2.255,1.7650000000000001,19,238.8,0.09246,4.4,0.08981
vgg16,2.255,2.0100000000000002,19,238.8,0.09246,4.4,0.08981
vgg16,2.255,2.255,19,238.8,0.09246,4.4,0.08981
