vgg19,0.05,0.05,5,204.6,0.09219,39.9,0.09178
vgg19,0.05,0.29500000000000004,5,204.6,0.09219,39.9,0.09178
vgg19,0.05,0.54,5,204.6,0.09219,39.9,0.09178
vgg19,0.05,0.7850000000000001,5,204.6,0.09219,39.9,0.09178
vgg19,0.05,1.03,5,204.6,0.09219,39.9,0.09178
vgg19,0.05,1.2750000000000001,5,204.6,0.09219,39.9,0.09178
vgg19,0.05,1.5200000000000002,5,204.6,0.09219,39.9,0.09178
vgg19,0.05,1.7650000000000001,5,204.6,0.09219,39.9,0.09178
vgg19,0.05,2.0100000000000002,5,204.6,0.09219,39.9,0.09178
vgg19,0.05,2.255,5,204.6,0.09219,39.9,0.09178
vgg19,0.29500000000000004,0.05,5,204.6,0.09219,39.9,0.09178
vgg19,0.29500000000000004,0.29500000000000004,5,204.6,0.09219,39.9,0.09178
vgg19,0.29500000000000004,0.54,5,204.6,0.09219,39.9,0.09178
vgg19,0.29500000000000004,0.7850000000000001,5,204.6,0.09219,39.9,0.09178
vgg19,0.29500000000000004,1.03,5,204.6,0.09219,39.9,0.09178
vgg19,0.29500000000000004,1.2750000000000001,5,204.6,0.09219,39.9,0.09178
vgg19,0.29500000000000004,1.5200000000000002,5,204.6,0.09219,39.9,0.09178
vgg19,0.29500000000000004,1.7650000000000001,5,204.6,0.09219,39.9,0.09178
vgg19,0.29500000000000004,2.0100000000000002,5,204.6,0.09219,39.9,0.09178
vgg19,0.29500000000000004,2.255,5,204.6,0.09219,39.9,0.09178
vgg19,0.54,0.05,5,204.6,0.09219,39.9,0.09178
vgg19,0.54,0.29500000000000004,5,204.6,0.09219,39.9,0.09178
vgg19,0.54,0.54,5,204.6,0.09219,39.9,0.09178
vgg19,0.54,0.7850000000000001,5,204.6,0.09219,39.9,0.09178
vgg19,0.54,1.03,5,204.6,0.09219,39.9,0.09178
vgg19,0.54,1.2750000000000001,5,204.6,0.09219,39.9,0.09178
vgg19,0.54,1.5200000000000002,5,204.6,0.09219,39.9,0.09178
vgg19,0.54,1.7650000000000001,5,204.6,0.09219,39.9,0.09178
vgg19,0.54,2.0100000000000002,5,204.6,0.09219,39.9,0.09178
vgg19,0.54,2.255,5,204.6,0.09219,39.9,0.09178
vgg19,0.7850000000000001,0.05,5,204.6,0.09219,39.9,0.09178
vgg19,0.7850000000000001,0.29500000000000004,5,204.6,0.09219,39.9,0.09178
vgg19,0.7850000000000001,0.54,5,204.6,0.09219,39.9,0.09178
vgg19,0.7850000000000001,0.7850000000000001,5,204.6,0.09219,39.9,0.09178
vgg19,0.7850000000000001,1.03,5,204.6,0.09219,39.9,0.09178
vgg19,0.7850000000000001,1.2750000000000001,5,204.6,0.09219,39.9,0.09178
vgg19,0.7850000000000001,1.5200000000000002,5,204.6,0.09219,39.9,0.09178
vgg19,0.7850000000000001,1.7650000000000001,5,204.6,0.09219,39.9,0.09178
vgg19,0.7850000000000001,2.0100000000000002,5,204.6,0.09219,39.9,0.09178
vgg19,0.7850000000000001,2.255,5,204.6,0.09219,39.9,0.09178
vgg19,1.03,0.05,5,204.6,0.09219,39.9,0.09178
vgg19,1.03,0.29500000000000004,5,204.6,0.09219,39.9,0.09178
vgg19,1.03,0.54,5,204.6,0.09219,39.9,0.09178
vgg19,1.03,0.7850000000000001,5,204.6,0.09219,39.9,0.09178
vgg19,1.03,1.03,5,204.6,0.09219,39.9,0.09178
vgg19,1.03,1.2750000000000001,5,204.6,0.09219,39.9,0.09178
vgg19,1.03,1.5200000000000002,5,204.6,0.09219,39.9,0.09178
vgg19,1.03,1.7650000000000001,5,204.6,0.09219,39.9,0.09178
vgg19,1.03,2.0100000000000002,5,204.6,0.09219,39.9,0.09178
vgg19,1.03,2.255,5,204.6,0.09219,39.9,0.09178
vgg19,1.2750000000000001,0.05,5,204.6,0.09219,39.9,0.09178
vgg19,1.2750000000000001,0.29500000000000004,5,204.6,0.09219,39.9,0.09178
vgg19,1.2750000000000001,0.54,5,204.6,0.09219,39.9,0.09178
vgg19,1.2750000000000001,0.7850000000000001,5,204.6,0.09219,39.9,0.09178
vgg19,1.2750000000000001,1.03,5,204.6,0.09219,39.9,0.09178
vgg19,1.2750000000000001,1.2750000000000001,5,204.6,0.09219,39.9,0.09178
vgg19,1.2750000000000001,1.5200000000000002,5,204.6,0.09219,22.6,0.09208
vgg19,1.2750000000000001,1.7650000000000001,5,204.6,0.09219,22.6,0.09208
vgg19,1.2750000000000001,2.0100000000000002,5,204.6,0.09219,22.6,0.09208
vgg19,1.2750000000000001,2.255,5,204.6,0.09219,22.6,0.09208
vgg19,1.5200000000000002,0.05,5,204.6,0.09219,39.9,0.09178
vgg19,1.5200000000000002,0.29500000000000004,5,204.6,0.09219,39.9,0.09178
vgg19,1.5200000000000002,0.54,5,204.6,0.09219,39.9,0.09178
vgg19,1.5200000000000002,0.7850000000000001,5,204.6,0.09219,39.9,0.09178
vgg19,1.5200000000000002,1.03,5,204.6,0.09219,39.9,0.09178
vgg19,1.5200000000000002,1.2750000000000001,5,204.6,0.09219,6.8,0.09118000000000001
vgg19,1.5200000000000002,1.5200000000000002,5,204.6,0.09219,6.8,0.09118000000000001
vgg19,1.5200000000000002,1.7650000000000001,5,204.6,0.09219,6.8,0.09118000000000001
vgg19,1.5200000000000002,2.0100000000000002,5,204.6,0.09219,6.8,0.09118000000000001
vgg19,1.5200000000000002,2.255,5,204.6,0.09219,6.8,0.09118000000000001
vgg19,1.7650000000000001,0.05,5,204.6,0.09219,39.9,0.09178
vgg19,1.7650000000000001,0.29500000000000004,5,204.6,0.09219,39.9,0.09178
vgg19,1.7650000000000001,0.54,5,204.6,0.09219,39.9,0.09178
vgg19,1.7650000000000001,0.7850000000000001,5,204.6,0.09219,39.9,0.09178
vgg19,1.7650000000000001,1.03,5,204.6,0.09219,5.3,0.09009999999999999
vgg19,1.7650000000000001,1.2750000000000001,5,204.6,0.09219,4.6,0.09009999999999999
vgg19,1.7650000000000001,1.5200000000000002,5,204.6,0.09219,2.6,0.08803
vgg19,1.7650000000000001,1.7650000000000001,5,204.6,0.09219,2.6,0.08803
vgg19,1.7650000000000001,2.0100000000000002,5,204.6,0.09219,2.6,0.08803
vgg19,1.7650000000000001,2.255,5,204.6,0.09219,2.6,0.08803
vgg19,2.0100000000000002,0.05,5,204.6,0.09219,39.9,0.09178
vgg19,2.0100000000000002,0.29500000000000004,5,204.6,0.09219,39.9,0.09178
vgg19,2.0100000000000002,0.54,5,204.6,0.09219,39.9,0.09178
vgg19,2.0100000000000002,0.7850000000000001,5,204.6,0.09219,35.6,0.09237000000000001
vgg19,2.0100000000000002,1.03,5,204.6,0.09219,5.3,0.09009999999999999
vgg19,2.0100000000000002,1.2750000000000001,5,204.6,0.09219,4.6,0.09009999999999999
vgg19,2.0100000000000002,1.5200000000000002,5,204.6,0.09219,2.6,0.08803
vgg19,2.0100000000000002,1.7650000000000001,5,204.6,0.09219,2.6,0.08803
vgg19,2.0100000000000002,2.0100000000000002,5,204.6,0.09219,2.6,0.08803
vgg19,2.0100000000000002,2.255,5,204.6,0.09219,2.6,0.08803
vgg19,2.255,0.05,5,204.6,0.09219,39.9,0.09178
vgg19,2.255,0.29500000000000004,5,204.6,0.09219,39.9,0.09178
vgg19,2.255,0.54,5,204.6,0.09219,39.9,0.09178
vgg19,2.255,0.7850000000000001,5,204.6,0.09219,35.6,0.09237000000000001
vgg19,2.255,1.03,5,204.6,0.09219,5.3,0.09009999999999999
vgg19,2.255,1.2750000000000001,5,204.6,0.09219,4.6,0.09009999999999999
vgg19,2.255,1.5200000000000002,5,204.6,0.09219,2.6,0.08803
vgg19,2.255,1.7650000000000001,5,204.6,0.09219,2.6,0.08803
vgg19,2.255,2.0100000000000002,5,204.6,0.09219,2.6,0.08803
vgg19,2.255,2.255,5,204.6,0.09219,2.6,0.08803
vgg19,0.05,0.05,7,204.6,0.09219,39.9,0.09178
vgg19,0.05,0.29500000000000004,7,204.6,0.09219,39.9,0.09178
vgg19,0.05,0.54,7,204.6,0.09219,39.9,0.09178
vgg19,0.05,0.7850000000000001,7,204.6,0.09219,39.9,0.09178
vgg19,0.05,1.03,7,204.6,0.09219,39.9,0.09178
vgg19,0.05,1.2750000000000001,7,204.6,0.09219,39.9,0.09178
vgg19,0.05,1.5200000000000002,7,204.6,0.09219,39.9,0.09178
vgg19,0.05,1.7650000000000001,7,204.6,0.09219,39.9,0.09178
vgg19,0.05,2.0100000000000002,7,204.6,0.09219,39.9,0.09178
vgg19,0.05,2.255,7,204.6,0.09219,39.9,0.09178
vgg19,0.29500000000000004,0.05,7,204.6,0.09219,39.9,0.09178
vgg19,0.29500000000000004,0.29500000000000004,7,204.6,0.09219,39.9,0.09178
vgg19,0.29500000000000004,0.54,7,204.6,0.09219,39.9,0.09178
vgg19,0.29500000000000004,0.7850000000000001,7,204.6,0.09219,39.9,0.09178
vgg19,0.29500000000000004,1.03,7,204.6,0.09219,39.9,0.09178
vgg19,0.29500000000000004,1.2750000000000001,7,204.6,0.09219,39.9,0.09178
vgg19,0.29500000000000004,1.5200000000000002,7,204.6,0.09219,39.9,0.09178
vgg19,0.29500000000000004,1.7650000000000001,7,204.6,0.09219,39.9,0.09178
vgg19,0.29500000000000004,2.0100000000000002,7,204.6,0.09219,39.9,0.09178
vgg19,0.29500000000000004,2.255,7,204.6,0.09219,39.9,0.09178
vgg19,0.54,0.05,7,204.6,0.09219,39.9,0.09178
vgg19,0.54,0.29500000000000004,7,204.6,0.09219,39.9,0.09178
vgg19,0.54,0.54,7,204.6,0.09219,39.9,0.09178
vgg19,0.54,0.7850000000000001,7,204.6,0.09219,39.9,0.09178
vgg19,0.54,1.03,7,204.6,0.09219,39.9,0.09178
vgg19,0.54,1.2750000000000001,7,204.6,0.09219,39.9,0.09178
vgg19,0.54,1.5200000000000002,7,204.6,0.09219,39.9,0.09178
vgg19,0.54,1.7650000000000001,7,204.6,0.09219,39.9,0.09178
vgg19,0.54,2.0100000000000002,7,204.6,0.09219,39.9,0.09178
vgg19,0.54,2.255,7,204.6,0.09219,39.9,0.09178
vgg19,0.7850000000000001,0.05,7,204.6,0.09219,39.9,0.09178
vgg19,0.7850000000000001,0.29500000000000004,7,204.6,0.09219,39.9,0.09178
vgg19,0.7850000000000001,0.54,7,204.6,0.09219,39.9,0.09178
vgg19,0.7850000000000001,0.7850000000000001,7,204.6,0.09219,39.9,0.09178
vgg19,0.7850000000000001,1.03,7,204.6,0.09219,39.9,0.09178
vgg19,0.7850000000000001,1.2750000000000001,7,204.6,0.09219,39.9,0.09178
vgg19,0.7850000000000001,1.5200000000000002,7,204.6,0.09219,39.9,0.09178
vgg19,0.7850000000000001,1.7650000000000001,7,204.6,0.09219,39.9,0.09178
vgg19,0.7850000000000001,2.0100000000000002,7,204.6,0.09219,39.9,0.09178
vgg19,0.7850000000000001,2.255,7,204.6,0.09219,39.9,0.09178
vgg19,1.03,0.05,7,204.6,0.09219,39.9,0.09178
vgg19,1.03,0.29500000000000004,7,204.6,0.09219,39.9,0.09178
vgg19,1.03,0.54,7,204.6,0.09219,39.9,0.09178
vgg19,1.03,0.7850000000000001,7,204.6,0.09219,39.9,0.09178
vgg19,1.03,1.03,7,204.6,0.09219,39.9,0.09178
vgg19,1.03,1.2750000000000001,7,204.6,0.09219,39.9,0.09178
vgg19,1.03,1.5200000000000002,7,204.6,0.09219,7.0,0.09118000000000001
vgg19,1.03,1.7650000000000001,7,204.6,0.09219,7.0,0.09118000000000001
vgg19,1.03,2.0100000000000002,7,204.6,0.09219,7.0,0.09118000000000001
vgg19,1.03,2.255,7,204.6,0.09219,7.0,0.09118000000000001
vgg19,1.2750000000000001,0.05,7,204.6,0.09219,39.9,0.09178
vgg19,1.2750000000000001,0.29500000000000004,7,204.6,0.09219,39.9,0.09178
vgg19,1.2750000000000001,0.54,7,204.6,0.09219,39.9,0.09178
vgg19,1.2750000000000001,0.7850000000000001,7,204.6,0.09219,39.9,0.09178
vgg19,1.2750000000000001,1.03,7,204.6,0.09219,39.9,0.09178
vgg19,1.2750000000000001,1.2750000000000001,7,204.6,0.09219,9.6,0.09151000000000001
vgg19,1.2750000000000001,1.5200000000000002,7,204.6,0.09219,6.9,0.09118000000000001
vgg19,1.2750000000000001,1.7650000000000001,7,204.6,0.09219,6.9,0.09118000000000001
vgg19,1.2750000000000001,2.0100000000000002,7,204.6,0.09219,6.9,0.09118000000000001
vgg19,1.2750000000000001,2.255,7,204.6,0.09219,6.9,0.09118000000000001
vgg19,1.5200000000000002,0.05,7,204.6,0.09219,39.9,0.09178
vgg19,1.5200000000000002,0.29500000000000004,7,204.6,0.09219,39.9,0.09178
vgg19,1.5200000000000002,0.54,7,204.6,0.09219,39.9,0.09178
vgg19,1.5200000000000002,0.7850000000000001,7,204.6,0.09219,39.9,0.09178
vgg19,1.5200000000000002,1.03,7,204.6,0.09219,6.3,0.09118000000000001
vgg19,1.5200000000000002,1.2750000000000001,7,204.6,0.09219,5.5,0.09075
vgg19,1.5200000000000002,1.5200000000000002,7,204.6,0.09219,4.8,0.09009999999999999
vgg19,1.5200000000000002,1.7650000000000001,7,204.6,0.09219,2.8,0.08815999999999999
vgg19,1.5200000000000002,2.0100000000000002,7,204.6,0.09219,2.8,0.08815999999999999
vgg19,1.5200000000000002,2.255,7,204.6,0.09219,2.8,0.08815999999999999
vgg19,1.7650000000000001,0.05,7,204.6,0.09219,39.9,0.09178
vgg19,1.7650000000000001,0.29500000000000004,7,204.6,0.09219,39.9,0.09178
vgg19,1.7650000000000001,0.54,7,204.6,0.09219,39.9,0.09178
vgg19,1.7650000000000001,0.7850000000000001,7,204.6,0.09219,35.3,0.09237000000000001
vgg19,1.7650000000000001,1.03,7,204.6,0.09219,6.3,0.09118000000000001
vgg19,1.7650000000000001,1.2750000000000001,7,204.6,0.09219,5.5,0.09075
vgg19,1.7650000000000001,1.5200000000000002,7,204.6,0.09219,4.8,0.09009999999999999
vgg19,1.7650000000000001,1.7650000000000001,7,204.6,0.09219,2.8,0.08815999999999999
vgg19,1.7650000000000001,2.0100000000000002,7,204.6,0.09219,2.8,0.08815999999999999
vgg19,1.7650000000000001,2.255,7,204.6,0.09219,2.8,0.08815999999999999
vgg19,2.0100000000000002,0.05,7,204.6,0.09219,39.9,0.09178
vgg19,2.0100000000000002,0.29500000000000004,7,204.6,0.09219,39.9,0.09178
vgg19,2.0100000000000002,0.54,7,204.6,0.09219,39.9,0.09178
vgg19,2.0100000000000002,0.7850000000000001,7,204.6,0.09219,35.3,0.09237000000000001
vgg19,2.0100000000000002,1.03,7,204.6,0.09219,6.3,0.09118000000000001
vgg19,2.0100000000000002,1.2750000000000001,7,204.6,0.09219,5.5,0.09075
vgg19,2.0100000000000002,1.5200000000000002,7,204.6,0.09219,4.8,0.09009999999999999
vgg19,2.0100000000000002,1.7650000000000001,7,204.6,0.09219,2.8,0.08815999999999999
vgg19,2.0100000000000002,2.0100000000000002,7,204.6,0.09219,2.8,0.08815999999999999
vgg19,2.0100000000000002,2.255,7,204.6,0.09219,2.8,0.08815999999999999
vgg19,2.255,0.05,7,204.6,0.09219,39.9,0.09178
vgg19,2.255,0.29500000000000004,7,204.6,0.09219,39.9,0.09178
vgg19,2.255,0.54,7,204.6,0.09219,39.9,0.09178
vgg19,2.255,0.7850000000000001,7,204.6,0.09219,35.3,0.09237000000000001
vgg19,2.255,1.03,7,204.6,0.09219,6.3,0.09118000000000001
vgg19,2.255,1.2750000000000001,7,204.6,0.09219,5.5,0.09075
vgg19,2.255,1.5200000000000002,7,204.6,0.09219,4.8,0.09009999999999999
vgg19,2.255,1.7650000000000001,7,204.6,0.09219,2.8,0.08815999999999999
vgg19,2.255,2.0100000000000002,7,204.6,0.09219,2.8,0.08815999999999999
vgg19,2.255,2.255,7,204.6,0.09219,2.8,0.08815999999999999
vgg19,0.05,0.05,9,204.6,0.09219,39.9,0.09178
vgg19,0.05,0.29500000000000004,9,204.6,0.09219,39.9,0.09178
vgg19,0.05,0.54,9,204.6,0.09219,39.9,0.09178
vgg19,0.05,0.7850000000000001,9,204.6,0.09219,39.9,0.09178
vgg19,0.05,1.03,9,204.6,0.09219,39.9,0.09178
vgg19,0.05,1.2750000000000001,9,204.6,0.09219,39.9,0.09178
vgg19,0.05,1.5200000000000002,9,204.6,0.09219,39.9,0.09178
vgg19,0.05,1.7650000000000001,9,204.6,0.09219,39.9,0.09178
vgg19,0.05,2.0100000000000002,9,204.6,0.09219,39.9,0.09178
vgg19,0.05,2.255,9,204.6,0.09219,39.9,0.09178
vgg19,0.29500000000000004,0.05,9,204.6,0.09219,39.9,0.09178
vgg19,0.29500000000000004,0.29500000000000004,9,204.6,0.09219,39.9,0.09178
vgg19,0.29500000000000004,0.54,9,204.6,0.09219,39.9,0.09178
vgg19,0.29500000000000004,0.7850000000000001,9,204.6,0.09219,39.9,0.09178
vgg19,0.29500000000000004,1.03,9,204.6,0.09219,39.9,0.09178
vgg19,0.29500000000000004,1.2750000000000001,9,204.6,0.09219,39.9,0.09178
vgg19,0.29500000000000004,1.5200000000000002,9,204.6,0.09219,39.9,0.09178
vgg19,0.29500000000000004,1.7650000000000001,9,204.6,0.09219,39.9,0.09178
vgg19,0.29500000000000004,2.0100000000000002,9,204.6,0.09219,39.9,0.09178
vgg19,0.29500000000000004,2.255,9,204.6,0.09219,39.9,0.09178
vgg19,0.54,0.05,9,204.6,0.09219,39.9,0.09178
vgg19,0.54,0.29500000000000004,9,204.6,0.09219,39.9,0.09178
vgg19,0.54,0.54,9,204.6,0.09219,39.9,0.09178
vgg19,0.54,0.7850000000000001,9,204.6,0.09219,39.9,0.09178
vgg19,0.54,1.03,9,204.6,0.09219,39.9,0.09178
vgg19,0.54,1.2750000000000001,9,204.6,0.09219,39.9,0.09178
vgg19,0.54,1.5200000000000002,9,204.6,0.09219,39.9,0.09178
vgg19,0.54,1.7650000000000001,9,204.6,0.09219,39.9,0.09178
vgg19,0.54,2.0100000000000002,9,204.6,0.09219,39.9,0.09178
vgg19,0.54,2.255,9,204.6,0.09219,39.9,0.09178
vgg19,0.7850000000000001,0.05,9,204.6,0.09219,39.9,0.09178
vgg19,0.7850000000000001,0.29500000000000004,9,204.6,0.09219,39.9,0.09178
vgg19,0.7850000000000001,0.54,9,204.6,0.09219,39.9,0.09178
vgg19,0.7850000000000001,0.7850000000000001,9,204.6,0.09219,39.9,0.09178
vgg19,0.7850000000000001,1.03,9,204.6,0.09219,39.9,0.09178
vgg19,0.7850000000000001,1.2750000000000001,9,204.6,0.09219,39.9,0.09178
vgg19,0.7850000000000001,1.5200000000000002,9,204.6,0.09219,39.9,0.09178
vgg19,0.7850000000000001,1.7650000000000001,9,204.6,0.09219,39.9,0.09178
vgg19,0.7850000000000001,2.0100000000000002,9,204.6,0.09219,39.9,0.09178
vgg19,0.7850000000000001,2.255,9,204.6,0.09219,39.9,0.09178
vgg19,1.03,0.05,9,204.6,0.09219,39.9,0.09178
vgg19,1.03,0.29500000000000004,9,204.6,0.09219,39.9,0.09178
vgg19,1.03,0.54,9,204.6,0.09219,39.9,0.09178
vgg19,1.03,0.7850000000000001,9,204.6,0.09219,39.9,0.09178
vgg19,1.03,1.03,9,204.6,0.09219,39.9,0.09178
vgg19,1.03,1.2750000000000001,9,204.6,0.09219,17.5,0.09204000000000001
vgg19,1.03,1.5200000000000002,9,204.6,0.09219,17.5,0.09204000000000001
vgg19,1.03,1.7650000000000001,9,204.6,0.09219,17.5,0.09204000000000001
vgg19,1.03,2.0100000000000002,9,204.6,0.09219,17.5,0.09204000000000001
vgg19,1.03,2.255,9,204.6,0.09219,17.5,0.09204000000000001
vgg19,1.2750000000000001,0.05,9,204.6,0.09219,39.9,0.09178
vgg19,1.2750000000000001,0.29500000000000004,9,204.6,0.09219,39.9,0.09178
vgg19,1.2750000000000001,0.54,9,204.6,0.09219,39.9,0.09178
vgg19,1.2750000000000001,0.7850000000000001,9,204.6,0.09219,10.7,0.09151000000000001
vgg19,1.2750000000000001,1.03,9,204.6,0.09219,10.5,0.09151000000000001
vgg19,1.2750000000000001,1.2750000000000001,9,204.6,0.09219,10.5,0.09151000000000001
vgg19,1.2750000000000001,1.5200000000000002,9,204.6,0.09219,6.5,0.09118000000000001
vgg19,1.2750000000000001,1.7650000000000001,9,204.6,0.09219,6.5,0.09118000000000001
vgg19,1.2750000000000001,2.0100000000000002,9,204.6,0.09219,6.5,0.09118000000000001
vgg19,1.2750000000000001,2.255,9,204.6,0.09219,6.5,0.09118000000000001
vgg19,1.5200000000000002,0.05,9,204.6,0.09219,39.9,0.09178
vgg19,1.5200000000000002,0.29500000000000004,9,204.6,0.09219,39.9,0.09178
vgg19,1.5200000000000002,0.54,9,204.6,0.09219,39.9,0.09178
vgg19,1.5200000000000002,0.7850000000000001,9,204.6,0.09219,10.7,0.09151000000000001
vgg19,1.5200000000000002,1.03,9,204.6,0.09219,10.5,0.09151000000000001
vgg19,1.5200000000000002,1.2750000000000001,9,204.6,0.09219,9.0,0.09140000000000001
vgg19,1.5200000000000002,1.5200000000000002,9,204.6,0.09219,6.5,0.09118000000000001
vgg19,1.5200000000000002,1.7650000000000001,9,204.6,0.09219,6.5,0.09118000000000001
vgg19,1.5200000000000002,2.0100000000000002,9,204.6,0.09219,6.5,0.09118000000000001
vgg19,1.5200000000000002,2.255,9,204.6,0.09219,6.5,0.09118000000000001
vgg19,1.7650000000000001,0.05,9,204.6,0.09219,39.9,0.09178
vgg19,1.7650000000000001,0.29500000000000004,9,204.6,0.09219,39.9,0.09178
vgg19,1.7650000000000001,0.54,9,204.6,0.09219,39.9,0.09178
vgg19,1.7650000000000001,0.7850000000000001,9,204.6,0.09219,10.7,0.09151000000000001
vgg19,1.7650000000000001,1.03,9,204.6,0.09219,10.5,0.09151000000000001
vgg19,1.7650000000000001,1.2750000000000001,9,204.6,0.09219,9.0,0.09140000000000001
vgg19,1.7650000000000001,1.5200000000000002,9,204.6,0.09219,6.5,0.09118000000000001
vgg19,1.7650000000000001,1.7650000000000001,9,204.6,0.09219,6.5,0.09118000000000001
vgg19,1.7650000000000001,2.0100000000000002,9,204.6,0.09219,6.5,0.09118000000000001
vgg19,1.7650000000000001,2.255,9,204.6,0.09219,6.5,0.09118000000000001
vgg19,2.0100000000000002,0.05,9,204.6,0.09219,39.9,0.09178
vgg19,2.0100000000000002,0.29500000000000004,9,204.6,0.09219,39.9,0.09178
vgg19,2.0100000000000002,0.54,9,204.6,0.09219,39.9,0.09178
vgg19,2.0100000000000002,0.7850000000000001,9,204.6,0.09219,10.7,0.09151000000000001
vgg19,2.0100000000000002,1.03,9,204.6,0.09219,10.5,0.09151000000000001
vgg19,2.0100000000000002,1.2750000000000001,9,204.6,0.09219,9.0,0.09140000000000001
vgg19,2.0100000000000002,1.5200000000000002,9,204.6,0.09219,6.5,0.09118000000000001
vgg19,2.0100000000000002,1.7650000000000001,9,204.6,0.09219,5.0,0.09009999999999999
vgg19,2.0100000000000002,2.0100000000000002,9,204.6,0.09219,5.0,0.09009999999999999
vgg19,2.0100000000000002,2.255,9,204.6,0.09219,5.0,0.09009999999999999
vgg19,2.255,0.05,9,204.6,0.09219,39.9,0.09178
vgg19,2.255,0.29500000000000004,9,204.6,0.09219,39.9,0.09178
vgg19,2.255,0.54,9,204.6,0.09219,39.9,0.09178
vgg19,2.255,0.7850000000000001,9,204.6,0.09219,10.7,0.09151000000000001
vgg19,2.255,1.03,9,204.6,0.09219,10.5,0.09151000000000001
vgg19,2.255,1.2750000000000001,9,204.6,0.09219,9.0,0.09140000000000001
vgg19,2.255,1.5200000000000002,9,204.6,0.09219,6.5,0.09118000000000001
vgg19,2.255,1.7650000000000001,9,204.6,0.09219,5.0,0.09009999999999999
vgg19,2.255,2.0100000000000002,9,204.6,0.09219,5.0,0.09009999999999999
vgg19,2.255,2.255,9,204.6,0.09219,5.0,0.09009999999999999
vgg19,0.05,0.05,11,204.6,0.09219,39.9,0.09178
vgg19,0.05,0.29500000000000004,11,204.6,0.09219,39.9,0.09178
vgg19,0.05,0.54,11,204.6,0.09219,39.9,0.09178
vgg19,0.05,0.7850000000000001,11,204.6,0.09219,39.9,0.09178
vgg19,0.05,1.03,11,204.6,0.09219,39.9,0.09178
vgg19,0.05,1.2750000000000001,11,204.6,0.09219,39.9,0.09178
vgg19,0.05,1.5200000000000002,11,204.6,0.09219,39.9,0.09178
vgg19,0.05,1.7650000000000001,11,204.6,0.09219,39.9,0.09178
vgg19,0.05,2.0100000000000002,11,204.6,0.09219,39.9,0.09178
vgg19,0.05,2.255,11,204.6,0.09219,39.9,0.09178
vgg19,0.29500000000000004,0.05,11,204.6,0.09219,39.9,0.09178
vgg19,0.29500000000000004,0.29500000000000004,11,204.6,0.09219,39.9,0.09178
vgg19,0.29500000000000004,0.54,11,204.6,0.09219,39.9,0.09178
vgg19,0.29500000000000004,0.7850000000000001,11,204.6,0.09219,39.9,0.09178
vgg19,0.29500000000000004,1.03,11,204.6,0.09219,39.9,0.09178
vgg19,0.29500000000000004,1.2750000000000001,11,204.6,0.09219,39.9,0.09178
vgg19,0.29500000000000004,1.5200000000000002,11,204.6,0.09219,39.9,0.09178
vgg19,0.29500000000000004,1.7650000000000001,11,204.6,0.09219,39.9,0.09178
vgg19,0.29500000000000004,2.0100000000000002,11,204.6,0.09219,39.9,0.09178
vgg19,0.29500000000000004,2.255,11,204.6,0.09219,39.9,0.09178
vgg19,0.54,0.05,11,204.6,0.09219,39.9,0.09178
vgg19,0.54,0.29500000000000004,11,204.6,0.09219,39.9,0.09178
vgg19,0.54,0.54,11,204.6,0.09219,39.9,0.09178
vgg19,0.54,0.7850000000000001,11,204.6,0.09219,39.9,0.09178
vgg19,0.54,1.03,11,204.6,0.09219,39.9,0.09178
vgg19,0.54,1.2750000000000001,11,204.6,0.09219,39.9,0.09178
vgg19,0.54,1.5200000000000002,11,204.6,0.09219,39.9,0.09178
vgg19,0.54,1.7650000000000001,11,204.6,0.09219,39.9,0.09178
vgg19,0.54,2.0100000000000002,11,204.6,0.09219,39.9,0.09178
vgg19,0.54,2.255,11,204.6,0.09219,39.9,0.09178
vgg19,0.7850000000000001,0.05,11,204.6,0.09219,39.9,0.09178
vgg19,0.7850000000000001,0.29500000000000004,11,204.6,0.09219,39.9,0.09178
vgg19,0.7850000000000001,0.54,11,204.6,0.09219,39.9,0.09178
vgg19,0.7850000000000001,0.7850000000000001,11,204.6,0.09219,39.9,0.09178
vgg19,0.7850000000000001,1.03,11,204.6,0.09219,6.7,0.09118000000000001
vgg19,0.7850000000000001,1.2750000000000001,11,204.6,0.09219,6.7,0.09118000000000001
vgg19,0.7850000000000001,1.5200000000000002,11,204.6,0.09219,6.7,0.09118000000000001
vgg19,0.7850000000000001,1.7650000000000001,11,204.6,0.09219,6.7,0.09118000000000001
vgg19,0.7850000000000001,2.0100000000000002,11,204.6,0.09219,6.7,0.09118000000000001
vgg19,0.7850000000000001,2.255,11,204.6,0.09219,6.7,0.09118000000000001
vgg19,1.03,0.05,11,204.6,0.09219,39.9,0.09178
vgg19,1.03,0.29500000000000004,11,204.6,0.09219,39.9,0.09178
vgg19,1.03,0.54,11,204.6,0.09219,39.9,0.09178
vgg19,1.03,0.7850000000000001,11,204.6,0.09219,39.9,0.09178
vgg19,1.03,1.03,11,204.6,0.09219,6.7,0.09118000000000001
vgg19,1.03,1.2750000000000001,11,204.6,0.09219,6.7,0.09118000000000001
vgg19,1.03,1.5200000000000002,11,204.6,0.09219,6.7,0.09118000000000001
vgg19,1.03,1.7650000000000001,11,204.6,0.09219,6.7,0.09118000000000001
vgg19,1.03,2.0100000000000002,11,204.6,0.09219,6.7,0.09118000000000001
vgg19,1.03,2.255,11,204.6,0.09219,6.7,0.09118000000000001
vgg19,1.2750000000000001,0.05,11,204.6,0.09219,39.9,0.09178
vgg19,1.2750000000000001,0.29500000000000004,11,204.6,0.09219,39.9,0.09178
vgg19,1.2750000000000001,0.54,11,204.6,0.09219,39.9,0.09178
vgg19,1.2750000000000001,0.7850000000000001,11,204.6,0.09219,10.7,0.09151000000000001
vgg19,1.2750000000000001,1.03,11,204.6,0.09219,6.7,0.09118000000000001
vgg19,1.2750000000000001,1.2750000000000001,11,204.6,0.09219,6.7,0.09118000000000001
vgg19,1.2750000000000001,1.5200000000000002,11,204.6,0.09219,6.7,0.09118000000000001
vgg19,1.2750000000000001,1.7650000000000001,11,204.6,0.09219,6.7,0.09118000000000001
vgg19,1.2750000000000001,2.0100000000000002,11,204.6,0.09219,6.7,0.09118000000000001
vgg19,1.2750000000000001,2.255,11,204.6,0.09219,6.7,0.09118000000000001
vgg19,1.5200000000000002,0.05,11,204.6,0.09219,39.9,0.09178
vgg19,1.5200000000000002,0.29500000000000004,11,204.6,0.09219,39.9,0.09178
vgg19,1.5200000000000002,0.54,11,204.6,0.09219,39.9,0.09178
vgg19,1.5200000000000002,0.7850000000000001,11,204.6,0.09219,10.7,0.09151000000000001
vgg19,1.5200000000000002,1.03,11,204.6,0.09219,6.7,0.09118000000000001
vgg19,1.5200000000000002,1.2750000000000001,11,204.6,0.09219,6.7,0.09118000000000001
vgg19,1.5200000000000002,1.5200000000000002,11,204.6,0.09219,6.7,0.09118000000000001
vgg19,1.5200000000000002,1.7650000000000001,11,204.6,0.09219,6.7,0.09118000000000001
vgg19,1.5200000000000002,2.0100000000000002,11,204.6,0.09219,6.7,0.09118000000000001
vgg19,1.5200000000000002,2.255,11,204.6,0.09219,6.7,0.09118000000000001
vgg19,1.7650000000000001,0.05,11,204.6,0.09219,39.9,0.09178
vgg19,1.7650000000000001,0.29500000000000004,11,204.6,0.09219,39.9,0.09178
vgg19,1.7650000000000001,0.54,11,204.6,0.09219,39.9,0.09178
vgg19,1.7650000000000001,0.7850000000000001,11,204.6,0.09219,10.7,0.09151000000000001
vgg19,1.7650000000000001,1.03,11,204.6,0.09219,6.7,0.09118000000000001
vgg19,1.7650000000000001,1.2750000000000001,11,204.6,0.09219,6.7,0.09118000000000001
vgg19,1.7650000000000001,1.5200000000000002,11,204.6,0.09219,6.7,0.09118000000000001
vgg19,1.7650000000000001,1.7650000000000001,11,204.6,0.09219,6.7,0.09118000000000001
vgg19,1.7650000000000001,2.0100000000000002,11,204.6,0.09219,6.7,0.09118000000000001
vgg19,1.7650000000000001,2.255,11,204.6,0.09219,6.7,0.09118000000000001
vgg19,2.0100000000000002,0.05,11,204.6,0.09219,39.9,0.09178
vgg19,2.0100000000000002,0.29500000000000004,11,204.6,0.09219,39.9,0.09178
vgg19,2.0100000000000002,0.54,11,204.6,0.09219,39.9,0.09178
vgg19,2.0100000000000002,0.7850000000000001,11,204.6,0.09219,10.7,0.09151000000000001
vgg19,2.0100000000000002,1.03,11,204.6,0.09219,6.7,0.09118000000000001
vgg19,2.0100000000000002,1.2750000000000001,11,204.6,0.09219,6.7,0.09118000000000001
vgg19,2.0100000000000002,1.5200000000000002,11,204.6,0.09219,6.7,0.09118000000000001
vgg19,2.0100000000000002,1.7650000000000001,11,204.6,0.09219,6.7,0.09118000000000001
vgg19,2.0100000000000002,2.0100000000000002,11,204.6,0.09219,6.7,0.09118000000000001
vgg19,2.0100000000000002,2.255,11,204.6,0.09219,6.7,0.09118000000000001
vgg19,2.255,0.05,11,204.6,0.09219,39.9,0.09178
vgg19,2.255,0.29500000000000004,11,204.6,0.09219,39.9,0.09178
vgg19,2.255,0.54,11,204.6,0.09219,39.9,0.09178
vgg19,2.255,0.7850000000000001,11,204.6,0.09219,10.7,0.09151000000000001
vgg19,2.255,1.03,11,204.6,0.09219,6.7,0.09118000000000001
vgg19,2.255,1.2750000000000001,11,204.6,0.09219,6.7,0.09118000000000001
vgg19,2.255,1.5200000000000002,11,204.6,0.09219,6.7,0.09118000000000001
vgg19,2.255,1.7650000000000001,11,204.6,0.09219,6.7,0.09118000000000001
vgg19,2.255,2.0100000000000002,11,204.6,0.09219,6.7,0.09118000000000001
vgg19,2.255,2.255,11,204.6,0.09219,6.7,0.09118000000000001
vgg19,0.05,0.05,13,204.6,0.09219,39.9,0.09178
vgg19,0.05,0.29500000000000004,13,204.6,0.09219,39.9,0.09178
vgg19,0.05,0.54,13,204.6,0.09219,39.9,0.09178
vgg19,0.05,0.7850000000000001,13,204.6,0.09219,39.9,0.09178
vgg19,0.05,1.03,13,204.6,0.09219,39.9,0.09178
vgg19,0.05,1.2750000000000001,13,204.6,0.09219,39.9,0.09178
vgg19,0.05,1.5200000000000002,13,204.6,0.09219,39.9,0.09178
vgg19,0.05,1.7650000000000001,13,204.6,0.09219,39.9,0.09178
vgg19,0.05,2.0100000000000002,13,204.6,0.09219,39.9,0.09178
vgg19,0.05,2.255,13,204.6,0.09219,39.9,0.09178
vgg19,0.29500000000000004,0.05,13,204.6,0.09219,39.9,0.09178
vgg19,0.29500000000000004,0.29500000000000004,13,204.6,0.09219,39.9,0.09178
vgg19,0.29500000000000004,0.54,13,204.6,0.09219,39.9,0.09178
vgg19,0.29500000000000004,0.7850000000000001,13,204.6,0.09219,39.9,0.09178
vgg19,0.29500000000000004,1.03,13,204.6,0.09219,39.9,0.09178
vgg19,0.29500000000000004,1.2750000000000001,13,204.6,0.09219,39.9,0.09178
vgg19,0.29500000000000004,1.5200000000000002,13,204.6,0.09219,39.9,0.09178
vgg19,0.29500000000000004,1.7650000000000001,13,204.6,0.09219,39.9,0.09178
vgg19,0.29500000000000004,2.0100000000000002,13,204.6,0.09219,39.9,0.09178
vgg19,0.29500000000000004,2.255,13,204.6,0.09219,39.9,0.09178
vgg19,0.54,0.05,13,204.6,0.09219,39.9,0.09178
vgg19,0.54,0.29500000000000004,13,204.6,0.09219,39.9,0.09178
vgg19,0.54,0.54,13,204.6,0.09219,39.9,0.09178
vgg19,0.54,0.7850000000000001,13,204.6,0.09219,39.9,0.09178
vgg19,0.54,1.03,13,204.6,0.09219,39.9,0.09178
vgg19,0.54,1.2750000000000001,13,204.6,0.09219,39.9,0.09178
vgg19,0.54,1.5200000000000002,13,204.6,0.09219,39.9,0.09178
vgg19,0.54,1.7650000000000001,13,204.6,0.09219,39.9,0.09178
vgg19,0.54,2.0100000000000002,13,204.6,0.09219,39.9,0.09178
vgg19,0.54,2.255,13,204.6,0.09219,39.9,0.09178
vgg19,0.7850000000000001,0.05,13,204.6,0.09219,39.9,0.09178
vgg19,0.7850000000000001,0.29500000000000004,13,204.6,0.09219,39.9,0.09178
vgg19,0.7850000000000001,0.54,13,204.6,0.09219,39.9,0.09178
vgg19,0.7850000000000001,0.7850000000000001,13,204.6,0.09219,39.9,0.09178
vgg19,0.7850000000000001,1.03,13,204.6,0.09219,23.4,0.09219
vgg19,0.7850000000000001,1.2750000000000001,13,204.6,0.09219,23.4,0.09219
vgg19,0.7850000000000001,1.5200000000000002,13,204.6,0.09219,23.4,0.09219
vgg19,0.7850000000000001,1.7650000000000001,13,204.6,0.09219,23.4,0.09219
vgg19,0.7850000000000001,2.0100000000000002,13,204.6,0.09219,23.4,0.09219
vgg19,0.7850000000000001,2.255,13,204.6,0.09219,23.4,0.09219
vgg19,1.03,0.05,13,204.6,0.09219,39.9,0.09178
vgg19,1.03,0.29500000000000004,13,204.6,0.09219,39.9,0.09178
vgg19,1.03,0.54,13,204.6,0.09219,39.9,0.09178
vgg19,1.03,0.7850000000000001,13,204.6,0.09219,16.2,0.09204000000000001
vgg19,1.03,1.03,13,204.6,0.09219,9.6,0.09151000000000001
vgg19,1.03,1.2750000000000001,13,204.6,0.09219,9.6,0.09151000000000001
vgg19,1.03,1.5200000000000002,13,204.6,0.09219,9.6,0.09151000000000001
vgg19,1.03,1.7650000000000001,13,204.6,0.09219,9.6,0.09151000000000001
vgg19,1.03,2.0100000000000002,13,204.6,0.09219,9.6,0.09151000000000001
vgg19,1.03,2.255,13,204.6,0.09219,9.6,0.09151000000000001
vgg19,1.2750000000000001,0.05,13,204.6,0.09219,39.9,0.09178
vgg19,1.2750000000000001,0.29500000000000004,13,204.6,0.09219,39.9,0.09178
vgg19,1.2750000000000001,0.54,13,204.6,0.09219,39.9,0.09178
vgg19,1.2750000000000001,0.7850000000000001,13,204.6,0.09219,10.7,0.09151000000000001
vgg19,1.2750000000000001,1.03,13,204.6,0.09219,6.9,0.09118000000000001
vgg19,1.2750000000000001,1.2750000000000001,13,204.6,0.09219,6.9,0.09118000000000001
vgg19,1.2750000000000001,1.5200000000000002,13,204.6,0.09219,6.9,0.09118000000000001
vgg19,1.2750000000000001,1.7650000000000001,13,204.6,0.09219,6.9,0.09118000000000001
vgg19,1.2750000000000001,2.0100000000000002,13,204.6,0.09219,6.9,0.09118000000000001
vgg19,1.2750000000000001,2.255,13,204.6,0.09219,6.9,0.09118000000000001
vgg19,1.5200000000000002,0.05,13,204.6,0.09219,39.9,0.09178
vgg19,1.5200000000000002,0.29500000000000004,13,204.6,0.09219,39.9,0.09178
vgg19,1.5200000000000002,0.54,13,204.6,0.09219,22.0,0.09208
vgg19,1.5200000000000002,0.7850000000000001,13,204.6,0.09219,10.7,0.09151000000000001
vgg19,1.5200000000000002,1.03,13,204.6,0.09219,6.9,0.09118000000000001
vgg19,1.5200000000000002,1.2750000000000001,13,204.6,0.09219,6.9,0.09118000000000001
vgg19,1.5200000000000002,1.5200000000000002,13,204.6,0.09219,6.9,0.09118000000000001
vgg19,1.5200000000000002,1.7650000000000001,13,204.6,0.09219,6.9,0.09118000000000001
vgg19,1.5200000000000002,2.0100000000000002,13,204.6,0.09219,6.9,0.09118000000000001
vgg19,1.5200000000000002,2.255,13,204.6,0.09219,6.9,0.09118000000000001
vgg19,1.7650000000000001,0.05,13,204.6,0.09219,39.9,0.09178
vgg19,1.7650000000000001,0.29500000000000004,13,204.6,0.09219,39.9,0.09178
vgg19,1.7650000000000001,0.54,13,204.6,0.09219,22.0,0.09208
vgg19,1.7650000000000001,0.7850000000000001,13,204.6,0.09219,10.7,0.09151000000000001
vgg19,1.7650000000000001,1.03,13,204.6,0.09219,6.9,0.09118000000000001
vgg19,1.7650000000000001,1.2750000000000001,13,204.6,0.09219,6.9,0.09118000000000001
vgg19,1.7650000000000001,1.5200000000000002,13,204.6,0.09219,6.9,0.09118000000000001
vgg19,1.7650000000000001,1.7650000000000001,13,204.6,0.09219,6.9,0.09118000000000001
vgg19,1.7650000000000001,2.0100000000000002,13,204.6,0.09219,6.9,0.09118000000000001
vgg19,1.7650000000000001,2.255,13,204.6,0.09219,6.9,0.09118000000000001
vgg19,2.0100000000000002,0.05,13,204.6,0.09219,39.9,0.09178
vgg19,2.0100000000000002,0.29500000000000004,13,204.6,0.09219,39.9,0.09178
vgg19,2.0100000000000002,0.54,13,204.6,0.09219,22.0,0.09208
vgg19,2.0100000000000002,0.7850000000000001,13,204.6,0.09219,10.7,0.09151000000000001
vgg19,2.0100000000000002,1.03,13,204.6,0.09219,6.9,0.09118000000000001
vgg19,2.0100000000000002,1.2750000000000001,13,204.6,0.09219,6.9,0.09118000000000001
vgg19,2.0100000000000002,1.5200000000000002,13,204.6,0.09219,6.9,0.09118000000000001
vgg19,2.0100000000000002,1.7650000000000001,13,204.6,0.09219,6.9,0.09118000000000001
vgg19,2.0100000000000002,2.0100000000000002,13,204.6,0.09219,6.9,0.09118000000000001
vgg19,2.0100000000000002,2.255,13,204.6,0.09219,6.9,0.09118000000000001
vgg19,2.255,0.05,13,204.6,0.09219,39.9,0.09178
vgg19,2.255,0.29500000000000004,13,204.6,0.09219,39.9,0.09178
vgg19,2.255,0.54,13,204.6,0.09219,22.0,0.09208
vgg19,2.255,0.7850000000000001,13,204.6,0.09219,10.7,0.09151000000000001
vgg19,2.255,1.03,13,204.6,0.09219,6.9,0.09118000000000001
vgg19,2.255,1.2750000000000001,13,204.6,0.09219,6.9,0.09118000000000001
vgg19,2.255,1.5200000000000002,13,204.6,0.09219,6.9,0.09118000000000001
vgg19,2.255,1.7650000000000001,13,204.6,0.09219,6.9,0.09118000000000001
vgg19,2.255,2.0100000000000002,13,204.6,0.09219,6.9,0.09118000000000001
vgg19,2.255,2.255,13,204.6,0.09219,6.9,0.09118000000000001
vgg19,0.05,0.05,15,204.6,0.09219,39.9,0.09178
vgg19,0.05,0.29500000000000004,15,204.6,0.09219,39.9,0.09178
vgg19,0.05,0.54,15,204.6,0.09219,39.9,0.09178
vgg19,0.05,0.7850000000000001,15,204.6,0.09219,39.9,0.09178
vgg19,0.05,1.03,15,204.6,0.09219,39.9,0.09178
vgg19,0.05,1.2750000000000001,15,204.6,0.09219,39.9,0.09178
vgg19,0.05,1.5200000000000002,15,204.6,0.09219,39.9,0.09178
vgg19,0.05,1.7650000000000001,15,204.6,0.09219,39.9,0.09178
vgg19,0.05,2.0100000000000002,15,204.6,0.09219,39.9,0.09178
vgg19,0.05,2.255,15,204.6,0.09219,39.9,0.09178
vgg19,0.29500000000000004,0.05,15,204.6,0.09219,39.9,0.09178
vgg19,0.29500000000000004,0.29500000000000004,15,204.6,0.09219,39.9,0.09178
vgg19,0.29500000000000004,0.54,15,204.6,0.09219,39.9,0.09178
vgg19,0.29500000000000004,0.7850000000000001,15,204.6,0.09219,39.9,0.09178
vgg19,0.29500000000000004,1.03,15,204.6,0.09219,39.9,0.09178
vgg19,0.29500000000000004,1.2750000000000001,15,204.6,0.09219,39.9,0.09178
vgg19,0.29500000000000004,1.5200000000000002,15,204.6,0.09219,39.9,0.09178
vgg19,0.29500000000000004,1.7650000000000001,15,204.6,0.09219,39.9,0.09178
vgg19,0.29500000000000004,2.0100000000000002,15,204.6,0.09219,39.9,0.09178
vgg19,0.29500000000000004,2.255,15,204.6,0.09219,39.9,0.09178
vgg19,0.54,0.05,15,204.6,0.09219,39.9,0.09178
vgg19,0.54,0.29500000000000004,15,204.6,0.09219,39.9,0.09178
vgg19,0.54,0.54,15,204.6,0.09219,39.9,0.09178
vgg19,0.54,0.7850000000000001,15,204.6,0.09219,39.9,0.09178
vgg19,0.54,1.03,15,204.6,0.09219,39.9,0.09178
vgg19,0.54,1.2750000000000001,15,204.6,0.09219,39.9,0.09178
vgg19,0.54,1.5200000000000002,15,204.6,0.09219,39.9,0.09178
vgg19,0.54,1.7650000000000001,15,204.6,0.09219,39.9,0.09178
vgg19,0.54,2.0100000000000002,15,204.6,0.09219,39.9,0.09178
vgg19,0.54,2.255,15,204.6,0.09219,39.9,0.09178
vgg19,0.7850000000000001,0.05,15,204.6,0.09219,39.9,0.09178
vgg19,0.7850000000000001,0.29500000000000004,15,204.6,0.09219,39.9,0.09178
vgg19,0.7850000000000001,0.54,15,204.6,0.09219,16.4,0.09204000000000001
vgg19,0.7850000000000001,0.7850000000000001,15,204.6,0.09219,16.4,0.09204000000000001
vgg19,0.7850000000000001,1.03,15,204.6,0.09219,16.4,0.09204000000000001
vgg19,0.7850000000000001,1.2750000000000001,15,204.6,0.09219,16.4,0.09204000000000001
vgg19,0.7850000000000001,1.5200000000000002,15,204.6,0.09219,16.4,0.09204000000000001
vgg19,0.7850000000000001,1.7650000000000001,15,204.6,0.09219,16.4,0.09204000000000001
vgg19,0.7850000000000001,2.0100000000000002,15,204.6,0.09219,16.4,0.09204000000000001
vgg19,0.7850000000000001,2.255,15,204.6,0.09219,16.4,0.09204000000000001
vgg19,1.03,0.05,15,204.6,0.09219,39.9,0.09178
vgg19,1.03,0.29500000000000004,15,204.6,0.09219,39.9,0.09178
vgg19,1.03,0.54,15,204.6,0.09219,11.2,0.09152
vgg19,1.03,0.7850000000000001,15,204.6,0.09219,10.5,0.09151000000000001
vgg19,1.03,1.03,15,204.6,0.09219,10.5,0.09151000000000001
vgg19,1.03,1.2750000000000001,15,204.6,0.09219,9.8,0.09151000000000001
vgg19,1.03,1.5200000000000002,15,204.6,0.09219,9.8,0.09151000000000001
vgg19,1.03,1.7650000000000001,15,204.6,0.09219,9.8,0.09151000000000001
vgg19,1.03,2.0100000000000002,15,204.6,0.09219,9.8,0.09151000000000001
vgg19,1.03,2.255,15,204.6,0.09219,9.8,0.09151000000000001
vgg19,1.2750000000000001,0.05,15,204.6,0.09219,39.9,0.09178
vgg19,1.2750000000000001,0.29500000000000004,15,204.6,0.09219,39.9,0.09178
vgg19,1.2750000000000001,0.54,15,204.6,0.09219,11.2,0.09152
vgg19,1.2750000000000001,0.7850000000000001,15,204.6,0.09219,10.5,0.09151000000000001
vgg19,1.2750000000000001,1.03,15,204.6,0.09219,10.5,0.09151000000000001
vgg19,1.2750000000000001,1.2750000000000001,15,204.6,0.09219,9.8,0.09151000000000001
vgg19,1.2750000000000001,1.5200000000000002,15,204.6,0.09219,9.8,0.09151000000000001
vgg19,1.2750000000000001,1.7650000000000001,15,204.6,0.09219,9.8,0.09151000000000001
vgg19,1.2750000000000001,2.0100000000000002,15,204.6,0.09219,9.8,0.09151000000000001
vgg19,1.2750000000000001,2.255,15,204.6,0.09219,9.8,0.09151000000000001
vgg19,1.5200000000000002,0.05,15,204.6,0.09219,39.9,0.09178
vgg19,1.5200000000000002,0.29500000000000004,15,204.6,0.09219,39.9,0.09178
vgg19,1.5200000000000002,0.54,15,204.6,0.09219,11.2,0.09152
vgg19,1.5200000000000002,0.7850000000000001,15,204.6,0.09219,10.5,0.09151000000000001
vgg19,1.5200000000000002,1.03,15,204.6,0.09219,7.1,0.09118000000000001
vgg19,1.5200000000000002,1.2750000000000001,15,204.6,0.09219,7.1,0.09118000000000001
vgg19,1.5200000000000002,1.5200000000000002,15,204.6,0.09219,7.1,0.09118000000000001
vgg19,1.5200000000000002,1.7650000000000001,15,204.6,0.09219,7.1,0.09118000000000001
vgg19,1.5200000000000002,2.0100000000000002,15,204.6,0.09219,7.1,0.09118000000000001
vgg19,1.5200000000000002,2.255,15,204.6,0.09219,7.1,0.09118000000000001
vgg19,1.7650000000000001,0.05,15,204.6,0.09219,39.9,0.09178
vgg19,1.7650000000000001,0.29500000000000004,15,204.6,0.09219,39.9,0.09178
vgg19,1.7650000000000001,0.54,15,204.6,0.09219,11.2,0.09152
vgg19,1.7650000000000001,0.7850000000000001,15,204.6,0.09219,10.5,0.09151000000000001
vgg19,1.7650000000000001,1.03,15,204.6,0.09219,7.1,0.09118000000000001
vgg19,1.7650000000000001,1.2750000000000001,15,204.6,0.09219,7.1,0.09118000000000001
vgg19,1.7650000000000001,1.5200000000000002,15,204.6,0.09219,7.1,0.09118000000000001
vgg19,1.7650000000000001,1.7650000000000001,15,204.6,0.09219,7.1,0.09118000000000001
vgg19,1.7650000000000001,2.0100000000000002,15,204.6,0.09219,7.1,0.09118000000000001
vgg19,1.7650000000000001,2.255,15,204.6,0.09219,7.1,0.09118000000000001
vgg19,2.0100000000000002,0.05,15,204.6,0.09219,39.9,0.09178
vgg19,2.0100000000000002,0.29500000000000004,15,204.6,0.09219,39.9,0.09178
vgg19,2.0100000000000002,0.54,15,204.6,0.09219,11.2,0.09152
vgg19,2.0100000000000002,0.7850000000000001,15,204.6,0.09219,10.5,0.09151000000000001
vgg19,2.0100000000000002,1.03,15,204.6,0.09219,7.1,0.09118000000000001
vgg19,2.0100000000000002,1.2750000000000001,15,204.6,0.09219,7.1,0.09118000000000001
vgg19,2.0100000000000002,1.5200000000000002,15,204.6,0.09219,7.1,0.09118000000000001
vgg19,2.0100000000000002,1.7650000000000001,15,204.6,0.09219,7.1,0.09118000000000001
vgg19,2.0100000000000002,2.0100000000000002,15,204.6,0.09219,7.1,0.09118000000000001
vgg19,2.0100000000000002,2.255,15,204.6,0.09219,7.1,0.09118000000000001
vgg19,2.255,0.05,15,204.6,0.09219,39.9,0.09178
vgg19,2.255,0.29500000000000004,15,204.6,0.09219,39.9,0.09178
vgg19,2.255,0.54,15,204.6,0.09219,11.2,0.09152
vgg19,2.255,0.7850000000000001,15,204.6,0.09219,10.5,0.09151000000000001
vgg19,2.255,1.03,15,204.6,0.09219,7.1,0.09118000000000001
vgg19,2.255,1.2750000000000001,15,204.6,0.09219,7.1,0.09118000000000001
vgg19,2.255,1.5200000000000002,15,204.6,0.09219,7.1,0.09118000000000001
vgg19,2.255,1.7650000000000001,15,204.6,0.09219,7.1,0.09118000000000001
vgg19,2.255,2.0100000000000002,15,204.6,0.09219,7.1,0.09118000000000001
vgg19,2.255,2.255,15,204.6,0.09219,7.1,0.09118000000000001
vgg19,0.05,0.05,17,204.6,0.09219,39.9,0.09178
vgg19,0.05,0.29500000000000004,17,204.6,0.09219,39.9,0.09178
vgg19,0.05,0.54,17,204.6,0.09219,39.9,0.09178
vgg19,0.05,0.7850000000000001,17,204.6,0.09219,39.9,0.09178
vgg19,0.05,1.03,17,204.6,0.09219,39.9,0.09178
vgg19,0.05,1.2750000000000001,17,204.6,0.09219,39.9,0.09178
vgg19,0.05,1.5200000000000002,17,204.6,0.09219,39.9,0.09178
vgg19,0.05,1.7650000000000001,17,204.6,0.09219,39.9,0.09178
vgg19,0.05,2.0100000000000002,17,204.6,0.09219,39.9,0.09178
vgg19,0.05,2.255,17,204.6,0.09219,39.9,0.09178
vgg19,0.29500000000000004,0.05,17,204.6,0.09219,39.9,0.09178
vgg19,0.29500000000000004,0.29500000000000004,17,204.6,0.09219,39.9,0.09178
vgg19,0.29500000000000004,0.54,17,204.6,0.09219,39.9,0.09178
vgg19,0.29500000000000004,0.7850000000000001,17,204.6,0.09219,39.9,0.09178
vgg19,0.29500000000000004,1.03,17,204.6,0.09219,39.9,0.09178
vgg19,0.29500000000000004,1.2750000000000001,17,204.6,0.09219,39.9,0.09178
vgg19,0.29500000000000004,1.5200000000000002,17,204.6,0.09219,39.9,0.09178
vgg19,0.29500000000000004,1.7650000000000001,17,204.6,0.09219,39.9,0.09178
vgg19,0.29500000000000004,2.0100000000000002,17,204.6,0.09219,39.9,0.09178
vgg19,0.29500000000000004,2.255,17,204.6,0.09219,39.9,0.09178
vgg19,0.54,0.05,17,204.6,0.09219,39.9,0.09178
vgg19,0.54,0.29500000000000004,17,204.6,0.09219,39.9,0.09178
vgg19,0.54,0.54,17,204.6,0.09219,39.9,0.09178
vgg19,0.54,0.7850000000000001,17,204.6,0.09219,39.9,0.09178
vgg19,0.54,1.03,17,204.6,0.09219,39.9,0.09178
vgg19,0.54,1.2750000000000001,17,204.6,0.09219,39.9,0.09178
vgg19,0.54,1.5200000000000002,17,204.6,0.09219,39.9,0.09178
vgg19,0.54,1.7650000000000001,17,204.6,0.09219,39.9,0.09178
vgg19,0.54,2.0100000000000002,17,204.6,0.09219,39.9,0.09178
vgg19,0.54,2.255,17,204.6,0.09219,39.9,0.09178
vgg19,0.7850000000000001,0.05,17,204.6,0.09219,39.9,0.09178
vgg19,0.7850000000000001,0.29500000000000004,17,204.6,0.09219,39.9,0.09178
vgg19,0.7850000000000001,0.54,17,204.6,0.09219,39.9,0.09178
vgg19,0.7850000000000001,0.7850000000000001,17,204.6,0.09219,28.7,0.09219
vgg19,0.7850000000000001,1.03,17,204.6,0.09219,17.1,0.09204000000000001
vgg19,0.7850000000000001,1.2750000000000001,17,204.6,0.09219,17.1,0.09204000000000001
vgg19,0.7850000000000001,1.5200000000000002,17,204.6,0.09219,17.1,0.09204000000000001
vgg19,0.7850000000000001,1.7650000000000001,17,204.6,0.09219,17.1,0.09204000000000001
vgg19,0.7850000000000001,2.0100000000000002,17,204.6,0.09219,17.1,0.09204000000000001
vgg19,0.7850000000000001,2.255,17,204.6,0.09219,17.1,0.09204000000000001
vgg19,1.03,0.05,17,204.6,0.09219,39.9,0.09178
vgg19,1.03,0.29500000000000004,17,204.6,0.09219,16.5,0.09204000000000001
vgg19,1.03,0.54,17,204.6,0.09219,11.2,0.09152
vgg19,1.03,0.7850000000000001,17,204.6,0.09219,10.7,0.09151000000000001
vgg19,1.03,1.03,17,204.6,0.09219,10.0,0.09151000000000001
vgg19,1.03,1.2750000000000001,17,204.6,0.09219,10.0,0.09151000000000001
vgg19,1.03,1.5200000000000002,17,204.6,0.09219,10.0,0.09151000000000001
vgg19,1.03,1.7650000000000001,17,204.6,0.09219,10.0,0.09151000000000001
vgg19,1.03,2.0100000000000002,17,204.6,0.09219,10.0,0.09151000000000001
vgg19,1.03,2.255,17,204.6,0.09219,10.0,0.09151000000000001
vgg19,1.2750000000000001,0.05,17,204.6,0.09219,39.9,0.09178
vgg19,1.2750000000000001,0.29500000000000004,17,204.6,0.09219,16.5,0.09204000000000001
vgg19,1.2750000000000001,0.54,17,204.6,0.09219,11.2,0.09152
vgg19,1.2750000000000001,0.7850000000000001,17,204.6,0.09219,10.7,0.09151000000000001
vgg19,1.2750000000000001,1.03,17,204.6,0.09219,10.0,0.09151000000000001
vgg19,1.2750000000000001,1.2750000000000001,17,204.6,0.09219,10.0,0.09151000000000001
vgg19,1.2750000000000001,1.5200000000000002,17,204.6,0.09219,10.0,0.09151000000000001
vgg19,1.2750000000000001,1.7650000000000001,17,204.6,0.09219,10.0,0.09151000000000001
vgg19,1.2750000000000001,2.0100000000000002,17,204.6,0.09219,10.0,0.09151000000000001
vgg19,1.2750000000000001,2.255,17,204.6,0.09219,10.0,0.09151000000000001
vgg19,1.5200000000000002,0.05,17,204.6,0.09219,39.9,0.09178
vgg19,1.5200000000000002,0.29500000000000004,17,204.6,0.09219,16.5,0.09204000000000001
vgg19,1.5200000000000002,0.54,17,204.6,0.09219,11.2,0.09152
vgg19,1.5200000000000002,0.7850000000000001,17,204.6,0.09219,10.7,0.09151000000000001
vgg19,1.5200000000000002,1.03,17,204.6,0.09219,10.0,0.09151000000000001
vgg19,1.5200000000000002,1.2750000000000001,17,204.6,0.09219,10.0,0.09151000000000001
vgg19,1.5200000000000002,1.5200000000000002,17,204.6,0.09219,10.0,0.09151000000000001
vgg19,1.5200000000000002,1.7650000000000001,17,204.6,0.09219,10.0,0.09151000000000001
vgg19,1.5200000000000002,2.0100000000000002,17,204.6,0.09219,10.0,0.09151000000000001
vgg19,1.5200000000000002,2.255,17,204.6,0.09219,10.0,0.09151000000000001
vgg19,1.7650000000000001,0.05,17,204.6,0.09219,39.9,0.09178
vgg19,1.7650000000000001,0.29500000000000004,17,204.6,0.09219,16.5,0.09204000000000001
vgg19,1.7650000000000001,0.54,17,204.6,0.09219,11.2,0.09152
vgg19,1.7650000000000001,0.7850000000000001,17,204.6,0.09219,10.7,0.09151000000000001
vgg19,1.7650000000000001,1.03,17,204.6,0.09219,7.3,0.09118000000000001
vgg19,1.7650000000000001,1.2750000000000001,17,204.6,0.09219,7.3,0.09118000000000001
vgg19,1.7650000000000001,1.5200000000000002,17,204.6,0.09219,7.3,0.09118000000000001
vgg19,1.7650000000000001,1.7650000000000001,17,204.6,0.09219,7.3,0.09118000000000001
vgg19,1.7650000000000001,2.0100000000000002,17,204.6,0.09219,7.3,0.09118000000000001
vgg19,1.7650000000000001,2.255,17,204.6,0.09219,7.3,0.09118000000000001
vgg19,2.0100000000000002,0.05,17,204.6,0.09219,39.9,0.09178
vgg19,2.0100000000000002,0.29500000000000004,17,204.6,0.09219,16.5,0.09204000000000001
vgg19,2.0100000000000002,0.54,17,204.6,0.09219,11.2,0.09152
vgg19,2.0100000000000002,0.7850000000000001,17,204.6,0.09219,10.7,0.09151000000000001
vgg19,2.0100000000000002,1.03,17,204.6,0.09219,7.3,0.09118000000000001
vgg19,2.0100000000000002,1.2750000000000001,17,204.6,0.09219,7.3,0.09118000000000001
vgg19,2.0100000000000002,1.5200000000000002,17,204.6,0.09219,7.3,0.09118000000000001
vgg19,2.0100000000000002,1.7650000000000001,17,204.6,0.09219,7.3,0.09118000000000001
vgg19,2.0100000000000002,2.0100000000000002,17,204.6,0.09219,7.3,0.09118000000000001
vgg19,2.0100000000000002,2.255,17,204.6,0.09219,7.3,0.09118000000000001
vgg19,2.255,0.05,17,204.6,0.09219,39.9,0.09178
vgg19,2.255,0.29500000000000004,17,204.6,0.09219,16.5,0.09204000000000001
vgg19,2.255,0.54,17,204.6,0.09219,11.2,0.09152
vgg19,2.255,0.7850000000000001,17,204.6,0.09219,10.7,0.09151000000000001
vgg19,2.255,1.03,17,204.6,0.09219,7.3,0.09118000000000001
vgg19,2.255,1.2750000000000001,17,204.6,0.09219,7.3,0.09118000000000001
vgg19,2.255,1.5200000000000002,17,204.6,0.09219,7.3,0.09118000000000001
vgg19,2.255,1.7650000000000001,17,204.6,0.09219,7.3,0.09118000000000001
vgg19,2.255,2.0100000000000002,17,204.6,0.09219,7.3,0.09118000000000001
vgg19,2.255,2.255,17,204.6,0.09219,7.3,0.09118000000000001
vgg19,0.05,0.05,19,204.6,0.09219,39.9,0.09178
vgg19,0.05,0.29500000000000004,19,204.6,0.09219,39.9,0.09178
vgg19,0.05,0.54,19,204.6,0.09219,39.9,0.09178
vgg19,0.05,0.7850000000000001,19,204.6,0.09219,39.9,0.09178
vgg19,0.05,1.03,19,204.6,0.09219,39.9,0.09178
vgg19,0.05,1.2750000000000001,19,204.6,0.09219,39.9,0.09178
vgg19,0.05,1.5200000000000002,19,204.6,0.09219,39.9,0.09178
vgg19,0.05,1.7650000000000001,19,204.6,0.09219,39.9,0.09178
vgg19,0.05,2.0100000000000002,19,204.6,0.09219,39.9,0.09178
vgg19,0.05,2.255,19,204.6,0.09219,39.9,0.09178
vgg19,0.29500000000000004,0.05,19,204.6,0.09219,39.9,0.09178
vgg19,0.29500000000000004,0.29500000000000004,19,204.6,0.09219,39.9,0.09178
vgg19,0.29500000000000004,0.54,19,204.6,0.09219,39.9,0.09178
vgg19,0.29500000000000004,0.7850000000000001,19,204.6,0.09219,39.9,0.09178
vgg19,0.29500000000000004,1.03,19,204.6,0.09219,39.9,0.09178
vgg19,0.29500000000000004,1.2750000000000001,19,204.6,0.09219,39.9,0.09178
vgg19,0.29500000000000004,1.5200000000000002,19,204.6,0.09219,39.9,0.09178
vgg19,0.29500000000000004,1.7650000000000001,19,204.6,0.09219,39.9,0.09178
vgg19,0.29500000000000004,2.0100000000000002,19,204.6,0.09219,39.9,0.09178
vgg19,0.29500000000000004,2.255,19,204.6,0.09219,39.9,0.09178
vgg19,0.54,0.05,19,204.6,0.09219,39.9,0.09178
vgg19,0.54,0.29500000000000004,19,204.6,0.09219,39.9,0.09178
vgg19,0.54,0.54,19,204.6,0.09219,39.9,0.09178
vgg19,0.54,0.7850000000000001,19,204.6,0.09219,39.9,0.09178
vgg19,0.54,1.03,19,204.6,0.09219,39.9,0.09178
vgg19,0.54,1.2750000000000001,19,204.6,0.09219,39.9,0.09178
vgg19,0.54,1.5200000000000002,19,204.6,0.09219,39.9,0.09178
vgg19,0.54,1.7650000000000001,19,204.6,0.09219,39.9,0.09178
vgg19,0.54,2.0100000000000002,19,204.6,0.09219,39.9,0.09178
vgg19,0.54,2.255,19,204.6,0.09219,39.9,0.09178
vgg19,0.7850000000000001,0.05,19,204.6,0.09219,39.9,0.09178
vgg19,0.7850000000000001,0.29500000000000004,19,204.6,0.09219,16.4,0.09204000000000001
vgg19,0.7850000000000001,0.54,19,204.6,0.09219,16.4,0.09204000000000001
vgg19,0.7850000000000001,0.7850000000000001,19,204.6,0.09219,16.4,0.09204000000000001
vgg19,0.7850000000000001,1.03,19,204.6,0.09219,16.4,0.09204000000000001
vgg19,0.7850000000000001,1.2750000000000001,19,204.6,0.09219,16.4,0.09204000000000001
vgg19,0.7850000000000001,1.5200000000000002,19,204.6,0.09219,16.4,0.09204000000000001
vgg19,0.7850000000000001,1.7650000000000001,19,204.6,0.09219,16.4,0.09204000000000001
vgg19,0.7850000000000001,2.0100000000000002,19,204.6,0.09219,16.4,0.09204000000000001
vgg19,0.7850000000000001,2.255,19,204.6,0.09219,16.4,0.09204000000000001
vgg19,1.03,0.05,19,204.6,0.09219,39.9,0.09178
vgg19,1.03,0.29500000000000004,19,204.6,0.09219,11.5,0.09152
vgg19,1.03,0.54,19,204.6,0.09219,11.3,0.09152
vgg19,1.03,0.7850000000000001,19,204.6,0.09219,10.5,0.09151000000000001
vgg19,1.03,1.03,19,204.6,0.09219,10.2,0.09151000000000001
vgg19,1.03,1.2750000000000001,19,204.6,0.09219,10.2,0.09151000000000001
vgg19,1.03,1.5200000000000002,19,204.6,0.09219,10.2,0.09151000000000001
vgg19,1.03,1.7650000000000001,19,204.6,0.09219,10.2,0.09151000000000001
vgg19,1.03,2.0100000000000002,19,204.6,0.09219,10.2,0.09151000000000001
vgg19,1.03,2.255,19,204.6,0.09219,10.2,0.09151000000000001
vgg19,1.2750000000000001,0.05,19,204.6,0.09219,39.9,0.09178
vgg19,1.2750000000000001,0.29500000000000004,19,204.6,0.09219,11.5,0.09152
vgg19,1.2750000000000001,0.54,19,204.6,0.09219,11.3,0.09152
vgg19,1.2750000000000001,0.7850000000000001,19,204.6,0.09219,10.5,0.09151000000000001
vgg19,1.2750000000000001,1.03,19,204.6,0.09219,10.2,0.09151000000000001
vgg19,1.2750000000000001,1.2750000000000001,19,204.6,0.09219,10.2,0.09151000000000001
vgg19,1.2750000000000001,1.5200000000000002,19,204.6,0.09219,10.2,0.09151000000000001
vgg19,1.2750000000000001,1.7650000000000001,19,204.6,0.09219,10.2,0.09151000000000001
vgg19,1.2750000000000001,2.0100000000000002,19,204.6,0.09219,10.2,0.09151000000000001
vgg19,1.2750000000000001,2.255,19,204.6,0.09219,10.2,0.09151000000000001
vgg19,1.5200000000000002,0.05,19,204.6,0.09219,39.9,0.09178
vgg19,1.5200000000000002,0.29500000000000004,19,204.6,0.09219,11.5,0.09152
vgg19,1.5200000000000002,0.54,19,204.6,0.09219,11.3,0.09152
vgg19,1.5200000000000002,0.7850000000000001,19,204.6,0.09219,10.5,0.09151000000000001
vgg19,1.5200000000000002,1.03,19,204.6,0.09219,10.2,0.09151000000000001
vgg19,1.5200000000000002,1.2750000000000001,19,204.6,0.09219,10.2,0.09151000000000001
vgg19,1.5200000000000002,1.5200000000000002,19,204.6,0.09219,10.2,0.09151000000000001
vgg19,1.5200000000000002,1.7650000000000001,19,204.6,0.09219,10.2,0.09151000000000001
vgg19,1.5200000000000002,2.0100000000000002,19,204.6,0.09219,10.2,0.09151000000000001
vgg19,1.5200000000000002,2.255,19,204.6,0.09219,10.2,0.09151000000000001
vgg19,1.7650000000000001,0.05,19,204.6,0.09219,39.9,0.09178
vgg19,1.7650000000000001,0.29500000000000004,19,204.6,0.09219,11.5,0.09152
vgg19,1.7650000000000001,0.54,19,204.6,0.09219,11.3,0.09152
vgg19,1.7650000000000001,0.7850000000000001,19,204.6,0.09219,10.5,0.09151000000000001
vgg19,1.7650000000000001,1.03,19,204.6,0.09219,10.2,0.09151000000000001
vgg19,1.7650000000000001,1.2750000000000001,19,204.6,0.09219,10.2,0.09151000000000001
vgg19,1.7650000000000001,1.5200000000000002,19,204.6,0.09219,10.2,0.09151000000000001
vgg19,1.7650000000000001,1.7650000000000001,19,204.6,0.09219,10.2,0.09151000000000001
vgg19,1.7650000000000001,2.0100000000000002,19,204.6,0.09219,10.2,0.09151000000000001
vgg19,1.7650000000000001,2.255,19,204.6,0.09219,10.2,0.09151000000000001
vgg19,2.0100000000000002,0.05,19,204.6,0.09219,39.9,0.09178
vgg19,2.0100000000000002,0.29500000000000004,19,204.6,0.09219,11.5,0.09152
vgg19,2.0100000000000002,0.54,19,204.6,0.09219,11.3,0.09152
vgg19,2.0100000000000002,0.7850000000000001,19,204.6,0.09219,10.5,0.09151000000000001
vgg19,2.0100000000000002,1.03,19,204.6,0.09219,10.2,0.09151000000000001
vgg19,2.0100000000000002,1.2750000000000001,19,204.6,0.09219,7.5,0.09118000000000001
vgg19,2.0100000000000002,1.5200000000000002,19,204.6,0.09219,7.5,0.09118000000000001
vgg19,2.0100000000000002,1.7650000000000001,19,204.6,0.09219,7.5,0.09118000000000001
vgg19,2.0100000000000002,2.0100000000000002,19,204.6,0.09219,7.5,0.09118000000000001
vgg19,2.0100000000000002,2.255,19,204.6,0.09219,7.5,0.09118000000000001
vgg19,2.255,0.05,19,204.6,0.09219,39.9,0.09178
vgg19,2.255,0.29500000000000004,19,204.6,0.09219,11.5,0.09152
vgg19,2.255,0.54,19,204.6,0.09219,11.3,0.09152
vgg19,2.255,0.7850000000000001,19,204.6,0.09219,10.5,0.09151000000000001
vgg19,2.255,1.03,19,204.6,0.09219,10.2,0.09151000000000001
vgg19,2.255,1.2750000000000001,19,204.6,0.09219,4.0,0.09009999999999999
vgg19,2.255,1.5200000000000002,19,204.6,0.09219,4.0,0.09009999999999999
vgg19,2.255,1.7650000000000001,19,204.6,0.09219,4.0,0.09009999999999999
vgg19,2.255,2.0100000000000002,19,204.6,0.09219,4.0,0.09009999999999999
vgg19,2.255,2.255,19,204.6,0.09219,4.0,0.09009999999999999
