0,1.357329673169519,0.50674,1.0514062023162842,63.2
1,0.7752544832656451,0.72612,0.8958808064460755,71.06
2,0.5731351121764658,0.80158,0.8316522800922393,73.43
3,0.46227031408825797,0.83886,0.6253883796930313,79.69
4,0.39011342983569025,0.8654,0.5581505113840103,82.48
5,0.34002062979409153,0.88256,0.8201408874988556,74.92
6,0.29639943271799163,0.89816,0.636471896469593,80.72
7,0.2592017876979945,0.9104,1.1896513003110885,69.81
8,0.23015635525402817,0.919,0.642849723994732,81.18
9,0.20479733548353396,0.92934,0.47664518401026723,86.16
10,0.18294479343516137,0.9367,0.6231851130723953,83.49
11,0.16084468076982156,0.94368,0.5973798322677613,84.28
12,0.15187281389218157,0.94752,0.8795466184616089,78.56
13,0.13286519585096318,0.95452,0.46231918171048164,87.13
14,0.11762730372340782,0.9592,0.5710597689449787,85.45
15,0.10618160466384857,0.96236,0.5901219277083873,85.32
16,0.09398350501171006,0.96722,0.3700470207631588,89.78
17,0.0884375820493759,0.9698,0.9224546548724174,80.84
18,0.08342351423828956,0.97106,0.955648555457592,81.54
19,0.07877735973900313,0.97286,0.4214394016563892,89.21
20,0.06383480649451008,0.97806,0.45183614179492,88.66
21,0.0596002610686147,0.97916,0.5591012385487556,87.35
22,0.056858349959497026,0.98088,0.5616376298666,87.32
23,0.05283156355433261,0.98162,0.41436619736254215,90.1
24,0.04678331435565144,0.98392,0.5654418592154979,87.82
25,0.047346172595868256,0.98362,0.5908532890677453,88.02
26,0.041814163613045005,0.9856,0.7184958010911942,84.97
27,0.04171244171805337,0.9853,0.4183044112473726,90.47
28,0.04012832887080091,0.98588,0.5925618154555559,87.63
29,0.02930489032114844,0.99012,0.5430864118039608,88.62
30,0.03365881829713102,0.98894,0.4276349935680628,90.77
31,0.032239308904992214,0.98882,0.5300004314631224,89.6
32,0.02622090715288525,0.99128,0.5839953378587961,88.44
33,0.02397963638081575,0.99186,0.4990858802199364,89.46
34,0.023921311414047904,0.99194,0.5185972636193037,89.91
35,0.02262045056699082,0.99232,0.5504499763250351,89.49
36,0.01889665071528567,0.99342,0.46522993803024293,90.27
37,0.018353896483521707,0.99418,0.5086413689702749,89.9
38,0.0219186755755316,0.99216,0.4996834177523851,90.27
39,0.024557692523393064,0.99184,0.4515895499289036,91.07
40,0.02032547509666923,0.99312,0.4409796831011772,91.01
41,0.01984915545101866,0.9934,0.5598790608346462,89.62
42,0.020922413356054353,0.99274,0.4151053480803967,91.41
43,0.019437541655884683,0.99334,0.46676408290863036,91.24
44,0.013568678144615648,0.9956,0.4654656291007996,90.95
45,0.013407537069715335,0.9956,0.5704817976802588,89.31
46,0.016018302921015803,0.9944,0.4583337540179491,91.47
47,0.011520663328381562,0.9963,0.41904293060302733,91.74
48,0.01327993356398857,0.99574,0.4253859961405396,91.26
49,0.011532052895045289,0.99652,0.4493750691413879,91.2
50,0.01064237599145583,0.99662,0.4412572871893644,91.39
51,0.01015938204676544,0.99662,0.429328608289361,91.72
52,0.0068777907767620106,0.9978,0.42762824550271034,92.09
53,0.010950426864305265,0.99626,0.4700716170668602,91.37
54,0.010347934887947543,0.9963,0.4305810581892729,92.06
55,0.01146121159263784,0.9963,0.5912331943958997,90.16
56,0.009865045386707157,0.9969,0.4266453044116497,92.2
57,0.010780428191381947,0.99634,0.5076149627566338,90.88
58,0.011400951664624473,0.99604,0.4597182684019208,91.38
59,0.008854108386645642,0.99708,0.45078954368829727,91.59
60,0.008060905571846539,0.99708,0.4300376285612583,91.83
61,0.005745800145592986,0.99832,0.4433176792412996,91.94
62,0.004880596402525792,0.9986,0.42115374468266964,92.26
63,0.006060231267712782,0.99814,0.4556041005067527,91.61
64,0.006088568777491427,0.99826,0.4487225969880819,92.06
65,0.006376751356202078,0.99794,0.5242911724746228,90.73
66,0.008977852929185522,0.99696,0.4575392320752144,91.69
67,0.007200743265971339,0.99792,0.5328485019877554,91.11
68,0.008534098689420842,0.9972,0.4759139208495617,91.36
69,0.008905385388545227,0.997,0.4701243695616722,91.57
70,0.00895401994470576,0.99704,0.6356698375940323,89.12
71,0.00800928110247859,0.99744,0.5761319252848626,90.32
72,0.008066604260655651,0.9973,0.42590736150741576,92.55
73,0.005641432677819471,0.99828,0.4412605158239603,92.3
74,0.007676572572147233,0.99744,0.47025035552680494,91.76
75,0.007647922458907213,0.99746,0.5373030896484852,91.2
76,0.0046582604614820375,0.99846,0.4507400064915419,92.09
77,0.0057729543961399675,0.99814,0.4270781737565994,92.41
78,0.00486635701976704,0.99852,0.4950568576157093,91.68
79,0.005568642351005817,0.99822,0.443761525452137,92.3
80,0.004662589804256571,0.99842,0.43185718432068826,92.45
81,0.003944966143763521,0.9987,0.45746067505329846,92.26
82,0.008209119511433565,0.99726,0.4681683924794197,92.07
83,0.007619791395921746,0.99746,0.4639134001731873,92.0
84,0.00767262329437795,0.9977,0.48239526681602,91.9
85,0.007872381918922054,0.99758,0.5501793897151948,90.88
86,0.005043008134381332,0.99824,0.4256680873036385,92.55
87,0.003623824995363166,0.99884,0.4718307860940695,92.27
88,0.003961074243727958,0.99858,0.4484034482389688,92.41
89,0.0036732558013416964,0.99884,0.4754651118069887,91.86
90,0.003512217718086627,0.99904,0.49130358450114725,91.87
91,0.0047022711482070075,0.9984,0.4867504243552685,92.02
92,0.005839319408290571,0.99812,0.47467426881194114,92.06
93,0.004819802424620034,0.9985,0.4483477418869734,92.31
94,0.00389179924357338,0.9989,0.45220681538805363,92.6
95,0.0034230538071068437,0.99894,0.49115326572209594,92.1
96,0.003059734784299582,0.99918,0.49816527251154186,91.92
97,0.0024069846767350547,0.9993,0.4902786173671484,92.25
98,0.002430737341895452,0.9992,0.4624395069759339,92.61
99,0.0029551691986853257,0.999,0.46655460007488725,92.47
100,0.0021785145941799443,0.99928,0.4438000316917896,92.56
101,0.0031728892029388722,0.99904,0.4687898413464427,92.16
102,0.004163015321736871,0.99864,0.4556576756481081,92.28
103,0.004523681190828501,0.99844,0.4721961436420679,92.1
104,0.0029076145901179473,0.99922,0.43875183679163454,92.63
105,0.004165743337780394,0.99868,0.4553404063731432,92.19
106,0.0027408326310911744,0.9992,0.44833910185843706,92.29
107,0.0025065071788230387,0.9993,0.44343436259776353,92.6
108,0.0025157693020716283,0.99924,0.5126054120063782,91.86
109,0.002496852571342286,0.99928,0.43994209960103037,92.63
110,0.002562659967541391,0.99932,0.4685089355707169,92.32
111,0.0023736331472381748,0.99932,0.4460790453851223,92.39
112,0.0029438893804681334,0.99916,0.4828617397323251,91.9
113,0.002046490485761407,0.99944,0.4396084476262331,92.49
114,0.0019109066240773822,0.9994,0.441071386449039,92.73
115,0.001819128812084694,0.99946,0.44601162899285557,92.48
116,0.0017822048397079888,0.99936,0.4542837082594633,92.56
117,0.0009681658322077758,0.99984,0.42867516361176966,92.92
118,0.0015816343302108378,0.99954,0.4620337662100792,92.55
119,0.000978957276798666,0.99974,0.4499923334829509,92.7
120,0.001378647947164267,0.99956,0.4638494970649481,92.5
121,0.0017393999301823309,0.99952,0.44564153645187615,92.78
122,0.001864614953455763,0.99944,0.48686292484402655,92.35
123,0.0019544835748888253,0.99942,0.447786948941648,92.79
124,0.001704291961121741,0.9994,0.46209200158715247,92.67
125,0.002347891424417697,0.9992,0.479409356340766,92.42
126,0.0012385295717777503,0.9996,0.4578643485158682,92.94
127,0.0010968004431384203,0.99968,0.46470192989334463,92.72
128,0.001448595909880071,0.99966,0.48923062831163405,92.42
129,0.001846329560725085,0.99952,0.4805736117810011,92.39
130,0.001168366487164044,0.9997,0.48239588998258115,92.34
131,0.002985415884939222,0.99902,0.5536490124464035,91.65
132,0.0022783483039247607,0.99922,0.468321340829134,92.58
133,0.0018580824482732775,0.99954,0.4624558601900935,92.55
134,0.0018702319275317489,0.99938,0.48524003367871044,92.42
135,0.0012875845599680065,0.99972,0.47491655506193636,92.45
136,0.0013511135523534103,0.99954,0.5488876707106829,91.79
137,0.0014797025074943905,0.99968,0.46900170147418974,92.55
138,0.0008154254082933744,0.99978,0.4459257028531283,92.75
139,0.0011485376257835125,0.9996,0.45262122658081355,92.72
140,0.0008421139632481175,0.99982,0.44209393702447414,92.94
141,0.0005313550715105344,0.9999,0.4626632832735777,92.65
142,0.0004351204006490331,0.99996,0.44052915865555403,93.15
143,0.0009357713395245838,0.9998,0.5280961727723479,91.82
144,0.0006095928632921432,0.99988,0.45404458306729795,93.07
145,0.0003642989209356412,0.99994,0.44090474602766333,93.21
146,0.00048709419574700935,0.99988,0.45112073976546524,93.13
147,0.00037169893097193366,0.99994,0.45210574205964804,93.11
148,0.0003161977393572163,0.99998,0.45016383633948864,92.96
149,0.0002885338390632618,0.99994,0.4303643286973238,93.08
150,0.0001623028518107134,1.0,0.43135322966612877,93.18
151,0.0002524060815244818,1.0,0.4639138714596629,92.95
152,0.0002505354431345217,1.0,0.44220766277983786,93.2
153,0.0003114721409615169,0.9999,0.44690627039410175,93.18
154,0.00034435838532681604,0.99994,0.45578245582059024,92.98
155,0.00027122363623193987,0.99996,0.4475367320887744,92.99
156,0.0002653318778987427,0.99996,0.44712032411247493,93.12
157,0.00019990425508942624,1.0,0.4463150927051902,93.13
158,0.0002676808537985624,0.99992,0.44658292644657194,93.11
159,0.0003534169676963047,0.99988,0.4443581784889102,93.03
160,0.00014777506965499393,1.0,0.43816885706037284,93.28
161,0.00014287211120981948,1.0,0.43794267542660237,93.21
162,8.06325325732399e-05,1.0,0.4452800807543099,93.18
163,0.00013192693956103386,1.0,0.4410196798853576,93.23
164,0.00011582692397898841,1.0,0.4418211109004915,93.26
165,0.00019719638508596915,0.99994,0.4406782283075154,93.12
166,0.00014339528385290948,0.99998,0.4380976285599172,93.16
167,0.00014132952122430944,0.99998,0.4403132677450776,93.07
168,0.000146179407192729,1.0,0.44151302633807066,93.33
169,0.00014724655995481268,0.99996,0.46655033107846977,92.94
170,9.87471743018062e-05,1.0,0.4495029301568866,93.03
171,0.00011987287678010062,0.99998,0.4469762053526938,93.13
172,0.00015737749100112186,0.99998,0.43970856914296746,93.3
173,9.836967362907974e-05,1.0,0.44127799371257426,93.1
174,7.379546631655057e-05,1.0,0.43775886680930853,93.14
175,0.00025553087754921186,0.99992,0.44730589462444187,93.02
176,0.0003861523439645401,0.99988,0.4656507441401482,92.88
177,0.00018189610749549598,1.0,0.44944306433200837,93.02
178,0.00012703563818534016,1.0,0.45218867763876913,93.0
179,0.00012260264993366012,0.99998,0.44510901503264905,93.04
180,7.046158780625742e-05,1.0,0.4498720386251807,93.06
181,9.294070021838669e-05,1.0,0.44760574348270893,93.1
182,0.00010479062597668094,1.0,0.4483011759072542,92.98
183,0.000110595300090563,1.0,0.45066311046481133,93.1
184,0.00011086271920574342,0.99998,0.45475115936249494,93.06
185,8.011097071185059e-05,1.0,0.4489967827498913,93.17
186,0.00010902372817916055,0.99998,0.46001762207597496,92.85
187,8.465876652609852e-05,1.0,0.4495580304041505,93.09
188,7.182742299008174e-05,1.0,0.45062579659745094,92.99
189,8.004437042980084e-05,1.0,0.4494159875623882,93.07
190,0.00010195550952842256,1.0,0.4538513923808932,93.09
191,8.129642760283956e-05,0.99998,0.44768329575657845,93.18
192,0.00018147321873333372,0.99994,0.46018048994243144,92.98
193,0.00024020192886429096,0.99996,0.46434957295656204,93.03
194,0.00014240556869599854,0.99996,0.46229379665106535,93.13
195,9.783193064738772e-05,1.0,0.45770494394004346,93.07
196,8.143686112592329e-05,1.0,0.4756600322201848,92.95
197,0.00012168896473621179,0.99996,0.46488320564851165,93.16
198,0.00017241855908049615,0.99996,0.46091207664459943,93.22
199,9.575952566961288e-05,1.0,0.4615315222367644,93.28
200,8.315640700216496e-05,1.0,0.4614151851087809,93.36
201,9.114357987052228e-05,0.99998,0.460149983484298,93.26
202,7.686163584788042e-05,1.0,0.4571706895902753,93.26
203,5.824629786981726e-05,1.0,0.4575220859050751,93.28
204,4.3291158545877764e-05,1.0,0.45459939748048783,93.2
205,0.00019983651793638245,0.99996,0.45907778101041913,93.17
206,8.754929044166567e-05,1.0,0.46059074725955723,93.29
207,5.964748395213425e-05,1.0,0.4592615659534931,93.18
208,0.00010939911747840006,1.0,0.4598483101464808,93.08
209,0.00010559710567943342,1.0,0.45424689780920746,93.09
210,5.064571432074356e-05,1.0,0.44782415790483354,93.06
211,6.782100667323274e-05,1.0,0.4584438445419073,93.11
212,6.687927739056044e-05,1.0,0.45545533366501334,93.14
213,7.31722841005544e-05,1.0,0.46120138742029665,93.12
214,8.116066324731937e-05,1.0,0.4612651575729251,93.13
215,5.833480064296373e-05,1.0,0.45341870330274103,93.26
216,6.758887144324244e-05,1.0,0.4615722667425871,93.18
217,6.767522157370759e-05,1.0,0.45975377012044194,93.18
218,0.00019298308208740274,0.99994,0.4779572353884578,93.3
219,8.117732979035677e-05,1.0,0.4724261131137609,93.13
220,7.811924457527034e-05,0.99998,0.4804032218083739,93.0
221,0.00021034752114265266,0.99996,0.4848008731752634,92.89
222,0.00014102928906197722,0.99998,0.4749737621843815,93.01
223,0.00010302047093571213,1.0,0.47383792135864494,93.09
224,0.00014101829166749593,0.99994,0.46783865682780745,93.09
225,7.557861901753841e-05,1.0,0.46458245020359756,93.1
226,7.351118691342744e-05,1.0,0.4658585473150015,93.06
227,7.340257607757869e-05,1.0,0.46047420661896465,93.16
228,6.33496993307662e-05,1.0,0.4608524791523814,93.23
229,9.088455618477564e-05,0.99998,0.4636032029055059,93.21
230,0.00012030679736568354,0.99996,0.461687252279371,93.16
231,7.610089546234375e-05,1.0,0.4592805213481188,93.21
232,0.00010570942585962052,0.99998,0.4588309962954372,93.16
233,6.844855450290452e-05,1.0,0.4543693589884788,93.15
234,8.473119893042073e-05,0.99998,0.4554612318985164,93.19
235,9.198778992928507e-05,0.99998,0.46012440940365196,93.17
236,4.896608922487695e-05,1.0,0.4570868633687496,93.16
237,5.307573612689946e-05,1.0,0.4599226402491331,93.08
238,6.577074016444829e-05,1.0,0.45738724583759904,93.23
239,6.012106924190669e-05,1.0,0.46026687897741797,93.27
240,7.498784831681442e-05,0.99998,0.47196003832854333,93.08
241,8.625586532764287e-05,1.0,0.4654174367710948,93.15
242,7.476064551530512e-05,1.0,0.47212106274440885,93.11
243,7.863139089799323e-05,0.99998,0.4579626250639558,93.29
244,8.964868582190595e-05,1.0,0.4685172013565898,93.23
245,0.00018713292810827712,0.99996,0.46695847576484084,93.14
246,8.415179017439812e-05,1.0,0.4690968790836632,93.14
247,7.104211607335212e-05,1.0,0.46236904911696913,93.27
248,6.344644295464707e-05,1.0,0.4594196477718651,93.38
249,6.824910941732549e-05,0.99998,0.454261440616101,93.27
250,4.607065866200878e-05,1.0,0.4498307173792273,93.42
251,6.530483883341596e-05,0.99998,0.46244695452973245,93.16
252,6.553636366249202e-05,1.0,0.4579935848712921,93.31
253,5.1485237288820326e-05,1.0,0.45904898492619395,93.38
254,3.759702730819539e-05,1.0,0.4581680749449879,93.41
255,7.778621734328075e-05,1.0,0.4557488351780921,93.38
256,4.024416660681802e-05,1.0,0.45495610559359195,93.32
257,5.422015142398556e-05,1.0,0.4537142086960375,93.37
258,0.00012776954811547013,0.99996,0.4599999106861651,93.36
259,6.997762617916902e-05,0.99998,0.4640247873961926,93.21
260,4.58265923637385e-05,1.0,0.4641190542653203,93.27
261,6.29980089144419e-05,1.0,0.4608015830628574,93.32
262,2.7173836398426195e-05,1.0,0.4592876213043928,93.31
263,2.723987322343021e-05,1.0,0.4588499195314944,93.33
264,3.44310209859277e-05,1.0,0.46131642382591964,93.25
265,3.115233442853507e-05,1.0,0.461429342282936,93.39
266,2.7394498936670745e-05,1.0,0.45849157297052445,93.39
267,2.7132227929603482e-05,1.0,0.4587784241233021,93.31
268,2.746364024936754e-05,1.0,0.45786248131655155,93.4
269,2.6291318880116227e-05,1.0,0.45752798509784043,93.37
270,2.2039607832920806e-05,1.0,0.4605731178633869,93.35
271,2.0635494359890926e-05,1.0,0.4584892646968365,93.37
272,3.003462281003987e-05,1.0,0.4552916344348341,93.42
273,2.20796548038685e-05,1.0,0.45878686065785584,93.36
274,2.3185127661166254e-05,1.0,0.4525634707976133,93.33
275,2.6693360193184937e-05,1.0,0.4537799038179219,93.3
276,1.691442163223539e-05,1.0,0.45383163237944246,93.36
277,2.026888161648588e-05,1.0,0.4544629854336381,93.35
278,2.355157478763596e-05,1.0,0.45620079202577474,93.44
279,1.8437127713285548e-05,1.0,0.45526427077129483,93.41
280,2.2518338964120556e-05,1.0,0.45598054450005293,93.43
281,3.1425486591543376e-05,1.0,0.46621604276821016,93.3
282,2.5915552877504617e-05,1.0,0.4569760978594422,93.22
283,1.5935676904799786e-05,1.0,0.45353236759081483,93.35
284,2.0444662024277225e-05,1.0,0.453925799690187,93.33
285,2.2581475521372556e-05,1.0,0.4548294814862311,93.33
286,1.9539854606835928e-05,1.0,0.4529079132899642,93.3
287,2.5520301058779173e-05,1.0,0.4547173722088337,93.37
288,2.6140562495998785e-05,1.0,0.44926843197084965,93.38
289,1.8193337005430205e-05,1.0,0.45140642022714017,93.31
290,2.133330706796829e-05,1.0,0.4519285974279046,93.41
291,2.0335772825624806e-05,1.0,0.452924838392064,93.42
292,2.0784564031057756e-05,1.0,0.45268878899514675,93.35
293,1.6510434809705845e-05,1.0,0.4496402411349118,93.37
294,1.5960159126444473e-05,1.0,0.4487863430660218,93.37
295,2.095128245134657e-05,1.0,0.45162606053985654,93.38
296,1.6653622725100277e-05,1.0,0.451080598346889,93.39
297,1.7618963781092307e-05,1.0,0.45397168239578606,93.37
298,1.7586283453873855e-05,1.0,0.4544872469268739,93.37
299,1.77004735808273e-05,1.0,0.455498665496707,93.33
300,1.3518971103106654e-05,1.0,0.4534175904281437,93.34
301,2.093028261433318e-05,1.0,0.44957075556740167,93.42
302,1.8167584934155126e-05,1.0,0.45059231204912065,93.4
303,1.6404722065785525e-05,1.0,0.4525026561878622,93.46
304,1.5014496363725237e-05,1.0,0.44560184875503184,93.43
305,1.6623466249786216e-05,1.0,0.44726946064271034,93.46
306,1.5797117718364443e-05,1.0,0.4464576255716384,93.46
307,1.393194187806445e-05,1.0,0.450796455508098,93.28
308,1.2948473859516823e-05,1.0,0.45392136616632345,93.29
309,1.4621392475347162e-05,1.0,0.4558798483479768,93.36
310,1.6702763127301772e-05,1.0,0.4540275487303734,93.38
311,1.5508410358509717e-05,1.0,0.4547577586583793,93.32
312,2.3838957922259938e-05,1.0,0.4519944606907666,93.34
313,1.5358336982597538e-05,1.0,0.4524740083515644,93.49
314,1.665195273003903e-05,1.0,0.4516887354105711,93.42
315,1.699009748903664e-05,1.0,0.449787898119539,93.44
316,1.4544791932040656e-05,1.0,0.45572856040671467,93.4
317,3.209013784483483e-05,0.99998,0.4558807539381087,93.43
318,1.6907720125780197e-05,1.0,0.4536524792946875,93.35
319,1.4038543882719159e-05,1.0,0.448490024972707,93.39
320,2.0076386464182496e-05,1.0,0.4539452433027327,93.33
321,1.9961986654795657e-05,1.0,0.4517603577673435,93.39
322,2.4504219242092584e-05,1.0,0.4506889773719013,93.39
323,1.7821468977390303e-05,1.0,0.45588462106883526,93.38
324,1.3316841364931905e-05,1.0,0.45189144944772125,93.38
325,3.1543111104748766e-05,1.0,0.45872860787436365,93.39
326,1.7300180439003183e-05,1.0,0.4601370988972485,93.34
327,1.9016331653056684e-05,1.0,0.46011832196265456,93.37
328,1.4650210504362843e-05,1.0,0.45473504649475216,93.42
329,2.2113010766947938e-05,1.0,0.45689481422305106,93.37
330,1.9033983087303308e-05,1.0,0.45996027197688816,93.42
331,1.3823719963324726e-05,1.0,0.45266474137082696,93.46
332,3.1346368776321655e-05,1.0,0.4644096765527502,93.4
333,1.7751101840945233e-05,1.0,0.46312512538861483,93.35
334,1.7395769074685764e-05,1.0,0.46510093843564393,93.31
335,4.6898927183703604e-05,0.99998,0.46446282155811786,93.38
336,1.715940189315832e-05,1.0,0.46169543999247253,93.4
337,3.2688825331453465e-05,1.0,0.46877627531066535,93.25
338,2.1739671872485344e-05,1.0,0.4649993357341737,93.26
339,4.616583220611218e-05,0.99998,0.46953255948610606,93.42
340,2.971717994901818e-05,1.0,0.4686930447211489,93.36
341,4.37628708844693e-05,1.0,0.4691879274696112,93.18
342,2.7350031247150376e-05,1.0,0.46554292540997266,93.27
343,3.0500516193897034e-05,1.0,0.4702095330320299,93.36
344,2.9909503272534505e-05,1.0,0.4687906810082495,93.34
345,2.9265130943594674e-05,1.0,0.4725463380664587,93.37
346,2.420720614975642e-05,1.0,0.47016422763466836,93.39
347,1.4927493074609887e-05,1.0,0.4650801942870021,93.43
348,2.9151374535125484e-05,1.0,0.4668488325551152,93.32
349,2.5387185665674695e-05,1.0,0.46929792172275486,93.37
350,2.5752692457707202e-05,1.0,0.46723379431292417,93.41
351,1.8959490031560064e-05,1.0,0.4700641074590385,93.4
352,2.2004495706662866e-05,1.0,0.4616782452724874,93.48
353,5.981598421617887e-05,0.99998,0.4662834744155407,93.22
354,4.18511992259138e-05,1.0,0.4638368758931756,93.34
355,2.0671518762761744e-05,1.0,0.46520979080349206,93.32
356,2.4003490491389682e-05,1.0,0.46236763093620536,93.38
357,2.424354697355364e-05,1.0,0.4647123426292092,93.35
358,1.9863049708626005e-05,1.0,0.4683812495134771,93.31
359,3.5232186277585415e-05,1.0,0.46870103765279053,93.31
360,1.601599944286757e-05,1.0,0.4655165721755475,93.29
361,2.938337251773495e-05,1.0,0.4787830506172031,93.33
362,1.9379062681179473e-05,1.0,0.4639742351602763,93.4
363,1.6503917001481477e-05,1.0,0.46862339861691,93.47
364,2.1549668015381648e-05,1.0,0.4697398241329938,93.39
365,1.8375698556172413e-05,1.0,0.46205052150413395,93.28
366,1.9594956451287185e-05,1.0,0.4659225850366056,93.21
367,1.4118781475421053e-05,1.0,0.46946273528039456,93.4
368,1.5605672421810992e-05,1.0,0.45994303413666787,93.4
369,1.3786619232498472e-05,1.0,0.4584777034493163,93.33
370,1.6565800873707577e-05,1.0,0.4614481519348919,93.39
371,1.1358723833968853e-05,1.0,0.4665073616430163,93.36
372,1.3461260093938209e-05,1.0,0.4673767341207713,93.31
373,1.0366593599942079e-05,1.0,0.46525073031894865,93.41
374,1.3141795536464897e-05,1.0,0.46258530938997866,93.39
375,1.535193233326492e-05,1.0,0.4653920873999596,93.44
376,1.2913187551866637e-05,1.0,0.4655634507257491,93.47
377,3.4808316846582347e-05,1.0,0.46334985855966804,93.24
378,2.0860210755098012e-05,1.0,0.45983912421390416,93.32
379,4.461764906846237e-05,0.99998,0.4669689499214292,93.36
380,2.275489776139656e-05,1.0,0.467680006576702,93.42
381,2.0550629191380835e-05,1.0,0.4669684091676027,93.33
382,2.0090062840655984e-05,1.0,0.4679888793081045,93.24
383,1.5175783618499567e-05,1.0,0.47132593066431583,93.26
384,1.2643025106199321e-05,1.0,0.4651586435828358,93.3
385,1.3890230466646114e-05,1.0,0.46379137990064917,93.28
386,1.1023133218893464e-05,1.0,0.46469380902126434,93.25
387,3.9664959042261274e-05,0.99998,0.4694044956471771,93.29
388,1.6979575775912684e-05,1.0,0.47023715066723526,93.38
389,2.1684139928774667e-05,1.0,0.4673238531127572,93.33
390,1.878010205626341e-05,1.0,0.46973269823007285,93.3
391,1.9955916566999793e-05,1.0,0.4681224054098129,93.33
392,2.1403008294156043e-05,1.0,0.4687063646316528,93.3
393,1.8570762746027966e-05,1.0,0.4667898747883737,93.25
394,4.626475274997521e-05,0.99998,0.4851524953171611,93.16
395,2.961611807358728e-05,1.0,0.4749965263064951,93.18
396,2.1263596226229212e-05,1.0,0.4758688254840672,93.25
397,1.7848341780926002e-05,1.0,0.4756159821897745,93.34
398,1.4324410724705796e-05,1.0,0.48014992306008936,93.22
399,1.4468047220594376e-05,1.0,0.4692071288824081,93.38
