0,2.3371335423511006,0.233,1.9050564610958098,33.02
1,1.674107336327243,0.38604,1.7017055022716523,38.83
2,1.448111145087825,0.47046,1.7156175124645232,44.98
3,1.24608029505176,0.55202,1.844101096391678,46.78
4,1.052631736716346,0.62416,2.428220638036728,52.75
5,0.880867755169149,0.6898,1.3176292443275452,65.28
6,0.7537917074797403,0.73688,0.9061544805765152,70.2
7,0.6479174218824147,0.77428,0.6660328236222267,77.47
8,0.5648106687209186,0.8047,0.6513118398189545,78.06
9,0.5013775423817013,0.82712,0.7788407650589942,75.95
10,0.44922950006354495,0.84546,0.5162508869171143,82.39
11,0.4117645569088514,0.85616,0.6411546450853348,79.17
12,0.380420576390403,0.86776,0.6307222250103951,80.14
13,0.3514282957214834,0.87932,0.6182197958230973,80.67
14,0.3236259498712047,0.88578,0.5647706285119056,82.52
15,0.29699063790804897,0.89624,0.49748554199934003,84.66
16,0.2782564277920272,0.9021,0.5861411166191101,81.81
17,0.25753992929330566,0.90896,0.580787710249424,83.03
18,0.2400889806925793,0.91684,0.44009090527892114,86.38
19,0.22385994371626994,0.92236,0.4156817753612995,87.08
20,0.2095445134603154,0.92544,0.4949419862031937,85.52
21,0.19314746007018382,0.9319,0.5873973016440869,83.38
22,0.1808912897068064,0.93654,0.42136329591274263,87.74
23,0.17343633540946504,0.93882,0.4009659893810749,87.83
24,0.16058771831490803,0.94456,0.4074201710522175,87.97
25,0.15802348896746746,0.94318,0.48065230131149295,86.74
26,0.14058621654577572,0.94972,0.5252263353765011,86.64
27,0.13503212515083726,0.95246,0.44833375498652456,87.31
28,0.12566753544504075,0.95628,0.5043021275103092,86.6
29,0.12167786833975473,0.95716,0.3790490040183067,89.74
30,0.10824872479033287,0.96218,0.3821082375943661,89.61
31,0.10448824139335729,0.96224,0.43797373712062837,89.11
32,0.09721950113849567,0.96464,0.4077343486249447,89.62
33,0.09270057226519299,0.96688,0.4176300646364689,89.4
34,0.1028838852263244,0.96394,0.43588852301239966,89.37
35,0.08731372585362943,0.96868,0.43434648148715493,89.32
36,0.07785126138621432,0.9727,0.47429972484707833,88.85
37,0.07772331631115978,0.97142,0.436103875413537,89.43
38,0.07142197130166966,0.97524,0.5084297423064709,88.78
39,0.06709583032437984,0.97634,0.4456005573272705,89.96
40,0.06669141363371592,0.97672,0.4672160004079342,89.37
41,0.06252847698605274,0.97836,0.49021554678678514,89.21
42,0.05743756260641891,0.98002,0.43332147419452666,90.56
43,0.05466656430679209,0.98106,0.45145054265856743,89.86
44,0.054485018535390915,0.98098,0.4034926266223192,90.92
45,0.047826099063000636,0.98324,0.4399742641672492,90.6
46,0.049356180955381954,0.98228,0.42320046678185463,90.76
47,0.04496441078860589,0.9841,0.4814825695008039,90.04
48,0.04575119023818685,0.9834,0.4911249689012766,89.68
49,0.04353379198174943,0.98454,0.5106869566440583,89.75
50,0.019244678566218032,0.9934,0.4452627657353878,91.9
51,0.012032623998249127,0.99596,0.4809954428672791,91.68
52,0.010878705270731311,0.99608,0.5174591393768787,91.78
53,0.0097210057196105,0.99648,0.5176104193925858,91.98
54,0.009995300178517304,0.99646,0.5194179227203131,91.81
55,0.009413930927616897,0.99672,0.5458769564330578,91.56
56,0.007035481220594627,0.99804,0.5974577537924052,91.46
57,0.009217901304667897,0.9968,0.5194241650402546,91.85
58,0.008485877467963227,0.99704,0.5509757154434919,91.74
59,0.008501332906183719,0.99696,0.5301677976548672,91.57
60,0.00731326737567847,0.99762,0.5444687397778034,91.78
61,0.006382041870074085,0.9978,0.5453143425285816,92.17
62,0.008177957215598431,0.9971,0.5719033603370189,91.75
63,0.008283533587525694,0.9968,0.5344945550709963,91.79
64,0.006568525777696117,0.99774,0.5338166916370392,91.99
65,0.007899489141428647,0.99724,0.5373860557377338,92.17
66,0.006201135166494957,0.9979,0.5543605236709118,92.07
67,0.005762964244010439,0.99816,0.5634268474578857,91.97
68,0.006054926282547251,0.99814,0.5655151471495629,92.17
69,0.0061753003585525695,0.998,0.5449377629160881,92.08
70,0.00696045644518793,0.9975,0.5424511142075061,92.09
71,0.006233264145928452,0.99756,0.6134049229323864,91.66
72,0.006460251163241624,0.99768,0.5917465335130692,91.82
73,0.007116972927741632,0.99742,0.5784986114501953,91.83
74,0.005429673840457154,0.99806,0.5613982477039099,92.03
75,0.005064641664870103,0.99824,0.5744155462086201,92.07
76,0.004587287480812719,0.9986,0.5774276021122933,92.11
77,0.005357156771815123,0.99796,0.5515364916622638,92.3
78,0.006086567154126939,0.99776,0.5720855420082808,92.05
79,0.006404928867784439,0.9979,0.5842422170192003,91.96
80,0.006434033752296685,0.99784,0.533009176775813,92.41
81,0.0035442182826182847,0.99886,0.5720298914611339,92.09
82,0.004542416698225509,0.9986,0.5703465373814106,92.01
83,0.004351400714951566,0.99854,0.5720263421535492,92.12
84,0.0032881097603145145,0.99892,0.5663602490723133,92.47
85,0.006528217545123031,0.99788,0.5635037659108639,92.26
86,0.005457666590014491,0.99812,0.5376522511988878,92.38
87,0.003407326789507035,0.9988,0.5801449993252754,92.28
88,0.003940107501329273,0.99876,0.6212599882483483,91.95
89,0.005217017267722256,0.99824,0.6003180756419897,91.89
90,0.0033701041864640136,0.99882,0.6016891786456108,92.16
91,0.005886495472749981,0.99776,0.5648632929474116,92.62
92,0.004707089502419497,0.99836,0.567283238619566,92.39
93,0.004346244590005485,0.99854,0.5836482517421245,92.13
94,0.004891827541927843,0.99854,0.5548570750653744,92.49
95,0.0027497467782219513,0.99912,0.6118821878731251,92.0
96,0.0035288752768352994,0.9989,0.6038104420900345,92.39
97,0.0054476804497219184,0.99816,0.656789514310658,91.71
98,0.0038905752588577003,0.99852,0.6318211203813553,91.96
99,0.0036728266312916146,0.99864,0.6041814575344324,92.34
100,0.0020428526217704615,0.99924,0.5959266567230225,92.46
101,0.001932317166750965,0.99932,0.5908079247921705,92.44
102,0.0011301933130589811,0.99962,0.6034187108278275,92.35
103,0.001714944441131653,0.9995,0.6026205016672611,92.38
104,0.0012037741425110374,0.9995,0.6009338138997555,92.44
105,0.0009084703724708917,0.99984,0.6049354149401188,92.5
106,0.0009935314031902511,0.9998,0.6007141327857971,92.69
107,0.0010268574996413302,0.99968,0.6059068211913109,92.51
108,0.0009091861262554037,0.9997,0.6023796193301678,92.61
109,0.0006956230076418863,0.9999,0.6026018506288529,92.55
110,0.000485954297476585,0.99992,0.6073544162511826,92.52
111,0.0008773175190405717,0.99966,0.6114443361759185,92.66
112,0.0006365364717382067,0.99978,0.6148985087871551,92.65
113,0.0008135298653670056,0.99972,0.620995376855135,92.64
114,0.0008877230804667765,0.99976,0.627714361846447,92.49
115,0.0008947111788909896,0.99984,0.6322838039696217,92.38
116,0.0005895791847872882,0.99976,0.6367201897501945,92.38
117,0.0005767699802069201,0.99984,0.6422667041420936,92.58
118,0.0007218123723556541,0.99974,0.6337297585606575,92.58
119,0.00041834617467496074,0.99994,0.6438615319132804,92.59
120,0.0006111299800648728,0.99978,0.6313572488725185,92.64
121,0.0007228464987341821,0.99976,0.6391342067718506,92.84
122,0.0004996969061770168,0.99992,0.6308594506978988,92.81
123,0.0006594123197676527,0.99986,0.6476382771134377,92.78
124,0.0007918080083500707,0.99968,0.6322103202342987,92.8
125,0.000867936209369332,0.9997,0.6276855000853538,92.76
126,0.0004182709214060917,0.9999,0.6434168609976768,92.59
127,0.0006142489958647902,0.99982,0.6468213637173176,92.62
128,0.0006541147836671366,0.99974,0.6503176619112492,92.62
129,0.0003396307396884548,0.9999,0.650568751692772,92.77
130,0.0003945907757978832,0.99988,0.6522877679765224,92.59
131,0.00026475563483601897,0.99996,0.665746336132288,92.72
132,0.0005657515801937357,0.99978,0.6658751608431339,92.64
133,0.0006601164881229827,0.99982,0.6544540318846702,92.68
134,0.0005414630371096606,0.99976,0.6506255275011062,92.66
135,0.0005472045723549005,0.99978,0.6506237807869911,92.69
136,0.0004503461025720303,0.99984,0.6444195502996445,92.81
137,0.0004299012589176923,0.99986,0.6479163838922978,92.65
138,0.0002722033763433201,0.99994,0.6640564700961114,92.69
139,0.00038839181980704736,0.9999,0.6555981600284576,92.68
140,0.00040993364765035963,0.99992,0.6486391052603722,92.92
141,0.00023101700285244422,0.99996,0.6498738925158978,92.84
142,0.0003067423012601942,0.99992,0.6494379362463951,92.87
143,0.0002763923352017744,0.99994,0.6562112745642662,92.77
144,0.00020318988049620939,0.99998,0.665852388292551,92.72
145,0.00022905954465658317,0.99996,0.655293852686882,92.8
146,0.00019733650857341604,0.99992,0.6461808378994465,92.84
147,0.0001771552538349237,0.99994,0.6698407113552094,92.8
148,0.00019776206666160365,0.99994,0.6647741343080997,92.88
149,0.0002157256170983306,0.99992,0.6659087306261062,92.9
150,0.0002880007111863171,0.99988,0.6713510251045227,92.77
151,0.00027956097588395046,0.9999,0.6697676199674606,92.78
152,0.0002691155645439228,0.9999,0.6657941201329232,92.93
153,0.0002828294074007231,0.99994,0.6635026833415032,92.91
154,0.0002817514912273711,0.99994,0.6681541256606579,92.95
155,0.00014612736900912989,0.99996,0.6784356689453125,92.92
156,0.0004650179146950376,0.99982,0.6733228375017642,92.74
157,0.0001852954742575279,0.99996,0.6715289354324341,92.85
158,0.00023858262431399562,0.99994,0.6701531182229519,92.72
159,0.00032592559519482324,0.9999,0.6670353476703167,92.75
160,0.00016141403687578172,0.99994,0.6792461128532886,92.63
161,0.00023216443508356567,0.9999,0.6771867926418781,92.77
162,0.00017828908087703113,0.99994,0.6728530056774616,92.76
163,0.00015131653441928755,0.99998,0.6689235992729664,92.93
164,0.00018013503850462304,0.99994,0.6663054648041725,92.82
165,8.561699690314975e-05,1.0,0.6743223020434379,92.97
166,0.0001309620966346794,0.99996,0.684009193778038,92.86
167,0.00018438494379477413,0.9999,0.6817016312479973,92.66
168,0.00021455116401382598,0.9999,0.6903536579012871,92.77
169,0.00012689181901905444,0.99996,0.6839826627075672,92.85
170,8.586720297864773e-05,0.99998,0.6851382933557033,92.81
171,0.00017325400018039839,0.99994,0.6988431569933892,92.76
172,0.00018791292835246745,0.99994,0.6945080189406871,92.74
173,8.15775433547382e-05,1.0,0.6916408748924732,92.75
174,0.00010702415235111002,0.99996,0.6928960578143597,92.79
175,9.861488498644502e-05,0.99998,0.6982471995055676,92.76
176,8.150977391403282e-05,0.99998,0.7085727848112583,92.62
177,0.00019979957638041306,0.99994,0.6976533417403697,92.72
178,0.00023159572272003887,0.99996,0.6865811078250408,92.81
179,4.1499551467731354e-05,1.0,0.6892512294650078,92.71
180,0.00017253399866210017,0.99998,0.696376887857914,92.74
181,0.0001659794333533719,0.99994,0.6999749393761158,92.58
182,0.00016481120892700442,0.99994,0.6913182044029236,92.64
183,0.00014895410451688402,0.99996,0.7031491395831108,92.67
184,0.00010546728117758494,0.99996,0.7092684169113636,92.69
185,0.00011023534695477978,0.99998,0.7072050708532334,92.6
186,0.0001432380111180798,0.99996,0.6986891873180866,92.65
187,0.00014412595769409104,0.99994,0.686707060188055,92.74
188,0.00010858560874090202,0.99998,0.6979041941463947,92.75
189,5.719158917411222e-05,1.0,0.697975764721632,92.73
190,0.0002453807661550715,0.99992,0.6872794140875339,92.79
191,0.0001387083932867269,0.99998,0.69565115660429,92.78
192,0.0001901322144144788,0.99994,0.6942399775981903,92.77
193,8.492078117070965e-05,1.0,0.6956651289761067,92.72
194,8.26551092038988e-05,0.99998,0.6923219917714596,92.74
195,0.00013265560892454945,0.99998,0.6939855881780386,92.62
196,0.00012250563638982242,0.99996,0.6927049157023429,92.72
197,9.057076604426933e-05,0.99998,0.691687173396349,92.81
198,0.0001204276988857401,0.99998,0.6891114006936551,92.82
199,0.0001755683331581208,0.99992,0.6966188541054725,92.8
200,0.0003618830702223199,0.9999,0.6932046006619931,92.87
201,5.479430413303911e-05,1.0,0.6893437968194485,92.84
202,6.799613454187264e-05,1.0,0.6908115474879741,92.96
203,9.02356269913144e-05,1.0,0.6948276148736476,92.87
204,7.358211869342465e-05,0.99998,0.6995300420373678,92.83
205,0.00016906243975107517,0.99998,0.691595942080021,92.92
206,0.0001429407658840993,0.99994,0.6938061818480492,92.89
207,0.00016525811398591453,0.99996,0.6894300313293934,92.84
208,9.732396056930621e-05,0.99998,0.6913349477946759,92.8
209,0.0001667807427941065,0.99994,0.6905416452884674,92.82
210,0.00013052075207708018,0.99998,0.6907523542642593,92.89
211,0.00010636851976176777,0.99996,0.692605726569891,92.79
212,9.877665739594223e-05,0.99996,0.6979618835449218,92.82
213,0.00016263895266706342,0.99996,0.6942103916406631,92.74
214,0.00014931961862603473,0.99996,0.6973995167016983,92.9
215,0.0002747819930688062,0.99994,0.7010967186093331,92.78
216,0.00018396988090504962,0.99994,0.6909842282533646,92.78
217,0.00010386713910431222,0.99998,0.6958756345510483,92.92
218,9.94421093827308e-05,0.99996,0.7043524141609668,92.8
219,9.559381871534043e-05,0.99996,0.7000083479285241,92.81
220,0.00010638846963254275,0.99998,0.7012180544435977,92.89
221,0.0001448555106101296,0.99994,0.6955433224141597,92.97
222,9.556767727144822e-05,0.99996,0.695432021766901,92.93
223,0.00013871334249336619,0.99996,0.7018322791159153,92.84
224,5.1447457617291605e-05,1.0,0.7039619795978069,92.82
225,0.00011803993211725481,0.99994,0.6990806838870048,92.89
226,9.311154882580046e-05,0.99996,0.6987675765156746,92.91
227,5.6408318764384286e-05,1.0,0.7001701789349317,92.83
228,4.339559308025988e-05,1.0,0.7010114094614983,92.83
229,0.00010616256373368804,0.99996,0.6969790640473366,92.92
230,0.0001212756286069573,0.99996,0.6967137974500656,92.92
231,0.00013047712244067863,0.99996,0.6972529123723507,92.88
232,9.715487015977641e-05,0.99996,0.700271345898509,92.93
233,0.00013345487414196544,0.99996,0.7059276513755322,92.92
234,8.991233199552957e-05,0.99998,0.7085001228004694,92.95
235,6.12452649592704e-05,1.0,0.7026048457622528,92.9
236,0.00017622878386556418,0.99996,0.7055528877675533,92.87
237,7.9949509437755e-05,0.99998,0.7088264292478561,92.81
238,6.022082219950527e-05,1.0,0.7085656668245792,92.83
239,9.371379913142396e-05,0.99998,0.7030762307345867,92.87
240,3.4528715474055245e-05,1.0,0.7046052466332913,93.01
241,9.043105085315979e-05,0.99996,0.7022061862796545,92.87
242,9.502658135849251e-05,0.99998,0.7087764666974544,92.86
243,3.732646310968963e-05,1.0,0.7073938508331775,92.86
244,0.0001033821110989747,0.99996,0.7044693997502327,92.9
245,7.390324270746104e-05,0.99996,0.7079871927946806,92.9
246,9.302311254867326e-05,0.99998,0.7021805495023727,92.78
247,7.976023574647851e-05,0.99998,0.7111737488210201,92.76
248,5.81404904514201e-05,1.0,0.7065086285769939,92.89
249,5.9590328261307836e-05,0.99998,0.6986910406500101,92.93
250,4.707183966957454e-05,1.0,0.7039273434877396,92.89
251,0.00021022253161565946,0.99994,0.6990455826371909,92.87
252,0.00010957619016715623,0.99996,0.7024390562623739,92.9
253,7.17526081460613e-05,1.0,0.7012459976971149,92.93
254,9.28203185293285e-05,0.99998,0.699719862267375,92.88
255,7.662451868025417e-05,0.99998,0.7006528378278017,92.85
256,0.00015432090732579753,0.99996,0.6967984009534121,92.87
257,4.849190440612562e-05,1.0,0.7072467888891697,92.88
258,0.00015681626182366472,0.99998,0.7039093142002821,92.9
259,9.102722012905181e-05,0.99998,0.7025590769946575,92.92
260,7.595277713430169e-05,0.99998,0.7096250069886446,92.84
261,0.00015281990882011972,0.99998,0.7017162816226482,92.88
262,2.9066548811059697e-05,1.0,0.7080243216454982,92.82
263,4.2376309065023766e-05,1.0,0.7102614432573319,92.8
264,4.50267122806921e-05,1.0,0.701449405476451,92.94
265,3.623783972053145e-05,1.0,0.7015321257710457,92.89
266,4.058253577224371e-05,1.0,0.7047999648749829,92.91
267,4.125175047868222e-05,1.0,0.7089633481204509,92.85
268,5.270016302119857e-05,0.99998,0.7082019911706448,92.94
269,4.934144030816602e-05,1.0,0.7044522229582071,92.91
270,3.715593828965867e-05,1.0,0.7065344747900962,92.9
271,7.413389477075248e-05,0.99998,0.7040399447828531,92.83
272,5.771940486635966e-05,1.0,0.7062139913439751,92.93
273,0.00010176795231822099,0.99998,0.7009413962066173,92.88
274,6.0269844585083296e-05,1.0,0.7089657786488534,92.94
275,5.071438250550285e-05,0.99998,0.7099997398257255,92.88
276,4.067363778330289e-05,0.99998,0.7038759284466505,92.83
277,0.0001883705275153715,0.99996,0.7086894921958447,92.86
278,3.501331000742458e-05,1.0,0.7071325780451297,92.93
279,5.8774674406402987e-05,1.0,0.7110972027480602,92.92
280,0.0001462437804642505,0.99996,0.7067300742864608,92.92
281,9.66665718033424e-05,0.99998,0.7013471584022045,92.8
282,4.6059139733230074e-05,1.0,0.6984093894064426,92.97
283,3.322520291743311e-05,1.0,0.7056416205316782,92.81
284,4.9957655367853075e-05,0.99998,0.7064066891372204,92.82
285,3.745599657067576e-05,1.0,0.7070154169201851,92.92
286,4.647340859780321e-05,1.0,0.7099233432114125,92.99
287,5.5428435112081793e-05,0.99998,0.6987732172757387,92.88
288,8.573147407668407e-05,0.99998,0.709878728017211,92.87
289,0.00011217286789706045,0.99996,0.7078819230943918,92.9
290,5.2595422209073876e-05,0.99998,0.7097491548210383,92.84
291,0.00010139473391258901,0.99996,0.7060420359671116,92.97
292,5.2188216577102554e-05,1.0,0.70615130007267,92.95
293,6.762993654860238e-05,0.99998,0.7064788497984409,92.95
294,0.00011242929696200017,0.99996,0.7092736764252185,92.96
295,4.4850934401451585e-05,1.0,0.7082668934762478,92.8
296,3.148334973277267e-05,1.0,0.705921481847763,92.91
297,6.649296722979752e-05,0.99998,0.7092010109871626,92.76
298,6.205526463006259e-05,1.0,0.7073207154870034,92.92
299,7.053447769370405e-05,1.0,0.7047172795981169,92.95
300,0.00016425576920151824,0.99994,0.7122934827208519,92.94
301,5.3248054463542714e-05,1.0,0.707152062356472,92.91
302,0.00011447769341753682,0.99994,0.7040833789110184,92.88
303,4.6553713200152717e-05,0.99998,0.7031719964742661,92.9
304,0.00013731329340416437,0.99996,0.7092127571254969,92.92
305,7.481082850244174e-05,0.99998,0.7100786386430263,92.8
306,2.383605658360553e-05,1.0,0.7101846596598625,92.85
307,5.272458493570574e-05,1.0,0.712624158412218,92.86
308,4.3412844455699164e-05,1.0,0.7111610426008701,92.96
309,3.784138627347593e-05,1.0,0.7054403248429298,92.96
310,6.166998464325659e-05,0.99996,0.7054346950352192,92.95
311,3.9298234346492395e-05,0.99998,0.7088043713569641,92.96
312,7.068428622398175e-05,0.99998,0.7029108947515488,92.91
313,6.686936654083955e-05,0.99998,0.7073352101445198,92.94
314,5.29259521440674e-05,1.0,0.7092519195377827,92.9
315,6.477270907997613e-05,0.99998,0.7000896783918142,92.89
316,8.968831210370147e-05,0.99996,0.7075962435454131,92.91
317,3.5003706937639914e-05,1.0,0.7016903473436833,92.87
318,5.1676697960591786e-05,1.0,0.7031463694572448,92.95
319,7.466288573605298e-05,0.99998,0.7055943909287453,92.91
320,9.132170086085698e-05,0.99994,0.7096115554124117,92.88
321,2.6897250725604964e-05,1.0,0.7039020459353924,92.85
322,2.8121796199244804e-05,1.0,0.6852058975398541,93.0
323,6.041182411360038e-05,0.99998,0.7053457146137952,92.9
324,7.672065433837433e-05,0.99998,0.7055995242297649,93.04
325,3.40240061231437e-05,1.0,0.7087546662986278,92.9
326,8.084551709666603e-05,0.99998,0.7056789866089821,92.93
327,4.028923125546957e-05,1.0,0.710811622068286,92.84
328,5.898900994656892e-05,0.99998,0.7131990984082222,92.91
329,7.075242347737737e-05,0.99996,0.7087076400220395,92.95
330,4.596303154179812e-05,0.99998,0.7133079790323973,92.86
331,0.00010910149680597705,0.99998,0.7063158608227968,93.0
332,2.7196237685135288e-05,1.0,0.7098859057575464,92.91
333,7.559199520578866e-05,0.99998,0.7037382938712835,92.89
334,4.4082842291002634e-05,0.99998,0.7058803532272577,92.82
335,6.147490766755704e-05,0.99998,0.7039185644686222,92.93
336,5.4922682263487555e-05,1.0,0.7003890751302242,92.94
337,7.118372313610537e-05,0.99998,0.7074546271562576,92.88
338,6.058429402550975e-05,0.99998,0.7064860489964485,92.89
339,3.1522775342884325e-05,1.0,0.7096235777437687,92.91
340,6.150533879513339e-05,1.0,0.7041931788623333,92.9
341,6.243648614773861e-05,1.0,0.7029251269996166,92.9
342,5.6829184117691465e-05,1.0,0.7038958549499512,92.89
343,6.488001442106398e-05,0.99996,0.708646313548088,92.95
344,5.651854183519805e-05,0.99998,0.7096071285009384,92.94
345,4.14100061440593e-05,1.0,0.7112402239441872,92.9
346,3.2623513314275596e-05,1.0,0.7057387405633926,92.91
347,7.925974048355317e-05,0.99994,0.7047414967417717,92.94
348,2.6715873445646418e-05,1.0,0.7044599223136901,92.94
349,3.834286729174677e-05,1.0,0.7013807472586632,92.91
350,2.7356872760499965e-05,1.0,0.7036870414018631,92.98
351,2.9905878016131388e-05,1.0,0.7066881363093853,92.93
352,2.7297324832572332e-05,1.0,0.708969094902277,92.91
353,5.491242817051754e-05,0.99998,0.7083772531151772,92.95
354,0.00010702754857911814,0.99994,0.703673145622015,92.86
355,5.254000270746089e-05,1.0,0.7082933907955885,92.81
356,4.45810300335469e-05,0.99998,0.7091768945753575,92.91
357,4.1038182296321887e-05,0.99998,0.7057552066445351,93.0
358,3.812184451438661e-05,1.0,0.7078260816633701,92.92
359,3.520561440385651e-05,1.0,0.7066514505445958,92.93
360,3.8628279798897095e-05,1.0,0.7084902320802212,92.88
361,4.932749139851038e-05,0.99998,0.704630684107542,92.97
362,4.5589704366942905e-05,1.0,0.7035674025118351,92.85
363,0.00011065889750166738,0.99998,0.706959999576211,92.92
364,1.8324262332821362e-05,1.0,0.7108946251869201,92.87
365,3.4663025945212724e-05,1.0,0.7128280690312385,92.81
366,0.0001200690591302111,0.99992,0.7062925609946251,92.93
367,2.186509213538244e-05,1.0,0.7047905017435551,92.95
368,3.210354131466417e-05,1.0,0.7120742665231228,92.89
369,4.491749776023779e-05,1.0,0.7079385834932327,92.9
370,7.864237383293893e-05,0.99998,0.7063511550426483,93.02
371,6.146929673095054e-05,0.99998,0.706892412006855,93.0
372,2.9943083387686802e-05,1.0,0.7031071093678475,92.92
373,5.533486044024685e-05,0.99998,0.7045513151586056,92.92
374,0.0001589707225346804,0.99996,0.7142214724421501,92.85
375,9.617745482043686e-05,0.99996,0.7046617729961873,92.81
376,3.6208242779167676e-05,1.0,0.703940060287714,92.97
377,4.52907286417747e-05,0.99998,0.702504917383194,92.99
378,4.7519258663393476e-05,1.0,0.7054159127175808,92.88
379,5.857401564828325e-05,1.0,0.7092867112159729,92.91
380,6.850923773963054e-05,0.99998,0.7055662176012993,92.82
381,4.455316444758885e-05,1.0,0.7069528491795063,92.91
382,6.835204094521994e-05,0.99996,0.7053637059032917,92.84
383,2.5335070153927725e-05,1.0,0.7007332365214824,92.79
384,4.383124488600008e-05,0.99998,0.7041964210569859,92.89
385,5.6174095345866525e-05,1.0,0.7093602462112903,92.9
386,6.808662614521655e-05,0.99998,0.7113421687483787,92.97
387,2.816484032115526e-05,1.0,0.7110482658445835,92.93
388,0.00018883466836357523,0.99996,0.7037243814766407,92.92
389,6.909118923511119e-05,0.99998,0.707777323871851,93.01
390,4.843978944986042e-05,1.0,0.7057355971634388,92.92
391,3.896082394780023e-05,0.99998,0.7114726467430592,92.9
392,4.2052886875783394e-05,1.0,0.7086710437387228,92.88
393,2.6644941777025866e-05,1.0,0.7117663548886776,92.9
394,2.4601858627605983e-05,1.0,0.710963081791997,92.95
395,2.1086915713394795e-05,1.0,0.7064736832678318,92.9
396,2.4514413181489083e-05,1.0,0.7144190703332424,92.85
397,3.839915029927557e-05,1.0,0.7138992232084275,92.97
398,2.1546814950455535e-05,1.0,0.7114697287976742,92.88
399,6.0440954006453456e-05,0.99998,0.7059049645066261,92.97
