0,2.035229992683586,0.29254,1.8407188963890075,39.94
1,1.4418871085662062,0.46696,1.62340793967247,50.08
2,1.1763804582378747,0.5755,1.257873730659485,59.53
3,0.9270579450575592,0.67264,1.078342137336731,66.07
4,0.7590320505144651,0.7355,0.8040801474452018,74.26
5,0.6461057644670881,0.77644,1.1639665228128433,74.14
6,0.5636486732746329,0.80638,1.0855443996191025,71.84
7,0.5077153910761294,0.82214,0.6606608155369759,78.16
8,0.4442874876891865,0.84758,0.5908811616897583,80.85
9,0.40373991037268775,0.86054,0.4964333847165108,83.44
10,0.37189764889609783,0.87168,0.4881492033600807,84.0
11,0.3382586392828876,0.8825,0.4574891757965088,85.14
12,0.30971502819482016,0.89208,0.49247569739818575,84.79
13,0.2861585029784371,0.90148,0.4108164490759373,86.44
14,0.2627302092854934,0.9094,0.4660030797123909,85.41
15,0.24442929315292622,0.91494,0.39278975024819374,87.63
16,0.22401377299557562,0.92224,0.46058115184307097,86.35
17,0.210990300549723,0.92728,0.4755145888030529,85.28
18,0.1946140417586202,0.93256,0.4663017465174198,86.25
19,0.18295085773138745,0.93558,0.38166126385331156,88.32
20,0.1707852363510205,0.941,0.4381810988485813,87.39
21,0.15943984378634207,0.94368,0.4447203934192657,87.16
22,0.14920695687232116,0.94764,0.4380511084198952,87.84
23,0.13642320519937273,0.95222,0.3782296568155289,88.73
24,0.1298954489419375,0.9548,0.4354318889975548,88.17
25,0.12323884997526398,0.95556,0.4175587636232376,88.59
26,0.11060047163949598,0.96168,0.40299222245812416,89.32
27,0.11013260929633284,0.9604,0.3674766767770052,89.8
28,0.10326785009230494,0.96396,0.4178054003417492,89.27
29,0.09232057991635312,0.96714,0.39607611775398255,89.78
30,0.08867228760495972,0.96836,0.4212640881538391,89.44
31,0.08851769340255529,0.96872,0.44687631212174894,88.99
32,0.07447837186438958,0.97406,0.3920107945799828,90.23
33,0.07203264695966183,0.97454,0.6184077963232995,87.0
34,0.07301676977435341,0.97354,0.38616293787956235,90.47
35,0.06665277159046334,0.9772,0.45639995008707046,89.26
36,0.06548478777336952,0.97714,0.5299340179562568,88.55
37,0.060251757188145155,0.97944,0.4438723370432854,90.03
38,0.05647074514071045,0.97962,0.4745828565210104,89.62
39,0.02719424620670888,0.9909,0.34202008992433547,92.32
40,0.01584695627638365,0.99512,0.35245377086102964,92.33
41,0.012209021532788987,0.9964,0.35264250822365284,92.4
42,0.010240328009895352,0.99704,0.36364952616393564,92.42
43,0.008484016633187623,0.9974,0.38062356621026994,92.4
44,0.00829667830393147,0.99748,0.38120189413428307,92.44
45,0.007261734982819089,0.99748,0.3961795161664486,92.37
46,0.006893461284315799,0.99818,0.4023914963752031,92.45
47,0.006089074794403122,0.99816,0.40517462734133003,92.42
48,0.005956876066649128,0.99808,0.41265173263847826,92.38
49,0.0053630318490269085,0.99844,0.4226735286787152,92.26
50,0.0058102744662433935,0.9981,0.42987109638750554,92.43
51,0.005375839766862867,0.9983,0.4281017306447029,92.45
52,0.004686059274971533,0.99864,0.43598764009773733,92.5
53,0.004363362328149378,0.9986,0.42678271114826205,92.55
54,0.0044881549010010405,0.9986,0.4256548779457808,92.32
55,0.004246930759090483,0.99856,0.42501325994729994,92.49
56,0.004639574679542485,0.99854,0.431636156514287,92.37
57,0.005077668396598848,0.99854,0.4285942596197128,92.44
58,0.004225691055382967,0.99872,0.4218946275860071,92.5
59,0.0040974558238476,0.99872,0.4304598303884268,92.51
60,0.004340036062385573,0.99876,0.42735256254673004,92.52
61,0.004107161501274847,0.99896,0.43019177451729773,92.49
62,0.003963090053609455,0.9987,0.4340252465009689,92.56
63,0.003901357266485043,0.99896,0.4293829467892647,92.52
64,0.0043018879326101505,0.99874,0.4324613378196955,92.6
65,0.0042155052941945164,0.99872,0.42505906626582146,92.5
66,0.003633434738954315,0.999,0.43165062807500365,92.52
67,0.003939352288861256,0.99864,0.4272897925972938,92.6
68,0.004331511712562807,0.99852,0.4287011481821537,92.48
69,0.0037945924903494796,0.99882,0.42822709642350676,92.49
70,0.003611400178002427,0.9989,0.43410022899508477,92.57
71,0.003910466321193806,0.99886,0.42955856934189796,92.5
72,0.0036161033903508236,0.99878,0.4344276285171509,92.43
73,0.0036676028205077055,0.99898,0.43029316686093805,92.41
74,0.00407791714591291,0.99872,0.4341863813251257,92.44
75,0.003797393058762526,0.9989,0.42853466860949996,92.53
76,0.003880439352963472,0.9988,0.4295376242697239,92.59
77,0.004101154976077806,0.9988,0.4330832909047604,92.59
78,0.0036704917128681375,0.99888,0.4337344978749752,92.53
79,0.0037662174160856647,0.99882,0.4292040352523327,92.41
80,0.0037455963223334164,0.99884,0.4332735541462898,92.49
81,0.0036973755130187912,0.999,0.4318423400819302,92.54
82,0.004120159758013123,0.99866,0.42940575547516346,92.5
83,0.003739850997538937,0.9989,0.4294902852922678,92.54
84,0.0040838142298400175,0.99876,0.4300867486000061,92.51
85,0.004158929672778186,0.99878,0.4309251010417938,92.48
86,0.003691951036834351,0.99894,0.43296200565993787,92.51
87,0.004203041206778544,0.99874,0.4292056269943714,92.45
88,0.0040520936431710985,0.99876,0.42639748357236384,92.51
89,0.0036852777480919515,0.99894,0.4304241155087948,92.52
90,0.0039866681151446955,0.99878,0.4238651067018509,92.5
91,0.0037937412482669667,0.99886,0.4257263121753931,92.51
92,0.0042258740004980965,0.99866,0.4293507257848978,92.59
93,0.004050215068829271,0.99868,0.4312260761857033,92.53
94,0.004674779703778684,0.99854,0.4280342688411474,92.48
95,0.004185011457947209,0.9988,0.4337145093455911,92.49
96,0.004519011386086011,0.9985,0.4296506047993898,92.58
97,0.004242508524500043,0.9987,0.4287739615142345,92.49
98,0.0037895131581093724,0.99892,0.4303522600978613,92.42
99,0.004345796683141033,0.99874,0.4304753352701664,92.51
100,0.004192962482258382,0.99858,0.43168444871902467,92.58
101,0.003514528974814488,0.9989,0.43049158200621607,92.57
102,0.00401317600034001,0.99882,0.4228983661532402,92.43
103,0.004071266773869009,0.99872,0.4254387840628624,92.49
104,0.0041666955805009665,0.99874,0.42967055924236774,92.43
105,0.004125103958563217,0.99888,0.4297027263790369,92.43
106,0.003331914616530151,0.99918,0.43299097530543806,92.48
107,0.0043487111559075775,0.99882,0.4257182036340237,92.42
108,0.0037955430710254726,0.99886,0.43117878660559655,92.53
109,0.0036892496356669136,0.999,0.4270860365778208,92.5
110,0.004402383993429792,0.9988,0.4315460931509733,92.56
111,0.004353130386923166,0.99858,0.43417832627892494,92.53
112,0.004118246963316732,0.99884,0.4315745643526316,92.53
113,0.003669182731397212,0.99886,0.42857428200542924,92.45
114,0.0037051352813406405,0.99898,0.4296537544578314,92.51
115,0.004014646697356521,0.99882,0.43106213785707953,92.42
116,0.003644006051387533,0.99888,0.4305257022380829,92.4
117,0.003935678322535113,0.99866,0.43669140681624413,92.4
118,0.0038995750734041853,0.99888,0.43537499107420446,92.5
119,0.0036412675743592105,0.9989,0.42760528780519963,92.44
120,0.003785584617377547,0.99888,0.43020731657743455,92.5
121,0.0041371797956704925,0.99874,0.43218231536448004,92.45
122,0.0037391806465556935,0.99892,0.43220581762492655,92.56
123,0.0035673715460026053,0.99898,0.43188656628131866,92.55
124,0.0041106941578600105,0.9987,0.4262109933048487,92.5
125,0.0043428513314336765,0.99862,0.42894710727036,92.52
126,0.0037411607869202866,0.99886,0.43016581527888775,92.5
127,0.003678340017033355,0.999,0.42846998892724514,92.48
128,0.003915681756641049,0.99892,0.4272820822149515,92.46
129,0.0045403553672549325,0.9987,0.42896171323955057,92.44
130,0.003749267715017509,0.99894,0.4293925905227661,92.49
131,0.0032233480468887806,0.99908,0.43342580646276474,92.55
132,0.0040385164662866905,0.9987,0.43167909696698187,92.52
133,0.0034667707446282563,0.99892,0.4265734536200762,92.45
134,0.004025449599984967,0.9988,0.42644807167351245,92.59
135,0.00413676253740278,0.99858,0.4283323552459478,92.52
136,0.003872216912581945,0.99896,0.4331182775646448,92.59
137,0.003711043089619883,0.99892,0.429460562095046,92.45
138,0.004292835363858592,0.9986,0.43717772260308263,92.46
139,0.004318458178197332,0.99872,0.43467314414680003,92.52
140,0.00419694406952223,0.99866,0.43402985006570816,92.59
141,0.0037601490432391765,0.99884,0.42929598324000834,92.55
142,0.0034993623051068285,0.9989,0.43017228990793227,92.53
143,0.0038446387013449045,0.99882,0.42586215890944,92.46
144,0.004123547599743814,0.99868,0.4263833109289408,92.51
145,0.003587571184729676,0.99894,0.4294019855558872,92.49
146,0.0038818917968167503,0.99888,0.43033502891659736,92.51
147,0.0038216980227776575,0.9988,0.4274757105857134,92.48
148,0.003619240286275911,0.999,0.42804835855960843,92.39
149,0.0040225278595974545,0.99878,0.4301225233823061,92.55
150,0.003947689186941232,0.99904,0.4331295403838158,92.47
151,0.0035932410365182555,0.99894,0.4321647886186838,92.51
152,0.0036443643318965573,0.99892,0.4292670978605747,92.44
153,0.0037484851077316888,0.99892,0.4318072022497654,92.48
154,0.004178402779857292,0.99878,0.43143470890820024,92.52
155,0.004437937300004389,0.99866,0.4306914047896862,92.45
156,0.00375993913301574,0.9989,0.42820574060082434,92.52
157,0.004203728444459241,0.99858,0.4259828381240368,92.47
158,0.004065730067340971,0.99882,0.4273404408991337,92.56
159,0.0034692101847485202,0.99912,0.4355585253983736,92.51
160,0.003608015852996989,0.9989,0.4302064530551434,92.53
161,0.00403256993859892,0.99878,0.4282528804242611,92.46
162,0.004003967246626649,0.99882,0.4279229760915041,92.54
163,0.003538318860578015,0.99906,0.43051818914711476,92.55
164,0.0039074986695509665,0.9989,0.4325828706473112,92.51
165,0.0040327432991751015,0.9987,0.4258620201796293,92.47
166,0.003700894763326401,0.99906,0.4340203255787492,92.6
167,0.00428188149921496,0.99878,0.4256402387470007,92.59
168,0.0035242643904017136,0.9991,0.43254823610186577,92.41
169,0.003432002597991044,0.99894,0.4299124798178673,92.46
170,0.004119937123777374,0.99882,0.4264788442850113,92.49
171,0.003965633671225794,0.99868,0.43174616575241087,92.5
172,0.003984703169287065,0.99894,0.4318602618575096,92.49
173,0.003234847236777206,0.99918,0.4305049431324005,92.44
174,0.003956068350035516,0.99878,0.4306605429947376,92.63
175,0.004330607890949377,0.99858,0.43269829988479613,92.6
176,0.0040801237295608,0.99884,0.42783523224294184,92.58
177,0.004005345513524911,0.9987,0.433920956030488,92.47
178,0.004106560002659898,0.9987,0.43063251562416555,92.46
179,0.004045058727797949,0.99882,0.43283583723008634,92.5
180,0.0042088085647358,0.99888,0.4298471399396658,92.58
181,0.0035058351309822343,0.999,0.4330829121917486,92.49
182,0.00445032318877747,0.99854,0.43394800774753095,92.43
183,0.004099506615063228,0.99876,0.4271548642963171,92.44
184,0.004091788755010461,0.9988,0.429585171751678,92.55
185,0.003895198973074384,0.99882,0.43072833769023416,92.5
186,0.003987711327879325,0.99882,0.4286718502640724,92.5
187,0.0038380044824479487,0.99888,0.4310633200407028,92.51
188,0.004054303065149585,0.99868,0.4302419850975275,92.5
189,0.003306164015608523,0.9991,0.4286649111658335,92.51
190,0.004028273413798598,0.99902,0.42810263089835643,92.49
191,0.003891864105525529,0.9988,0.43260175876319407,92.48
192,0.003652727026539995,0.99902,0.4302496437728405,92.52
193,0.003855012671645645,0.99886,0.4320801115036011,92.57
194,0.0034184894054685062,0.99896,0.42928435452282426,92.37
195,0.0037776092129327473,0.99882,0.43151318572461606,92.47
196,0.0037212074326965815,0.9988,0.42725984275341033,92.42
197,0.004315743261910713,0.99868,0.43342236466705797,92.53
198,0.003578844028251136,0.99898,0.43009255662560464,92.5
199,0.003727587165615862,0.99908,0.4307969769090414,92.39
200,0.0036853165988026716,0.99914,0.4279199520498514,92.56
201,0.0038470726852040844,0.99906,0.4263308779150248,92.54
202,0.004332907369260288,0.99852,0.42851029805839064,92.49
203,0.0038912840368573926,0.99876,0.42920644730329516,92.47
204,0.00455711508730112,0.99844,0.42931383445858956,92.55
205,0.003908572514848712,0.99872,0.4284474880248308,92.61
206,0.003997438815426822,0.99876,0.4310053295642138,92.58
207,0.004295256661425066,0.99874,0.4258425135537982,92.52
208,0.004232094276879849,0.9988,0.4318687445670366,92.53
209,0.0039411855961584375,0.99888,0.4314228377491236,92.45
210,0.003964414079304394,0.999,0.42783127292990686,92.49
211,0.003795705679708811,0.99892,0.4258796888589859,92.47
212,0.0044730826759772834,0.9987,0.42878115631639957,92.52
213,0.00426808580317918,0.99884,0.4272583843022585,92.46
214,0.004374800035563271,0.99876,0.42998667240142824,92.54
215,0.003561606909365148,0.99902,0.4334815029799938,92.48
216,0.003864244538861925,0.99894,0.42787623949348924,92.45
217,0.003925471295555503,0.99864,0.4291554947942495,92.58
218,0.004627711303970393,0.9985,0.43296479992568493,92.58
219,0.0041885301435028045,0.99856,0.43147204972803593,92.56
220,0.003806758470133023,0.99882,0.42896886423230174,92.56
221,0.004000166047137002,0.99896,0.42857470229268074,92.5
222,0.003659797638021719,0.99894,0.43088464066386223,92.41
223,0.00436300401727114,0.99862,0.4309397582709789,92.5
224,0.0034202435816092715,0.9991,0.4295787811279297,92.49
225,0.003761702882902473,0.99908,0.43179299660027026,92.38
226,0.003956514329243394,0.99882,0.4364076805859804,92.59
227,0.004026147101045875,0.99884,0.43008528523147105,92.57
228,0.0034057871631198965,0.99908,0.42812791109085085,92.39
229,0.004219517216581823,0.9986,0.42675601951777936,92.51
230,0.00378693624705081,0.99876,0.4288915817067027,92.57
231,0.003915460138043384,0.99888,0.42471761159598825,92.51
232,0.0037870030802571275,0.99888,0.4311219739168882,92.59
233,0.004082897380875695,0.99874,0.4337141012400389,92.51
234,0.004247558648552736,0.99884,0.43015905529260634,92.53
235,0.003667008284184024,0.99886,0.42697075195610523,92.45
236,0.0035444289769517626,0.99904,0.4310965958982706,92.48
237,0.003337339641500438,0.99914,0.43020309910178184,92.42
238,0.003334887598491157,0.99916,0.43460055992007257,92.53
239,0.004313058558526351,0.99844,0.4300866986811161,92.48
240,0.0039827731431133166,0.99884,0.43081762254238126,92.52
241,0.003929774473418894,0.9987,0.4261499805003405,92.56
242,0.0037276057235877532,0.99894,0.4262903729081154,92.43
243,0.003918274957805758,0.9988,0.4284115833044052,92.51
244,0.004196033787826086,0.99894,0.42955709256231783,92.56
245,0.003807002353682028,0.99884,0.42882965490221975,92.44
246,0.0033537953296471435,0.99914,0.43039853535592554,92.41
247,0.003581940749501738,0.999,0.4294757103174925,92.49
248,0.004273674778325859,0.99872,0.4313561449944973,92.46
249,0.004090594859017283,0.99876,0.4235811246931553,92.39
250,0.0036798052012186754,0.99886,0.42959368459880354,92.45
251,0.004146560569248541,0.99882,0.4247778186202049,92.55
252,0.0038029594130128087,0.99896,0.4264603306353092,92.42
253,0.004383460944875732,0.99856,0.4306071261316538,92.47
254,0.0038487930452246267,0.9989,0.4288875240087509,92.5
255,0.004418071687204854,0.99866,0.43033284045755865,92.56
256,0.003855425401401999,0.99882,0.4318538384512067,92.46
257,0.004200879601128114,0.99884,0.43186431579291823,92.53
258,0.0038194757593294566,0.99878,0.4225871733576059,92.46
259,0.0038883162390254914,0.99874,0.43097484081983567,92.48
260,0.0036659074903768307,0.99892,0.43347562327980993,92.55
261,0.003572642934643199,0.99886,0.4297973701357842,92.53
262,0.004681872777983813,0.99848,0.4306587644666433,92.48
263,0.00410745804653029,0.99876,0.43215030677616595,92.56
264,0.0034169138696811653,0.99916,0.4322738615423441,92.5
265,0.004220460115186394,0.99878,0.4291726494580507,92.49
266,0.004259261151697115,0.99878,0.42882648088037967,92.53
267,0.0038202503710449854,0.9988,0.4286868766695261,92.46
268,0.0034461037191512336,0.99916,0.427726219445467,92.41
269,0.003515443977509218,0.99888,0.43081822372972967,92.56
270,0.003885568304927043,0.99894,0.42918588176369665,92.55
271,0.004126052307846296,0.99868,0.43110832162201407,92.53
272,0.004007877834388972,0.99912,0.4235607717186213,92.51
273,0.0042639693276256396,0.99858,0.432797576636076,92.47
274,0.004032106168837289,0.99884,0.428358084782958,92.53
275,0.004016925668929849,0.99872,0.4346342929452658,92.41
276,0.0036109894990612565,0.99906,0.43280371829867365,92.54
277,0.0034825043671507187,0.99898,0.4298655001074076,92.52
278,0.003715296649871885,0.99886,0.4312744815647602,92.43
279,0.004064549187496317,0.9987,0.42208673030138016,92.48
280,0.004078112228218552,0.99866,0.4264803797006607,92.49
281,0.004112749770783898,0.99864,0.4323802453652024,92.41
282,0.003880764491132001,0.99886,0.43340215846896174,92.56
283,0.003605843536541476,0.99884,0.4282186094671488,92.5
284,0.004244804033673728,0.99868,0.4334505488723516,92.47
285,0.003982394710769686,0.9988,0.4330257323384285,92.42
286,0.004340373012987549,0.99872,0.4334663013368845,92.41
287,0.004181527119675351,0.9988,0.4292244047671556,92.56
288,0.0034757286872621864,0.9991,0.43567839950323106,92.56
289,0.004032558721044789,0.99866,0.4316564066708088,92.52
290,0.004022473160622884,0.99892,0.4330432393401861,92.54
291,0.00424233703014186,0.99878,0.426061058267951,92.51
292,0.0038179415571408066,0.99878,0.43633474722504617,92.38
293,0.004003669835550858,0.99888,0.4296146797388792,92.43
294,0.003702606373142613,0.99888,0.42491262190043927,92.5
295,0.004125453461178333,0.9987,0.43282160244882106,92.45
296,0.004229710603643761,0.99858,0.4225607156008482,92.43
297,0.003968948731794382,0.99876,0.43142834678292274,92.61
298,0.0034773253303978717,0.99892,0.43234927512705323,92.6
299,0.0038794146140899194,0.99884,0.4281912187486887,92.53
300,0.0043300537468717835,0.99864,0.4281939550489187,92.5
301,0.004111736060103492,0.99872,0.4323677055537701,92.53
302,0.004023850815075323,0.99882,0.4263313037157059,92.47
303,0.0034790937961472193,0.99898,0.4317224632203579,92.54
304,0.0037508007702286668,0.9988,0.4369357833266258,92.47
305,0.0039374399757551035,0.99884,0.4313439290225506,92.49
306,0.004388902486865277,0.99866,0.42718174681067467,92.5
307,0.004274668464975436,0.99874,0.4315190643072128,92.53
308,0.0038041425511583953,0.99888,0.4331806486845016,92.54
309,0.004027785274082238,0.99888,0.42692042484879494,92.53
310,0.0037077781765142937,0.99896,0.42465245559811593,92.54
311,0.0033856963660196422,0.99904,0.4291227834671736,92.55
312,0.00402750272084685,0.9987,0.43274125300347804,92.46
313,0.0038640191736857375,0.99884,0.42455913946032525,92.5
314,0.003932277162861831,0.99896,0.42685243375599385,92.52
315,0.0039742202442937325,0.99886,0.42646180495619773,92.57
316,0.004162918494241979,0.99882,0.4306773640960455,92.56
317,0.0039792371570797225,0.99886,0.4289173000305891,92.48
318,0.0038798219388704556,0.99878,0.42810873486101625,92.48
319,0.003799980152886637,0.9988,0.4303476247191429,92.41
320,0.004029499702131771,0.9988,0.4292224093526602,92.48
321,0.0034197355970999946,0.99896,0.42656350426375866,92.54
322,0.004110448788899138,0.9988,0.43062614649534225,92.54
323,0.003889535967757225,0.99878,0.4321282707899809,92.54
324,0.00426882852221389,0.9987,0.42987727478146553,92.51
325,0.004111359386569094,0.99876,0.42915989868342874,92.5
326,0.0035951743536020504,0.99892,0.42709249824285506,92.57
327,0.0040315613853256875,0.99888,0.43085988126695157,92.51
328,0.004155656470514624,0.99874,0.42682931672781704,92.5
329,0.0038291297786299835,0.99878,0.4365650049597025,92.47
330,0.003770515055912535,0.99902,0.42580811999738216,92.43
331,0.0035795779979747276,0.99908,0.42784955009818076,92.46
332,0.0037289535431155596,0.99906,0.4287047703564167,92.48
333,0.00407746663231336,0.99878,0.4270047704875469,92.56
334,0.004394993233634992,0.99856,0.4240949695557356,92.58
335,0.004408536385983,0.99856,0.4307840785384178,92.54
336,0.003264835509269134,0.99908,0.4291178194433451,92.49
337,0.003386588266972081,0.99902,0.43122089564800264,92.62
338,0.00441484354779391,0.99864,0.4290201909095049,92.56
339,0.003953209435662536,0.99886,0.42864415429532526,92.54
340,0.0035575152243204093,0.99892,0.43384345099329946,92.52
341,0.004310991704675948,0.9987,0.4329398311674595,92.39
342,0.003927566206363766,0.9988,0.4295037935674191,92.46
343,0.0037820982296303237,0.99892,0.430741513594985,92.63
344,0.003594465362315383,0.99882,0.43132807247340677,92.54
345,0.0037837561495040004,0.9988,0.43132870338857177,92.45
346,0.004512424860626002,0.9987,0.43406314954161646,92.55
347,0.003796713683061073,0.99882,0.4275741159915924,92.49
348,0.0035022924394558764,0.999,0.42642929434776305,92.36
349,0.0035765687863597326,0.9991,0.43395472086966036,92.5
350,0.003908051868610065,0.99888,0.4295555122941732,92.49
351,0.004208780447011599,0.99882,0.4234760968387127,92.55
352,0.003951524629655397,0.99904,0.4314020928740501,92.44
353,0.003938827244445796,0.99868,0.43014219097793105,92.58
354,0.0040538509196513675,0.99884,0.4312291819602251,92.49
355,0.0033107748602890907,0.9991,0.42675590798258783,92.58
356,0.004090535490180526,0.99866,0.427644530646503,92.49
357,0.003512081763971492,0.99898,0.4317695122212172,92.49
358,0.0037568027065480914,0.99894,0.4318565440177917,92.69
359,0.003885088880058697,0.99872,0.4345912961661816,92.49
360,0.003790407829806018,0.99898,0.4296502514183521,92.52
361,0.003959685664080902,0.99874,0.43324520625174046,92.52
362,0.004043039967245816,0.9988,0.4231181447207928,92.51
363,0.004074418692450757,0.99876,0.42767088137567044,92.52
364,0.004151580184448006,0.99892,0.42857302375137807,92.51
365,0.0037373039023498133,0.99902,0.4325522300601006,92.45
366,0.0039074293449711615,0.99876,0.4316347073763609,92.56
367,0.0039978617502440745,0.99884,0.42730181343853474,92.44
368,0.0036757651697415525,0.999,0.4285794002562761,92.49
369,0.003670080341017612,0.99892,0.43319452963769434,92.51
370,0.004264621502336334,0.99852,0.43425305776298045,92.56
371,0.0036251612331853976,0.999,0.4292486438900232,92.48
372,0.004168350886686913,0.99878,0.4301337867230177,92.49
373,0.0040212382088758315,0.99872,0.4311094854027033,92.55
374,0.004174688739566337,0.99888,0.42912685617804525,92.54
375,0.0045761709873233455,0.9985,0.42767631031572817,92.53
376,0.003844703662583171,0.9989,0.43005093932151794,92.44
377,0.003901865461941265,0.99908,0.4320237886160612,92.53
378,0.004210247448139378,0.99868,0.4317387887090445,92.51
379,0.0037680120419358353,0.99876,0.4297756343334913,92.48
380,0.004316547806339,0.99842,0.4268805082142353,92.62
381,0.003812145106369377,0.9988,0.42943574108183385,92.46
382,0.003667469526452901,0.99898,0.4320001383125782,92.54
383,0.003968147286440214,0.99886,0.42456331200897696,92.5
384,0.0036642318082344538,0.99902,0.4296287556737661,92.51
385,0.004029377770926946,0.99866,0.43407210409641267,92.47
386,0.004058903259465761,0.99892,0.434194798246026,92.58
387,0.00392583686896526,0.9988,0.43418268650770186,92.49
388,0.003827646523571152,0.99874,0.4277065048366785,92.48
389,0.0035990091378885723,0.999,0.43175268679857254,92.45
390,0.0037607101799772523,0.99878,0.4268247786536813,92.5
391,0.003499978748352631,0.99916,0.42679787285625936,92.41
392,0.003411915515313673,0.99904,0.4368312744796276,92.51
393,0.004118303813592857,0.99888,0.4260409963130951,92.48
394,0.004762707662064811,0.99856,0.43409714914858344,92.53
395,0.004082750409955868,0.99854,0.4309958934038878,92.5
396,0.003926587743027245,0.9987,0.43310146160423757,92.49
397,0.003922198247045393,0.99868,0.42916380643844604,92.41
398,0.00420005823036863,0.99884,0.42649756208062173,92.43
399,0.0036681077307295007,0.99886,0.43263627737760546,92.55
