0,1.9647551146919464,0.31244,1.6035801184177398,39.92
1,1.3562985679987447,0.50566,1.3666575825214387,52.12
2,1.0956651295542412,0.60802,1.0180290299654007,63.84
3,0.8508105488384471,0.70032,1.0653618860244751,66.51
4,0.6923340085674735,0.75846,0.8147953909635544,73.14
5,0.587732706076044,0.7979,0.7137127658724784,75.43
6,0.517494402197011,0.82214,0.6341289713978767,78.2
7,0.4562840553958093,0.84386,0.5405143520236015,81.53
8,0.41469251381619204,0.8572,0.49100092589855193,83.38
9,0.3761646719768529,0.871,0.5360011959075928,82.53
10,0.34169493451752625,0.88096,0.6053878054022789,80.12
11,0.31589928208409673,0.89144,0.496341649889946,84.07
12,0.293858220834104,0.8987,0.5118611773848534,82.96
13,0.26947396591572503,0.90508,0.5743841966986656,81.33
14,0.250678119318717,0.91268,0.4131963151693344,87.17
15,0.22854750229955634,0.92,0.4262623372673988,86.6
16,0.21373781114054458,0.925,0.5124510031938553,84.77
17,0.19902188936843895,0.9302,0.46354629665613173,86.43
18,0.1838884658139685,0.93548,0.362376633733511,88.54
19,0.1699090622498861,0.93972,0.4616871640086174,87.21
20,0.16221498225427344,0.942,0.4381318248808384,86.66
21,0.14712195081250443,0.94834,0.46596906930208204,86.91
22,0.1370009693848279,0.95186,0.42674137637019155,87.9
23,0.13249142475597694,0.95354,0.46992970257997513,87.49
24,0.12000511673367237,0.9577,0.4998433393239975,87.5
25,0.11250708598519682,0.9603,0.3842166532576084,89.43
26,0.1090951531487124,0.96094,0.42305898934602737,88.68
27,0.09751366136971946,0.96568,0.4933789622783661,87.64
28,0.09380453578708574,0.96708,0.37769326969981193,89.78
29,0.0867441255227684,0.9694,0.6431164456903935,86.42
30,0.08126099894771262,0.97062,0.3939395624399185,89.89
31,0.07697338663051119,0.97294,0.5575195693969727,87.44
32,0.07463024222932736,0.97358,0.4591211031377316,89.36
33,0.0722728821370379,0.97386,0.3851799364387989,90.18
34,0.06051996492845056,0.97932,0.4707393610477448,89.19
35,0.06558913732295299,0.97674,0.39224514961242674,90.7
36,0.05804459791740074,0.97956,0.4074408684670925,90.32
37,0.056007422131660115,0.98032,0.5338567478954792,88.11
38,0.054132388786786736,0.98136,0.42206057541072367,90.95
39,0.055208637495822915,0.98046,0.4299887302517891,90.42
40,0.05014884376140964,0.98286,0.4133309730887413,90.7
41,0.04545671982890771,0.98374,0.38798709120601416,91.11
42,0.04457238679239645,0.98446,0.4215274215489626,90.48
43,0.03834346275302627,0.98734,0.5700141255557537,88.54
44,0.0430798228666939,0.98486,0.48431982174515725,90.23
45,0.03985063549574188,0.98568,0.4058563683182001,91.19
46,0.03731802952162626,0.98698,0.42810889437794686,90.61
47,0.037910949422137054,0.9865,0.40677408769726753,91.28
48,0.033809011591874695,0.98804,0.5050893897563219,90.25
49,0.03184677125847972,0.98874,0.4438141567260027,91.01
50,0.03385257978043507,0.98844,0.4287420603632927,91.34
51,0.028560349822837543,0.98996,0.4159627060592175,91.72
52,0.030671589595177556,0.98946,0.4427188879996538,91.14
53,0.03018536706618212,0.98916,0.5101700821518897,90.72
54,0.025830032793409608,0.99158,0.43287279441952703,91.88
55,0.02497529422225969,0.99106,0.4635138613730669,91.52
56,0.026827708743881826,0.99068,0.5108843828737736,90.63
57,0.027367007363971102,0.99082,0.4387708919774741,91.8
58,0.02088724691903128,0.99282,0.6341167956590652,89.86
59,0.024776737509971804,0.9914,0.5469244287908077,89.8
60,0.02522728315231812,0.99118,0.48102711264044046,91.08
61,0.024605959902762833,0.99148,0.43296903975307943,91.54
62,0.02119652259245734,0.99284,0.45310892812907694,91.76
63,0.019346913632378816,0.99348,0.46734272509813307,91.75
64,0.021953780458176562,0.99254,0.46542887642979625,91.33
65,0.019314032481046028,0.99326,0.4526181469857693,91.69
66,0.020312572518438626,0.99294,0.44493245050311087,91.46
67,0.01621267139708297,0.99454,0.4731158618628979,91.8
68,0.018387492529138603,0.99336,0.48663225084543227,91.21
69,0.020138583403876257,0.99312,0.6155993660911918,89.25
70,0.019236785640298147,0.9934,0.43776828177273275,91.5
71,0.015356274085681198,0.99468,0.46319971203804017,91.95
72,0.01912422312534196,0.99378,0.43957972127944234,91.91
73,0.014814209054208414,0.99504,0.5298668887466192,91.07
74,0.01390234496009916,0.99504,0.7201002614200115,89.34
75,0.01417309834337954,0.99492,0.5074982931464911,91.8
76,0.01916024716594197,0.99366,0.4402912920713425,92.02
77,0.0138846977081363,0.9954,0.4367922163009644,92.09
78,0.01206124301158997,0.99588,0.46544421184808016,92.27
79,0.013243010747251654,0.99546,0.44855838336050513,92.27
80,0.01393039764300801,0.99522,0.5511697199195623,91.06
81,0.01437741742678382,0.99548,0.4568665525317192,92.12
82,0.012638946470972436,0.99586,0.4599400605633855,91.69
83,0.012445474328348756,0.99574,0.4869614265859127,92.12
84,0.011746093404547507,0.99616,0.56810003682971,90.94
85,0.012456109548569507,0.99584,0.4599258475750685,92.31
86,0.011538696045022043,0.99602,0.5511944074183702,91.81
87,0.013469289914068297,0.9952,0.49087266527116297,91.71
88,0.009774794177007218,0.9969,0.4600065400637686,92.36
89,0.011933604233658246,0.99626,0.4833505316078663,91.66
90,0.009998387474778984,0.99652,0.4725628866255283,92.29
91,0.008100870905754863,0.99726,0.510770245976746,92.18
92,0.009946921012395442,0.99678,0.4994621154665947,92.34
93,0.011949994193669588,0.99584,0.5775668434053659,91.25
94,0.012315670912571745,0.99606,0.4805167323350906,91.75
95,0.009387473558241566,0.99668,0.5532201857864857,91.66
96,0.012530971777222245,0.99612,0.6151682832837104,90.58
97,0.010365578637234635,0.9964,0.4712455494701862,91.98
98,0.00927572655405187,0.99694,0.5006160017102956,91.92
99,0.0073852221260580905,0.9974,0.49598874133080245,91.85
100,0.010325509439012759,0.99662,0.49098408967256546,92.17
101,0.008646082058918121,0.99704,0.7130994153022766,90.46
102,0.009555970299043854,0.99688,0.8717510041594505,89.37
103,0.009857816906223702,0.9968,0.5811822147667408,91.01
104,0.012535020161461493,0.99584,0.6052705685794354,90.2
105,0.007048716057755757,0.9978,0.5029508508741856,92.06
106,0.007611140391564845,0.99748,0.4921141141653061,92.32
107,0.00967740259303213,0.99668,0.46053080782294276,92.25
108,0.006307420427919916,0.9979,0.4858129329234362,92.17
109,0.0072631451231196745,0.99772,0.4679323488473892,92.77
110,0.007353805765860043,0.99736,0.4915282831341028,92.16
111,0.007304125736635613,0.99736,0.4990617172420025,92.22
112,0.006608595414941087,0.99784,0.526752969995141,91.92
113,0.007197404145104218,0.99754,0.6322758647799492,90.94
114,0.00886427226028351,0.99686,0.5419451670348644,91.96
115,0.007303120204782866,0.99758,0.4751225204579532,92.43
116,0.006136937140472396,0.99792,0.5036207522451878,92.33
117,0.006826749708888087,0.99786,0.5848413221538067,91.81
118,0.00702279156411283,0.99774,0.493979297876358,92.36
119,0.007204739912164636,0.99746,0.5106108418107033,92.14
120,0.007254718296315662,0.99748,0.589007308781147,91.14
121,0.0059144371034539674,0.9981,0.5211373449862003,92.05
122,0.0067344839457026354,0.99768,0.5002047681808471,92.29
123,0.008220295937711541,0.99706,0.503209111019969,92.4
124,0.007619118052984715,0.9972,0.48414470441639423,92.12
125,0.007634318171609345,0.99736,0.4637642928212881,92.89
126,0.004160107335372562,0.99866,0.5666987285017967,91.82
127,0.006238706806042875,0.99778,0.492201670370996,92.39
128,0.005017233425988402,0.99852,0.4899957502633333,92.49
129,0.008039942960861265,0.99722,0.5041231919825077,92.39
130,0.005614845242099966,0.99812,0.5515071552991867,92.07
131,0.006697878973544998,0.99774,0.4920322526246309,92.68
132,0.004686564183458077,0.99832,0.5031542239338159,92.78
133,0.005627802272415709,0.99816,0.6772488215565682,90.62
134,0.0058058446584743325,0.99818,0.5212954553286545,92.35
135,0.0048327307332094,0.99838,0.5413393749110401,92.21
136,0.008321434870222941,0.9973,0.5025967428833247,92.27
137,0.005810060060008496,0.99806,0.7107373131811618,90.91
138,0.005441292382153648,0.99822,0.49368085741996764,92.48
139,0.005018336595726059,0.99836,0.5060676860809327,92.5
140,0.0050640912994871275,0.99856,0.5718158008158207,92.22
141,0.004901270568303829,0.99832,0.5185468776524067,92.5
142,0.006154142358848002,0.99798,0.5016380973905324,92.63
143,0.005123158351409093,0.99824,0.5189036323130131,92.38
144,0.0076879692952572486,0.99756,0.5328146835044026,92.0
145,0.004095108156748455,0.99868,0.4884172067046165,92.83
146,0.003712595582179635,0.99864,0.5127974317967892,92.61
147,0.00604488343106146,0.99784,0.5618288417905569,92.53
148,0.004962828623817872,0.99844,0.5292071983218193,92.65
149,0.004756828509759667,0.99842,0.5421580225229263,92.43
150,0.004566967611142788,0.99838,0.49988838568329813,92.74
151,0.006306806313075918,0.99788,0.5327406485378742,92.28
152,0.005339111631644493,0.9983,0.49798495035618545,92.83
153,0.004420415352071401,0.99844,0.5898016356676817,92.06
154,0.007009146466289702,0.99776,0.5256901279091835,92.49
155,0.006117913219707442,0.99774,0.5160589085519314,92.19
156,0.005378408664777653,0.99842,0.5082307869940996,92.81
157,0.005334950872845098,0.99812,0.5402095502242446,92.18
158,0.003875501960595304,0.9987,0.5049697360768914,92.7
159,0.005822202705007432,0.99832,0.5008546181023121,92.73
160,0.003925701968117098,0.99886,0.5604090705513954,92.16
161,0.003898309815032726,0.99864,0.5671514001488686,92.28
162,0.004267609928824629,0.9987,0.5320846091210842,92.33
163,0.003108922018404336,0.99916,0.5689992428570986,92.09
164,0.005396193961369927,0.99816,0.5264766985550523,92.31
165,0.005468229993491087,0.99806,0.5235235089808703,92.43
166,0.0031532633944673662,0.99886,0.545722049549222,92.48
167,0.002585249350539858,0.99918,0.5035354181751609,92.9
168,0.0036058391999963034,0.99886,0.5250843477994204,92.58
169,0.002473516135169097,0.99924,0.5027822851389646,93.01
170,0.003970027891919808,0.9987,0.5467848686128854,92.56
171,0.0034479587199457407,0.99882,0.5467420381307602,92.47
172,0.005975151701955452,0.99794,0.5532209546864033,92.14
173,0.0035855235796693787,0.9988,0.5906660336256028,92.3
174,0.004672918077056498,0.99846,0.5695874333381653,91.97
175,0.005155517809128206,0.9982,0.5227067499607801,92.42
176,0.0034874863412232213,0.99882,0.5335028968751431,92.77
177,0.0031062284519696817,0.99904,0.7166521979868412,90.97
178,0.004185833706192298,0.99848,0.5688801000267267,92.6
179,0.005359624179495268,0.99816,0.557530667334795,92.26
180,0.0034557164524503465,0.99882,0.56281260676682,92.39
181,0.005098448544866378,0.99858,0.5651940853148699,92.22
182,0.003989416735188235,0.99872,0.5450157871842385,92.19
183,0.0022153224238070117,0.9991,0.5399351006746292,92.84
184,0.0027403697998472447,0.99924,0.6107849365100264,92.49
185,0.00484597653367088,0.99842,0.5932935694977641,92.19
186,0.004598104096090501,0.9986,0.517802759744227,92.75
187,0.003881700206849807,0.99862,0.550296233817935,92.51
188,0.0032813822155958986,0.99896,0.5200284777209163,92.94
189,0.00601634378201937,0.99806,0.52085777644068,92.61
190,0.004886020898519074,0.99842,0.5307095476239919,92.33
191,0.003259844882491994,0.99888,0.6691211012005805,91.42
192,0.003771003224486162,0.99876,0.5029318166896701,92.85
193,0.003355863760065906,0.9989,0.5075314415246248,92.77
194,0.003025663639785184,0.99896,0.5325095404684543,92.64
195,0.0015664491254762565,0.99948,0.5598693277314305,92.85
196,0.0023050700114227393,0.99924,0.5589362316578627,92.85
197,0.002139656989867963,0.99942,0.6179208208620548,92.58
198,0.0038523509040521934,0.99862,0.5696578088402748,92.46
199,0.004571712079761891,0.99844,0.7733846239745616,90.3
200,0.0049670449928310954,0.99836,0.5151226724311709,92.78
201,0.002323769882227831,0.99924,0.526860131546855,92.89
202,0.003704587758831082,0.9986,0.5379350781440735,92.73
203,0.004020222960458536,0.9988,0.5283371516317129,92.82
204,0.0029844042588718462,0.99898,0.5467057232558727,92.69
205,0.0026811623213769268,0.99918,0.6004303966462612,92.21
206,0.003922308893077133,0.9986,0.5406156546249986,92.69
207,0.0029086356555098345,0.99894,0.5351900527626277,92.77
208,0.0025250264761501142,0.99934,0.5398917577415705,92.78
209,0.0022128106950584764,0.99926,0.5455907866358757,92.89
210,0.0018162923358304955,0.99956,0.5694171158969402,92.5
211,0.002524675246080072,0.99912,0.588325339332223,92.35
212,0.00250181394754165,0.99912,0.5763073108531535,92.7
213,0.0007299258818885855,0.99988,0.5686416858807206,92.89
214,0.0017035773642708968,0.99942,0.5868133721128106,92.79
215,0.002156428762088134,0.99918,0.5923501458764077,92.88
216,0.0037000693570912414,0.99878,0.5908936120755971,92.74
217,0.0032283723931715216,0.99908,0.5671100816875696,92.46
218,0.003442227220144127,0.999,0.5562332013715059,92.61
219,0.001767117289367042,0.99936,0.602095752954483,92.52
220,0.0027990620310738173,0.99894,0.5801061547547579,92.52
221,0.002326983661248069,0.99918,0.5693540775030851,92.84
222,0.0029452261875805488,0.99904,0.5511318642646075,92.63
223,0.004603107440643748,0.99828,0.6207986444607377,92.11
224,0.00532399885716,0.9982,0.5635418186336756,92.32
225,0.0036767178413016697,0.9988,0.5102439051494002,93.03
226,0.003080570909217751,0.99894,0.5107345136255026,92.75
227,0.0027396718567108524,0.99906,0.5469240564480424,92.68
228,0.0025565057460082935,0.99924,0.516224382482469,93.25
229,0.0031309935161783977,0.99892,0.5535091149806977,92.74
230,0.003232067856880835,0.99894,0.5468557118624449,92.58
231,0.0031268493291557735,0.9991,0.5135101900994777,92.95
232,0.00117184343959458,0.99962,0.5325593234971165,92.73
233,0.001954213932536671,0.99932,0.5292094046249985,93.11
234,0.002066773906749625,0.99916,0.5418724278640003,93.12
235,0.0038271875017137965,0.99876,0.5702623898535967,92.29
236,0.0034778774079918516,0.99904,0.5028145388141274,92.92
237,0.0032582998220740548,0.99894,0.528610342182219,92.71
238,0.0035672483402991286,0.99888,0.5490716170147061,92.57
239,0.001884348280324778,0.9993,0.527924426048994,93.15
240,0.0017843708398303793,0.99936,0.5288421551883221,92.97
241,0.0019207315856411159,0.99946,0.5244149228185415,92.95
242,0.0008456462717166247,0.99974,0.5212801985070109,93.17
243,0.0009891702629530041,0.99962,0.5178507124632596,93.0
244,0.00134072737013734,0.9996,0.5419848639518022,92.79
245,0.00281105051598053,0.99918,0.5490466135740281,92.82
246,0.001925408324468616,0.99934,0.5831529685109854,92.39
247,0.0016767909413529266,0.99944,0.557301876693964,92.48
248,0.002361800697333638,0.99914,0.5549499225243926,92.82
249,0.0021815052982395258,0.99934,0.5536682135611772,92.69
250,0.0021023706445794,0.9992,0.5785754652321339,92.6
251,0.002712554288763958,0.99916,0.5547126635164022,92.59
252,0.002263712839347885,0.99928,0.5545270527154207,92.56
253,0.002830942706807078,0.99924,0.5426302216947079,92.75
254,0.0012674234062632587,0.9996,0.5104261291772128,92.96
255,0.0009118957010145086,0.99968,0.5313935216527897,92.86
256,0.0006930627834004167,0.99984,0.5633926787227392,92.82
257,0.0012232255687036238,0.99956,0.5600666320323944,92.98
258,0.0014612952142060679,0.99956,0.5877120279893279,92.66
259,0.0027003237806909925,0.99916,0.6046749031543732,92.53
260,0.003327511272063255,0.99884,0.5974202890694141,92.73
261,0.002561668715172992,0.9992,0.5711388181895017,92.8
262,0.0030209298214729017,0.999,0.5377183456718921,93.1
263,0.0016347393208718732,0.99942,0.5683579213917256,92.65
264,0.0014306117186467006,0.99952,0.5582997462153435,92.89
265,0.0019648200688963066,0.99944,0.5842307472601533,92.9
266,0.002210271219084166,0.9992,0.5718865921720863,92.72
267,0.0013923369874236627,0.99946,0.5658883670344949,93.17
268,0.0025964671983717573,0.99936,0.5654662332683802,92.85
269,0.002224385604164764,0.99922,0.5505998396128416,92.92
270,0.001980580311379652,0.9993,0.6270338631793857,92.36
271,0.004067256562718082,0.9988,0.5474413520470262,92.79
272,0.0015698771167005252,0.9995,0.5660808848589659,92.9
273,0.0016409642112510906,0.99942,0.5378888426348567,93.21
274,0.000889173892470816,0.99966,0.5608463227469475,93.14
275,0.0009572497666872439,0.99968,0.580002965759486,92.96
276,0.0007881914053928841,0.99978,0.5789129564166069,93.34
277,0.0017827020738985927,0.99938,0.6221567784249783,92.85
278,0.0019666639534810845,0.99936,0.63170459844172,92.66
279,0.0027947809430253026,0.99906,0.6075281257927417,92.71
280,0.003398604711454427,0.99882,0.630303370654583,92.26
281,0.0033670230984631775,0.99898,0.5703558440506459,92.59
282,0.0020647399835472657,0.99924,0.5729106393456459,92.75
283,0.0019617864620037843,0.99922,0.5835445467010141,92.51
284,0.00216067844245551,0.99938,0.5448125584423542,93.15
285,0.0018299959105310744,0.9994,0.5684558956325054,92.77
286,0.0017932290341841717,0.99932,0.5957683856785297,92.45
287,0.003287025579792582,0.99888,0.5907552048191428,92.58
288,0.003230903193876829,0.99902,0.587014590203762,92.6
289,0.0018384645853488368,0.9994,0.5808518807590007,92.52
290,0.0032584009041479443,0.99902,0.5520391302555799,92.78
291,0.00248334782932464,0.99924,0.5494479513168335,93.0
292,0.002295031242637148,0.99922,0.5695801814645529,92.75
293,0.0021381614635390955,0.9993,0.5514070104435086,92.83
294,0.0016183415648295398,0.99958,0.54151078350842,93.12
295,0.0014821109335464238,0.99952,0.5585151351988316,93.1
296,0.001041261186435989,0.9997,0.545729006677866,93.23
297,0.001485873538678557,0.9995,0.5654362102597952,93.11
298,0.0012049974785863192,0.99968,0.5492067325115204,93.11
299,0.0011105455384670764,0.9996,0.5797696689516306,92.99
300,0.0006601254552069083,0.99984,0.563667267113924,93.17
301,0.0006502113156045216,0.99974,0.5572397518157959,93.41
302,0.0007800260841905813,0.99978,0.5911056130379438,92.96
303,0.0024783970007627065,0.99928,0.6085982922464609,92.99
304,0.002426126861375051,0.99928,0.580871631577611,92.85
305,0.0035181694640877676,0.99888,0.6097765147686005,92.38
306,0.0024756421803634825,0.99908,0.573528565466404,92.8
307,0.0022118217474476377,0.99922,0.5764070145785809,92.81
308,0.0019355769097827483,0.9994,0.546126331165433,92.92
309,0.0011673719425809622,0.99966,0.5484975349903106,93.32
310,0.0003240065538993908,0.99994,0.5628321617841721,93.28
311,0.0012652620889753489,0.99962,0.5328627388924361,93.29
312,0.002537067816861589,0.99944,0.5886167988181115,92.78
313,0.0015176149375713318,0.9995,0.5958762602508068,92.73
314,0.0009791893381587435,0.99966,0.5533262743800879,93.1
315,0.0015770075667727295,0.99946,0.5900151516869664,93.09
316,0.000992638203973669,0.99962,0.6075536533817649,92.92
317,0.0014761837415419932,0.9996,0.5708118342421948,93.17
318,0.0009739259178330395,0.99968,0.6283509505726397,92.83
319,0.0017477876213165113,0.99934,0.5874093318730593,92.84
320,0.0011599940364552604,0.9995,0.6028762111254037,92.93
321,0.001053379705336573,0.99962,0.5853420259431005,92.71
322,0.0013514090366370534,0.9995,0.5754551736451685,92.93
323,0.0010733153050667685,0.9997,0.5720052597299218,93.04
324,0.0010227439327827608,0.99962,0.5917305178940296,92.72
325,0.0010387399116634835,0.9997,0.5770347038656474,93.02
326,0.001326618436968796,0.99954,0.6163698139041662,92.85
327,0.003212022274342905,0.99902,0.5723115847632289,92.91
328,0.0014513361706138806,0.99954,0.5679182381927967,92.68
329,0.0028250932967203296,0.99924,0.5570527279376983,92.74
330,0.001242170330299551,0.99958,0.7460409627854824,91.21
331,0.0015444354575171982,0.99956,0.5526559136807918,93.29
332,0.0007684978016563329,0.99978,0.6154741752147674,92.53
333,0.001353632896418623,0.99956,0.6303527475520968,92.34
334,0.002978199473698186,0.9991,0.5947039072215557,92.81
335,0.0021946141720763875,0.99932,0.5923258124291897,92.56
336,0.0023783611255163363,0.99922,0.6017488116025924,92.78
337,0.003957000044665573,0.9986,0.5894930386543273,92.46
338,0.0037314720354377482,0.99876,0.566580434590578,92.66
339,0.0017818775711597728,0.99926,0.5645707189291715,93.0
340,0.0017413030177347705,0.99942,0.5615684406086803,92.96
341,0.0013746717751025274,0.9996,0.5692634488642215,93.03
342,0.0012931216933258624,0.99958,0.6319607505947351,92.56
343,0.0018236475424001394,0.99934,0.5619798066094518,92.82
344,0.00078251093056139,0.99972,0.5741582312621176,93.2
345,0.00034082546943026176,0.99992,0.5585362767800689,93.26
346,0.00043541820026151296,0.99988,0.5663815718144178,93.3
347,0.0006947547230089689,0.9998,0.5800113473087549,93.25
348,0.0016336610044298447,0.99956,0.5699901329353452,93.07
349,0.001394868683356119,0.99946,0.5931327682361007,92.73
350,0.0011919162842521872,0.9996,0.5838171318173409,92.69
351,0.0010388010648340587,0.99974,0.7120816497504712,91.68
352,0.001726746486672941,0.99938,0.5940430316329003,92.72
353,0.0016754044580149798,0.99928,0.6018493041582406,92.61
354,0.0011683385905069516,0.99954,0.5563268909975886,93.08
355,0.001816259269134779,0.99942,0.5881458914279938,92.95
356,0.0015576644759699389,0.99954,0.608279553502798,92.89
357,0.0011601967745593258,0.99958,0.6048277546092868,92.85
358,0.0033134158915184824,0.9989,0.5492352170497179,93.24
359,0.001505291050624787,0.99948,0.5635288603231311,93.05
360,0.001243602807240477,0.9996,0.5760460083186626,92.89
361,0.001099252846253086,0.99972,0.584796998873353,93.04
362,0.002029328593354755,0.99934,0.5643291391432286,93.02
363,0.0007944096704310302,0.99974,0.5773800348117948,92.99
364,0.0015035192362691774,0.99956,0.6166739737987519,92.65
365,0.002086371383677284,0.99936,0.5756040883809328,92.78
366,0.0018984446781495515,0.99932,0.5871561368554831,92.73
367,0.0021990916179366765,0.9992,0.5544960755109787,92.93
368,0.002008607291452423,0.99924,0.6185762523114682,92.85
369,0.001989190860352691,0.99928,0.5457998820580542,93.05
370,0.0015146934400314081,0.99942,0.5650832441076636,93.2
371,0.0008805938215478327,0.99966,0.5764993603527546,93.19
372,0.0009159673906210215,0.99972,0.5929011423140764,93.15
373,0.0005395394864875599,0.99984,0.5839057619124651,93.31
374,0.0009308268762218193,0.9997,0.6152504588291049,93.27
375,0.0012596500513773559,0.99954,0.6468537338078022,92.67
376,0.0011623381792980542,0.99972,0.6184245198965073,92.99
377,0.0010492870120492102,0.99968,0.6270300866104662,92.94
378,0.0009571630131539366,0.99964,0.6345292437821627,92.99
379,0.0017124503009895038,0.99946,0.6244802747666836,92.79
380,0.0012773560621429617,0.99956,0.5990307935327291,92.98
381,0.0007974352621660508,0.99974,0.6036049664765596,92.99
382,0.0013358602196616109,0.99956,0.6142964907735586,92.8
383,0.001297175762379479,0.9996,0.60639692902565,93.08
384,0.0014272491909066863,0.9995,0.6024666743353009,92.88
385,0.001285108827142481,0.99948,0.5748235424607993,93.31
386,0.001698556853488394,0.99938,0.6390830124169589,92.8
387,0.0023441949113442713,0.99928,0.631727125775069,92.7
388,0.0024522468473612237,0.9991,0.5875202845782042,92.91
389,0.0014109112375502186,0.99954,0.567593014985323,93.12
390,0.0007811550311567966,0.9997,0.5841635327599942,92.94
391,0.0009266841893781407,0.9997,0.5742949986457825,93.07
392,0.0009946075354428092,0.9997,0.7695103541761636,91.66
393,0.0029115967119012526,0.99898,0.5829379243403673,92.84
394,0.0018953172175341726,0.99944,0.5959729147329926,92.83
395,0.002219330779355849,0.99922,0.5689968267083167,92.89
396,0.0011509887239327626,0.9996,0.5863216677680612,93.08
397,0.0021394540080675833,0.99928,0.6208756457269192,92.72
398,0.0015824368331770827,0.99952,0.5721403737738728,92.83
399,0.001152508961582461,0.9996,0.5540165131911635,93.16
