0,1.9686135050585813,0.31464,1.694427536725998,39.98
1,1.3902313922677199,0.48912,1.5394799971580506,50.83
2,1.1338277376826158,0.59392,1.0087868082523346,63.88
3,0.9259900613818937,0.67328,1.3319040322303772,55.35
4,0.7595106720771936,0.73438,0.7660804682970047,73.39
5,0.6406296229423465,0.77646,0.8601963603496552,71.65
6,0.5503055726933053,0.80984,0.6274057057499886,78.58
7,0.493114804672768,0.82802,0.8736604064702987,73.13
8,0.43938291652123335,0.85034,0.5125673073530197,82.56
9,0.3979281087208282,0.86338,0.5273999838531017,82.73
10,0.35917435956123234,0.8772,0.4973450803756714,83.1
11,0.33186756638462284,0.88478,0.5817614537477493,81.61
12,0.29849497600437125,0.89648,0.5244497081637383,83.97
13,0.2753635810311798,0.9047,0.42426314726471903,86.47
14,0.2515657250304966,0.91242,0.4422682939469814,86.4
15,0.2336020642305579,0.91868,0.39882961213588713,87.55
16,0.21756387892586496,0.92446,0.38363162815570834,87.85
17,0.19635247401035655,0.93154,0.40103102162480353,87.64
18,0.18644368804781639,0.93436,0.55643703058362,85.27
19,0.1719646722535648,0.93932,0.3491939617693424,89.76
20,0.16282628054547188,0.94292,0.3844651162624359,88.22
21,0.1469282118979927,0.94832,0.3833520384132862,88.85
22,0.14232030700501577,0.95014,0.3963460344076157,88.87
23,0.1296768518703063,0.95404,0.4282555256783962,88.0
24,0.12035965505996933,0.95716,0.38406210705637933,89.05
25,0.11562040409125636,0.95902,0.5121741193532944,86.66
26,0.10976664459004122,0.9612,0.43306196250021456,88.69
27,0.09823003648053807,0.96554,0.41223438523709777,89.31
28,0.09898750027617835,0.96552,0.39114068910479544,89.67
29,0.08691973636484207,0.96872,0.48743695139884946,88.51
30,0.08155197833124024,0.97104,0.4449925582110882,88.73
31,0.07832457701130138,0.9725,0.5080800932645798,87.42
32,0.07198058991023647,0.97442,0.4399100418388844,89.23
33,0.07261034736262105,0.97336,0.40097263261675836,90.07
34,0.06434442867498721,0.97736,0.404449435248971,89.52
35,0.06187124473645406,0.97774,0.4331588943302631,89.75
36,0.058324349164615014,0.97986,0.4291342747211456,90.11
37,0.05655987523115047,0.9802,0.41830968119204043,90.43
38,0.05312095461008341,0.9811,0.40201783150434495,90.36
39,0.04984298465139878,0.98248,0.545669035539031,89.12
40,0.04891837327300435,0.9823,0.5771321356296539,88.09
41,0.04499296510539701,0.9844,0.8337965267896652,85.81
42,0.04720403234024182,0.9833,0.43728294238448145,90.49
43,0.04217739532584958,0.98546,0.4643628242611885,90.34
44,0.04007928827277306,0.98616,0.4059532201290131,90.97
45,0.038914963200478755,0.98676,0.41629204533994196,91.08
46,0.036953449539859275,0.9868,0.44897735491394997,90.77
47,0.03279099787306755,0.9888,0.4230395606160164,91.38
48,0.03355564226103408,0.9885,0.48743903294205665,90.02
49,0.03460277742741968,0.98766,0.5233902506530285,89.82
50,0.03186729568940447,0.98862,0.47689719781279566,90.01
51,0.028715769112434075,0.98968,0.4266501371562481,91.66
52,0.02964397625106832,0.98964,0.48951196163892746,90.91
53,0.02531046087346266,0.99164,0.4516311052441597,91.42
54,0.02603945091766927,0.99132,0.45048238478600977,91.37
55,0.026211249998168033,0.99042,0.47286860294640065,90.95
56,0.024569799254179153,0.99168,0.4321674642711878,91.58
57,0.021522055834989107,0.99266,0.4439751420170069,91.67
58,0.023872268745851945,0.99164,0.44015515461564064,91.61
59,0.02175044664717696,0.99248,0.4601363177597523,91.19
60,0.021409282513210535,0.99274,0.4552465733885765,91.54
61,0.023531677678663314,0.9917,0.47982672646641733,90.94
62,0.020461156354535878,0.9927,0.5056404427438974,91.34
63,0.016321493650946164,0.9945,0.5328667463362217,90.64
64,0.021949605923979675,0.99252,0.4969150468707085,91.06
65,0.020196662558352247,0.99304,0.5312627262622118,90.51
66,0.016277875108144168,0.99414,0.5035309436917305,91.23
67,0.01801161219954224,0.99366,0.528206834346056,90.61
68,0.019074879991619484,0.99342,0.5052404929697514,90.96
69,0.017858624115319507,0.99402,0.49681280702352526,91.26
70,0.015061992063375234,0.99498,0.4461301835626364,92.01
71,0.02010439923438041,0.99318,0.48655644707381723,91.28
72,0.016632832250917506,0.99426,0.456792334318161,91.97
73,0.013619178686948383,0.9954,0.4737600348889828,91.34
74,0.015261788709598887,0.99526,0.4341462764889002,91.93
75,0.0141569084876105,0.9952,0.4987602098286152,91.29
76,0.014080382483389676,0.99544,0.4133375035226345,92.51
77,0.012744544652294215,0.99556,0.4905225057154894,91.63
78,0.014243363393256273,0.9953,0.4900893459096551,91.81
79,0.016202958153031976,0.99414,0.4664630410075188,91.76
80,0.014103201518515292,0.99516,0.430706922262907,92.48
81,0.010528983924623645,0.99616,0.48040875382721426,91.81
82,0.014161004520514432,0.99524,0.4636002065241337,91.74
83,0.012063644073732064,0.99558,0.4573603087943047,92.47
84,0.012073665042705548,0.996,0.46163862526416777,91.92
85,0.011720676096561163,0.99558,0.4913860620558262,91.76
86,0.01316946633922322,0.99522,0.5053993255645036,91.76
87,0.01366047845388789,0.99536,0.5239968381077051,91.25
88,0.010331755677890747,0.99626,0.5027302114665508,91.62
89,0.011572908748255666,0.99608,0.4844797421991825,91.74
90,0.011808051314452648,0.99574,0.4920904238149524,91.71
91,0.009714539770198904,0.99668,0.4788004171848297,92.19
92,0.012004812021770745,0.9961,0.4758768662437797,92.19
93,0.009357449509289182,0.99702,0.47464819192886354,91.86
94,0.008146896980979177,0.99708,0.5378335693478584,91.86
95,0.008477715551472077,0.99692,0.5478883132338523,91.48
96,0.011674109944458003,0.99594,0.4721983893215656,92.2
97,0.009439890853503285,0.99674,0.5142146377265453,91.62
98,0.011331102922749336,0.99612,0.5378590002655983,91.37
99,0.009874240856829381,0.99666,0.4513444156944752,92.55
100,0.00987649528140588,0.99666,0.4795613775961101,92.45
101,0.012777511697367329,0.99564,0.506134151890874,92.06
102,0.008394133505325698,0.99706,0.4655167347192764,91.97
103,0.008197753858404792,0.997,0.477618962242268,92.29
104,0.005588681641322992,0.99824,0.5087803748995066,92.05
105,0.006905550489683285,0.99766,0.5502414229139686,91.87
106,0.008353663541738639,0.99736,0.4790163692831993,92.47
107,0.0062866463380664185,0.99798,0.49934798769652844,92.47
108,0.006428566086046455,0.99774,0.5046965129673481,92.2
109,0.007186448554951421,0.99774,0.46596245184540747,92.74
110,0.00835825874925117,0.99722,0.5374975951761007,91.65
111,0.007900609727710714,0.99734,0.5550081244856119,91.69
112,0.008651909679817537,0.99696,0.4794381014257669,92.39
113,0.00923465929753945,0.99694,0.544861681163311,91.91
114,0.007135056460316739,0.99752,0.4990797352790832,91.99
115,0.006122788014200032,0.99774,0.5227515111118555,92.33
116,0.010751802603850532,0.99652,0.48949735827744006,92.23
117,0.0064897856310657835,0.99804,0.4988893409073353,92.19
118,0.00535759760824683,0.99792,0.5130200113728642,92.37
119,0.008085425160086864,0.99702,0.5287726660072803,92.05
120,0.007735882272656984,0.9973,0.49464396372437475,92.37
121,0.008326553526650661,0.9974,0.48377918139100073,92.48
122,0.005824633994526938,0.99796,0.455044624209404,92.93
123,0.006853400031700159,0.99754,0.5362236660718918,92.48
124,0.0059920044534284705,0.99792,0.4920862888544798,92.79
125,0.004025105180342674,0.9988,0.5070867807418108,92.64
126,0.005520333568720371,0.99828,0.5663850478082896,92.05
127,0.007102523108615595,0.99758,0.5351519875228405,92.06
128,0.004812513308985459,0.9983,0.561451627612114,91.97
129,0.00556116483514876,0.99808,0.5237893558293581,92.61
130,0.005036009318383453,0.9982,0.6562399685382843,91.09
131,0.01037396118283043,0.99656,0.5441042959690094,91.79
132,0.00707693286905544,0.9976,0.5073996637761593,92.37
133,0.0059955271652868715,0.9978,0.5356480238586664,92.18
134,0.006874833562675759,0.99748,0.530433793514967,92.3
135,0.007401659640723535,0.99752,0.49698521703481674,92.68
136,0.006632661086071254,0.99762,0.4927658595144749,92.61
137,0.003818680833810178,0.99884,0.5040421061962843,92.51
138,0.004218382181634274,0.9986,0.5472728253901005,92.26
139,0.006436851159062075,0.998,0.47982275575399397,92.99
140,0.004613765879817631,0.99846,0.5107794056832791,92.56
141,0.004035650348045763,0.99874,0.5030961793661117,92.59
142,0.004774899807457319,0.99858,0.5117593251820653,92.3
143,0.005557673397812518,0.99824,0.5059708078950643,92.63
144,0.00584274826957213,0.99804,0.49514186024665835,92.88
145,0.0039031594230071703,0.99868,0.5475220409035683,92.04
146,0.004081924797015359,0.99854,0.48199729941785335,92.78
147,0.00702908270321834,0.99756,0.4880967352539301,92.72
148,0.003928916609805563,0.99874,0.8860326263308526,89.67
149,0.0075523444243571,0.99754,0.4998635102808475,92.77
150,0.0047137059290390795,0.99818,0.5519761721789836,92.53
151,0.00487455765328482,0.99828,0.5360083165764808,92.78
152,0.0042201671358573075,0.99852,0.5172884905338287,92.47
153,0.004524120856124117,0.99842,0.52023352637887,92.23
154,0.0030162108638097564,0.99908,0.4987026020884514,93.07
155,0.004261795611432194,0.9987,0.5802411885559559,91.9
156,0.004138423128948544,0.99862,0.5426499432325363,92.15
157,0.004754171107092972,0.99836,0.5793954495713115,92.06
158,0.005085924972796127,0.99826,0.5754544553905725,92.29
159,0.007462186838888451,0.99728,0.5064442650973797,92.61
160,0.006033656527967099,0.998,0.5439778403937816,92.36
161,0.004936551579031284,0.99836,0.538583403378725,92.75
162,0.005284147551449974,0.99814,0.5189921373873949,92.68
163,0.0038734801561551412,0.99866,0.49419970490038395,92.83
164,0.003360430309384102,0.9989,0.5116943749040366,92.49
165,0.004455070218542957,0.99842,0.545805467441678,92.26
166,0.004475167814811603,0.99844,0.5211744230240584,92.82
167,0.004351507094950723,0.99858,0.5419102557748556,92.69
168,0.006195843712810208,0.99772,0.5046247091516852,92.71
169,0.004261854143291915,0.99848,0.4981104814261198,92.81
170,0.004690486723390381,0.9985,0.5567098639905452,91.94
171,0.004342520633317016,0.99856,0.524715564288199,92.74
172,0.004131820226294201,0.99878,0.5228997845202684,92.49
173,0.004657614308044962,0.99844,0.48193025805056094,92.9
174,0.003701169563033392,0.9987,0.5242343550920486,92.55
175,0.004146341863266952,0.99878,0.6341054215282201,91.58
176,0.003933110459716014,0.9987,0.5101407136023045,92.76
177,0.003422503354368181,0.99882,0.5259145168960094,92.6
178,0.00485810546009132,0.99822,0.5069756446406245,92.9
179,0.0033781036134342404,0.99884,0.5195796728879213,92.71
180,0.0028969354260626667,0.99906,0.5224109023064375,92.79
181,0.002750124580309014,0.99912,0.5432470137625933,92.74
182,0.002661613504523816,0.99912,0.5347695820778608,92.76
183,0.002668738853016063,0.99906,0.5208062271773816,92.73
184,0.0022468320796709233,0.99932,0.5489257201552391,93.0
185,0.004528846486907481,0.9985,0.5233943675458431,92.85
186,0.00359816282339718,0.9988,0.5286866873502731,92.49
187,0.005975376587876779,0.9981,0.5239783777296543,92.55
188,0.0032155058096440467,0.99898,0.5095741426199675,92.9
189,0.0019912457737006973,0.99932,0.5173967498540878,92.78
190,0.002741169866562709,0.99916,0.5748967981338501,92.24
191,0.004958474064425802,0.99864,0.5185117071866989,92.42
192,0.0036778751960819347,0.99888,0.5191926787048579,92.99
193,0.002757077111521393,0.99908,0.5187933018803597,92.76
194,0.002921852362973382,0.99902,0.4974133500084281,93.11
195,0.002312800392051182,0.9991,0.5784714863449335,92.38
196,0.004087894143092463,0.9987,0.47810804618522523,93.22
197,0.0022142874749848987,0.99922,0.48448767356574535,92.73
198,0.002292220589823609,0.99926,0.4785902703553438,93.29
199,0.003978373159778297,0.99856,0.4830032460391521,93.22
200,0.0024223626783901296,0.9992,0.4966589450836182,92.95
201,0.0019236536768159074,0.99932,0.5000429905951023,93.24
202,0.0017293960618538797,0.99936,0.5295916045457125,93.08
203,0.0035207442941663364,0.99882,0.5342634262889624,92.95
204,0.0035211879455143836,0.9989,0.5217572554945946,92.89
205,0.0027335739196737417,0.99898,0.5138075408339501,93.0
206,0.002331631634470142,0.99924,0.5106897787004709,93.06
207,0.002815909893311503,0.99896,0.5436780511960387,92.59
208,0.0038752266665256067,0.99854,0.5137255701422692,92.78
209,0.002851899983865284,0.999,0.5209310915321111,92.9
210,0.0024093303476910456,0.9992,0.5803522001206874,92.4
211,0.0025914304015432696,0.99902,0.5910973850637674,92.19
212,0.004343855792604139,0.99854,0.554940586015582,92.62
213,0.0029512952984598897,0.999,0.5231744795292615,92.67
214,0.0025849305894202015,0.99904,0.5456177820265293,92.88
215,0.003328314653652556,0.99874,0.5306082175672054,92.66
216,0.002729334153920946,0.99896,0.5272391131520271,92.63
217,0.0026266988786056524,0.99912,0.5316961035504937,92.88
218,0.0029540714457073746,0.99902,0.5522493216395378,92.86
219,0.0036930691498490865,0.99878,0.5392472022399306,92.5
220,0.0023319577792888066,0.99926,0.5319232929497957,92.83
221,0.0022287952987289014,0.99936,0.5445149870216847,92.62
222,0.001990493577535805,0.99932,0.5625733871757984,92.76
223,0.0021996343513163786,0.9992,0.560976714193821,92.7
224,0.002260369938843505,0.99936,0.582600903660059,92.46
225,0.0020462870178587886,0.99936,0.6088418640196324,92.22
226,0.002365785421769782,0.9992,0.5320332557708025,92.96
227,0.0029082902652413055,0.99898,0.5687389808893204,92.94
228,0.0020166174415727858,0.9993,0.5397315011918544,92.88
229,0.002539151424840998,0.99928,0.5412988157570362,92.98
230,0.002219927177559111,0.99922,0.5414174332469702,92.95
231,0.0032427450598817784,0.99888,0.5360126494243741,93.12
232,0.0029181215389276786,0.999,0.5404012886434794,92.72
233,0.0027046049666671975,0.99908,0.5214274204522371,92.85
234,0.0022400906171316675,0.99934,0.5474160344898701,92.76
235,0.0029029271925007268,0.99906,0.5322460293397308,92.8
236,0.002806970160780534,0.99916,0.5316825459338724,92.91
237,0.0030448658406087483,0.99918,0.5089575954526663,93.22
238,0.0018019164594419092,0.99938,0.5973404366523027,92.33
239,0.0027661652211486924,0.999,0.5431959310173988,92.87
240,0.002115636275096959,0.99924,0.5438505827635527,92.91
241,0.0017103643902122516,0.99958,0.5250843980163336,92.94
242,0.0009562086647433472,0.9996,0.5308436768501997,93.13
243,0.0004983822174389344,0.99984,0.5294443299621343,93.06
244,0.0006188223600558623,0.99982,0.5504329637438059,92.99
245,0.0017452729403894618,0.99934,0.5628416609019041,92.95
246,0.0007781359240757492,0.99974,0.5399018590152264,93.14
247,0.0012657766775863938,0.99964,0.5570042513310909,93.07
248,0.0007844979444856915,0.99972,0.5552502897754311,93.06
249,0.0007720348399008632,0.99974,0.5683241632580757,92.99
250,0.001961124492088652,0.99926,0.6361301795393228,92.44
251,0.0023959705515590774,0.99932,0.592986463084817,92.78
252,0.004565734835460668,0.99872,0.5862745064496994,92.53
253,0.0036704669429032167,0.99882,0.5728276628255844,92.63
254,0.0027919390793804013,0.99904,0.5561788919568061,92.85
255,0.002353321417899388,0.99922,0.6514735874533654,92.3
256,0.002526156368035385,0.99924,0.5554742680490017,92.5
257,0.0009022386463405445,0.99978,0.5313502433151007,92.98
258,0.0016595047110777414,0.99946,0.5432547809183598,92.74
259,0.0028597806954248437,0.99902,0.5454586047679186,92.54
260,0.0014060816248854125,0.99956,0.546521617770195,92.96
261,0.0014024770129686388,0.99942,0.5866381885111331,92.62
262,0.0016489515390769338,0.9995,0.588911530226469,92.34
263,0.0024083612767784187,0.99934,0.5698726634681225,92.77
264,0.0026872392953433038,0.99912,0.55723866276443,92.98
265,0.0020108662317018097,0.9993,0.5644738152250648,92.77
266,0.002438325772203816,0.999,0.5871529784798623,92.69
267,0.0028448167245175874,0.99906,0.5552777395397425,92.96
268,0.002559663166718967,0.9992,0.5876906742155552,92.38
269,0.0028040807760880576,0.99906,0.5664769223332405,92.57
270,0.002622265826024668,0.99894,0.5626641289144755,92.75
271,0.001266036567555958,0.99958,0.5448874028772116,93.07
272,0.0016575399300317168,0.99936,0.5664367089420557,92.83
273,0.002662033988329608,0.99906,0.5856229382753372,92.44
274,0.0026478447667856,0.99908,0.551695392280817,92.97
275,0.0030011223986392585,0.99882,0.5511131688952446,92.85
276,0.0025025288445775008,0.99924,0.5657124342024327,92.72
277,0.002163252324018332,0.99922,0.5737665370106697,93.05
278,0.0036903841578362325,0.99884,0.5269341850280762,93.33
279,0.0017422239303283985,0.99928,0.5860228284448386,92.58
280,0.0010217180032484933,0.99964,0.5152464339137077,93.28
281,0.0008729669864496688,0.99974,0.5453593673557043,93.11
282,0.0014973885453496095,0.99958,0.5393851853907108,93.2
283,0.0015917846270839273,0.9995,0.5934025612473488,92.78
284,0.0016011598393740251,0.9994,0.5681506186723709,93.01
285,0.0036708032021589595,0.99886,0.5582346528768539,92.5
286,0.0013821468500377577,0.99956,0.5393692698329687,92.84
287,0.002204521695899609,0.9993,0.5517958170175552,92.99
288,0.0017108996448617982,0.9994,0.5859452756494283,92.79
289,0.002381121679751055,0.99934,0.5509743620827794,92.56
290,0.0015463197189669036,0.99946,0.554570760652423,92.98
291,0.001536701387121959,0.99946,0.5968109826743603,92.68
292,0.0011579206218118863,0.99964,0.5785860572755337,92.93
293,0.002064772950642554,0.99936,0.542576056458056,93.2
294,0.0020906906146222672,0.9992,0.5913339872658253,92.63
295,0.0034021575909281804,0.99874,0.5903962182998658,92.64
296,0.002822095117605788,0.99912,0.5676615738868713,92.55
297,0.0016611700815616724,0.99946,0.5443587228655815,93.19
298,0.0017316064480549234,0.99942,0.5894348980486392,92.54
299,0.00204756256488092,0.99936,0.5377724416553974,92.79
300,0.0009538115442861602,0.99968,0.5369653852283954,93.0
301,0.001245184766981379,0.99952,0.5420596870034933,93.06
302,0.0015319380194634732,0.9995,0.5702373525500297,92.91
303,0.0012180271851437172,0.99942,0.5986572245508432,92.79
304,0.0006508372495431141,0.99982,0.5567914859950542,93.17
305,0.0010057204481595165,0.99972,0.5706043844670057,93.05
306,0.0014741654247891092,0.99954,0.569373482838273,92.98
307,0.002228327065018405,0.9993,0.5929081884026527,92.82
308,0.0020325783725894625,0.99938,0.6141649305820465,92.45
309,0.0029956036878516883,0.99888,0.5745171413570642,92.81
310,0.0030539101466079198,0.999,0.6163226369023324,91.98
311,0.0032257826622489774,0.99894,0.5603297600895166,92.59
312,0.0016055072674437253,0.99942,0.5773771749436856,92.76
313,0.0019819878994485293,0.99938,0.563076270185411,92.57
314,0.0012344203165421486,0.9996,0.5491760244965553,93.13
315,0.0010545988255145852,0.99964,0.5833198000490666,92.81
316,0.001174799754948872,0.9997,0.6124238511919975,92.68
317,0.0018631872921095938,0.99932,0.5555788441747427,92.82
318,0.0008309951656923184,0.99972,0.5610294541716576,92.97
319,0.0016560368144603642,0.99958,0.7910344150662422,91.12
320,0.002334094603958032,0.99928,0.5554437795281411,92.9
321,0.0006885006909182443,0.99976,0.58801174916327,93.09
322,0.0009148152435545737,0.99962,0.5974686342850327,92.87
323,0.0016074103543844075,0.99948,0.5763589905947447,92.96
324,0.0017074246407317384,0.99948,0.6289753229171038,92.57
325,0.0011854690968986753,0.99954,0.5685136130824685,93.24
326,0.0016181124274231838,0.99942,0.5710321108065546,92.9
327,0.002284010861763548,0.99912,0.5733169713616371,92.88
328,0.0011214383537202235,0.99964,0.5681929710507393,93.27
329,0.0019428548453699636,0.99924,0.6044864072278142,92.55
330,0.0013162451612846026,0.99952,0.588769017085433,92.84
331,0.0009109164328507744,0.99978,0.5952624766156077,92.76
332,0.0006680609263114088,0.99976,0.5939753040112555,92.99
333,0.000950325991127097,0.99968,0.6175709257647395,93.02
334,0.0010832760054285818,0.99958,0.6089387721195817,92.93
335,0.0011891387840685295,0.9997,0.6403336176276206,92.72
336,0.001275643860661339,0.99954,0.6259014868736267,92.69
337,0.002038402569564649,0.99928,0.6068861971795559,92.59
338,0.0026571065740045524,0.999,0.6019021648168564,92.5
339,0.0011709996006663537,0.99958,0.578232638426125,93.01
340,0.0027944711029815844,0.9989,0.6171831709519029,92.55
341,0.0042365918417111076,0.99868,0.5630714184977115,92.87
342,0.003510590753225667,0.99872,0.6107700602710247,92.27
343,0.0017143857010412137,0.99952,0.5478085797280073,92.88
344,0.0013777576654892215,0.99952,0.5517000666446984,92.75
345,0.0017482559280017453,0.9994,0.5817804527282715,92.72
346,0.0017639275725995296,0.99948,0.5936279892921448,92.61
347,0.0032461767287432428,0.99896,0.6363631875067949,92.48
348,0.0023893017693699036,0.99918,0.5778053628653288,92.84
349,0.001526219792233225,0.99946,0.5829975815117359,92.92
350,0.0013055998041196857,0.99942,0.5768388387560844,93.04
351,0.0015954531924537076,0.99944,0.5660767261683941,93.02
352,0.0013845128400241853,0.99952,0.6074312795698643,92.71
353,0.0016800620328665348,0.99944,0.5771993087232112,92.57
354,0.004327290198382209,0.9985,0.5591430342942476,92.76
355,0.0026954819155327963,0.99908,0.6017069771140814,92.48
356,0.0020268561475740685,0.99926,0.5508588540554047,92.92
357,0.0012215898069741025,0.99962,0.5566711933910846,92.98
358,0.00146315090757672,0.99962,0.5349667555093766,93.09
359,0.0012370069008654037,0.99954,0.5403165950626135,93.01
360,0.0008543932681812508,0.99972,0.5225484381616116,93.23
361,0.0006367772874795882,0.99974,0.5617479801177978,92.98
362,0.0004560270063252818,0.9999,0.5347875180467964,93.2
363,0.000858256411369732,0.99972,0.54902034021914,92.89
364,0.0002823935140503685,0.99994,0.5592196860164403,93.09
365,0.0005035597647604583,0.99988,0.5765369841083884,92.94
366,0.0004710279347951455,0.99982,0.5573755316436291,93.15
367,0.0005476973703150023,0.99982,0.5721990158408881,93.0
368,0.00039606737663678806,0.99984,0.5469090630859137,93.23
369,0.0004043637124626228,0.99982,0.5734605536982417,93.41
370,0.0008191250721969263,0.99978,0.5744490823894739,93.23
371,0.0011870065575439956,0.9996,0.5874203818291426,92.94
372,0.0021538130653253338,0.99928,0.5750434005260467,93.04
373,0.0014780571450815176,0.9993,0.6268378251791,92.68
374,0.003052913050744203,0.99906,0.5861650893092155,92.9
375,0.0014757174112604184,0.9996,0.5889756606519222,93.16
376,0.0007294727446515259,0.99974,0.585700264275074,92.9
377,0.0013374553426452305,0.99956,0.6191556146740913,92.68
378,0.0013445744695889381,0.99954,0.5980107372999192,92.69
379,0.0005214623154124336,0.99988,0.5789247952215374,93.03
380,0.0009772165468834397,0.99972,0.5969858929514885,92.87
381,0.0009168843650602127,0.99974,0.5580163586884737,93.34
382,0.00035878358327812507,0.99994,0.5627911856025457,93.51
383,0.0006946380524223199,0.9998,0.5602291825413704,93.47
384,0.0013724879687413802,0.99952,0.6021673611178994,93.06
385,0.002303026105897874,0.9992,0.6213681248575449,92.79
386,0.003614765781057103,0.99892,0.6071595120429992,92.59
387,0.0033429894358185572,0.9989,0.5822782167047262,92.64
388,0.0024562485077206397,0.99922,0.5555256396532059,92.85
389,0.0016499701571767516,0.99946,0.5527743621170521,92.97
390,0.001212285737262305,0.99954,0.5371398744732141,93.19
391,0.000716058580238191,0.99974,0.5595614317804575,93.16
392,0.0011624645641924519,0.99964,0.5523281692713499,92.98
393,0.0006836443243886503,0.99982,0.5544641592353582,93.15
394,0.0008405241248250199,0.99972,0.5598347768932581,92.94
395,0.0010860812971773355,0.99968,0.6688290337473154,92.39
396,0.001552906520001482,0.9995,0.590310269445181,92.75
397,0.00250164275166288,0.9991,0.5496281398832799,93.07
398,0.0011474167370735227,0.9996,0.5794082238897681,93.18
399,0.0011809605657292143,0.99968,0.5626897844299674,93.21
