0,2.1102742923190223,0.24304,1.6298751389980317,35.63
1,1.4532768552565514,0.4641,1.390594174861908,51.05
2,1.0817849588821002,0.619,1.2319497215747832,58.49
3,0.831143334393611,0.71198,0.8264164245128631,71.92
4,0.6818248148616928,0.76596,0.8742731118202209,70.9
5,0.5972759425640106,0.79574,0.694085830450058,77.39
6,0.534701993169687,0.81524,0.6162883895635605,78.97
7,0.47899245956669684,0.83538,1.841979237794876,60.74
8,0.43499667283214266,0.85052,0.8158888724446297,74.91
9,0.40398570468358674,0.86056,0.6676886034011841,77.88
10,0.3762365089124426,0.87106,0.5185729941725731,82.22
11,0.346921502781646,0.88208,0.58339110404253,81.93
12,0.32169095581144935,0.88808,0.46527559801936147,84.17
13,0.3030890669969037,0.89566,0.5002895599603653,84.05
14,0.2818102926930503,0.90302,0.5961782139539719,80.65
15,0.2666397223158566,0.90704,0.4207922938466072,86.31
16,0.2540286503293935,0.9125,0.47533787876367567,84.86
17,0.23422799667205346,0.91772,0.4054011733829975,86.71
18,0.22232832075537318,0.92238,0.45386081814765933,85.74
19,0.21092514278333815,0.92648,0.5733790266513824,82.75
20,0.19586979696893936,0.93082,0.46071122348308563,86.21
21,0.18521888998082225,0.93552,0.36270287618041036,88.45
22,0.17590825227291687,0.93826,0.4301829995214939,86.4
23,0.16550113317911583,0.94208,0.43718728095293047,87.06
24,0.15781349117112586,0.94344,0.42006816163659094,87.3
25,0.14793161818247927,0.9471,0.4016595767438412,88.22
26,0.1392646341887124,0.95126,0.38021777212619784,88.7
27,0.13396921768174758,0.95268,0.40851529717445373,88.15
28,0.128987373960445,0.95504,0.40425787299871446,88.65
29,0.1206314024822715,0.95774,0.3878722183406353,88.54
30,0.11617286357542743,0.95958,0.37536521956324576,89.18
31,0.11100606906139637,0.96132,0.37965695187449455,89.62
32,0.10601024205803566,0.9632,0.3925331930816174,89.19
33,0.09913928359461105,0.96466,0.3907049082219601,88.91
34,0.0955799696466807,0.96674,0.4349999134242535,88.44
35,0.09037411805537655,0.96748,0.6019283321499824,85.31
36,0.08891825946738653,0.96816,0.3611197932064533,90.27
37,0.07920809133964427,0.97278,0.3802673587203026,90.01
38,0.07974660428493377,0.9716,0.4053848261386156,89.71
39,0.0771352712569944,0.972,0.4696928842365742,88.17
40,0.07507610207190142,0.9732,0.38233152121305464,90.5
41,0.06978087285366814,0.97586,0.4302525869011879,89.39
42,0.0676465502099308,0.97618,0.4601801125705242,88.51
43,0.061187540507301345,0.97756,0.4172646147012711,89.14
44,0.060612073620719374,0.97826,0.46133297473192214,88.46
45,0.05833721457196928,0.97976,0.4028520151972771,89.79
46,0.05681078678563885,0.98056,0.46719299353659155,88.24
47,0.05298008403414503,0.98112,0.384559710919857,90.67
48,0.05052904374992756,0.98172,0.6244063554704189,87.19
49,0.04893921896853411,0.98264,0.3942272102832794,90.29
50,0.04805102495147901,0.98368,0.4710075019299984,89.31
51,0.044864256840075376,0.98472,0.4478381811082363,89.33
52,0.04541589251107267,0.98454,0.42489679142832754,89.98
53,0.04221321127908614,0.9853,0.4372907839715481,90.31
54,0.043952349921131076,0.98446,0.4842609837651253,89.41
55,0.04309657244654873,0.98516,0.502348087579012,88.98
56,0.038806089145295763,0.98642,0.4032012017071247,90.88
57,0.03722538482254881,0.98668,0.46869869068264963,90.04
58,0.03749943837580626,0.98698,0.385608057230711,91.22
59,0.0356083178506864,0.98668,0.5046002359688282,89.22
60,0.036406371856818116,0.98654,0.4417309078574181,90.21
61,0.0353965529614626,0.98792,0.42738075733184816,90.68
62,0.031577081664863144,0.98916,0.4137636916339397,91.03
63,0.03178535941321298,0.98844,0.42536952160298824,90.78
64,0.030825516480542815,0.98946,0.4236480358242989,90.74
65,0.0278155238134191,0.99022,0.41721805661916733,91.31
66,0.02984147535546509,0.9899,0.44034152224659917,90.9
67,0.030656781104748208,0.98958,0.47902308359742163,89.68
68,0.02937965755067442,0.98958,0.3985423601418734,91.11
69,0.024345226513217095,0.99164,0.4617876674979925,90.26
70,0.027745744465943186,0.99014,0.4023620456457138,91.2
71,0.02425549171098015,0.9918,0.40905072912573814,91.26
72,0.024853785086394575,0.991,0.41837348610162733,91.13
73,0.02293546231049101,0.99214,0.40123201459646224,91.83
74,0.024693883274255507,0.9914,0.4917644701898098,90.47
75,0.028401518462087643,0.9905,0.4035506999492645,91.22
76,0.023540488603855946,0.99192,0.42294066950678827,90.96
77,0.02233870286980401,0.9926,0.4225750149041414,91.04
78,0.019574926780236653,0.99326,0.4253907655179501,91.31
79,0.022970925968931154,0.99204,0.45724655836820605,90.39
80,0.018637019968496354,0.99362,0.42933731704950334,91.33
81,0.01834367986415963,0.99332,0.4280989014357328,91.42
82,0.025226812033206605,0.9912,0.4531308850646019,90.7
83,0.01751128665607451,0.9935,0.4419567485153675,91.16
84,0.019307833112528563,0.99312,0.5024482081830501,90.55
85,0.019241096161286848,0.9929,0.4598322654515505,90.78
86,0.01817566256427094,0.99376,0.457665411233902,90.7
87,0.01842940442950067,0.9934,0.5502718305587768,90.11
88,0.01905915612721687,0.99304,0.4482241803407669,91.17
89,0.018346403070422998,0.99406,0.4391337424516678,91.22
90,0.015239841933540828,0.9947,0.4712157799303532,90.97
91,0.01772920298568733,0.99376,0.45024432480335236,91.42
92,0.016807049846329043,0.99412,0.4262335430085659,91.43
93,0.0162621837519014,0.994,0.48431006401777266,90.98
94,0.0165216756050887,0.99446,0.4433789095282555,91.28
95,0.013873981115410624,0.99496,0.4435916560143232,91.53
96,0.015577341756209388,0.99474,0.4222245804965496,92.11
97,0.015198174893529728,0.9947,0.4307056565582752,91.58
98,0.017064982311516676,0.9938,0.4389269191026688,91.51
99,0.014366009532261992,0.99538,0.45681722469627856,91.3
100,0.013927891093027561,0.99496,0.45059558637440206,91.48
101,0.016254341701412444,0.99428,0.48351419895887376,90.9
102,0.014981484783770482,0.99492,0.4177931676059961,91.7
103,0.013109972942239412,0.99548,0.425459758490324,92.04
104,0.011513882582230718,0.99584,0.43039242442697284,92.1
105,0.011090815300717378,0.99592,0.6134418420493603,90.04
106,0.012458423690875168,0.99602,0.4643206725269556,91.17
107,0.013221045135451323,0.99556,0.44580216877162454,91.48
108,0.00973720539196292,0.9968,0.45486954297870397,91.92
109,0.01177992970507611,0.99604,0.4587604439258575,91.71
110,0.014171183923892963,0.9952,0.47150882609188555,91.27
111,0.011536050073402313,0.99588,0.501254522651434,91.26
112,0.012102578549891177,0.99584,0.44347040802240373,91.64
113,0.010785998934951356,0.99616,0.4567667066305876,92.08
114,0.01167269665604967,0.9959,0.5485996697843075,90.68
115,0.009262492768722527,0.99656,0.48156641170382497,91.91
116,0.010362216810364743,0.99634,0.46253329373896124,91.83
117,0.011617254249065581,0.996,0.4617233982682228,91.81
118,0.011074048696238252,0.99632,0.48158061526715756,91.43
119,0.01089897917491584,0.99616,0.4758543022722006,91.58
120,0.009832343945274954,0.99668,0.4528768572211266,91.77
121,0.010739260498443834,0.99634,0.47647624149918555,91.65
122,0.009244033366517947,0.99684,0.490894260853529,91.22
123,0.010165577161732033,0.99652,0.5274971629679203,90.73
124,0.009874001351173828,0.9968,0.4718132712319493,91.61
125,0.009853635154797903,0.99658,0.5064218571782112,91.41
126,0.011397659067821373,0.99616,0.48407783925533293,91.13
127,0.012532150491957774,0.99586,0.4900916612148285,91.19
128,0.00838817465294729,0.99696,0.4385395722836256,92.07
129,0.008221385405039238,0.9971,0.47857005298137667,91.61
130,0.009420029294993871,0.99674,0.4261172024160624,92.22
131,0.01101661781373117,0.99596,0.4523104166984558,92.06
132,0.009311705284640003,0.99672,0.48375595211982725,91.57
133,0.009758150604281984,0.99676,0.48111281767487524,91.56
134,0.010031451275834189,0.99656,0.4763094264268875,91.36
135,0.00960597220112753,0.99676,0.446843009069562,91.89
136,0.008570102426935644,0.99738,0.5304786674678326,90.72
137,0.008818355907597924,0.99696,0.4946038447320461,91.4
138,0.007691843759106553,0.99742,0.48496051535010337,91.6
139,0.008419900008327211,0.9972,0.7477071830630302,88.43
140,0.010465656061802069,0.99682,0.4498849110305309,91.75
141,0.008882533425412825,0.99698,0.4545446169376373,91.88
142,0.006999808063497172,0.99756,0.4652132806181908,91.66
143,0.007138096520205593,0.9974,0.5293434066325426,90.87
144,0.007665626006796385,0.99748,0.48693052619695665,91.59
145,0.006503302594432441,0.99782,0.6269779194891453,90.13
146,0.009826155129315145,0.99696,0.4793170285224915,91.77
147,0.00897452082780316,0.99702,0.4716966436803341,91.89
148,0.007945925168826452,0.99728,0.45896627053618433,91.96
149,0.008011930791275275,0.9974,0.48317047744989394,91.42
150,0.007536678085796764,0.9975,0.4800194000825286,91.85
151,0.006901623457289108,0.99778,0.4953415858745575,91.38
152,0.0059577745330833196,0.99816,0.45300728261470796,91.86
153,0.006188293094830135,0.99774,0.4862092696130276,91.64
154,0.006587023849186995,0.99766,0.4827246554195881,91.76
155,0.007868367585959747,0.997,0.4878713946044445,91.73
156,0.008339610340444685,0.99702,0.5172494600713253,91.29
157,0.009342442492923469,0.99684,0.5054136208444834,91.12
158,0.006947496569628501,0.99764,0.46128533702343705,92.16
159,0.007663436932340407,0.99762,0.46623820804059507,92.11
160,0.006898977996214577,0.99764,0.48489522367715837,91.83
161,0.006109149375087236,0.9977,0.4758105569705367,91.9
162,0.007016443078170347,0.9974,0.5143860791623592,91.64
163,0.007100093804890542,0.9974,0.4852588832378387,91.85
164,0.0057481854220333,0.99804,0.47144532851874826,91.7
165,0.008453964036615455,0.99714,0.4649168071895838,92.07
166,0.0063103565903347165,0.99784,0.47912226639688016,91.76
167,0.005887180994338621,0.99796,0.4728049122542143,91.78
168,0.00566913486290735,0.9982,0.48413421139121054,91.83
169,0.004681693939635021,0.99828,0.4952663603425026,92.19
170,0.007021550739825944,0.99736,0.4591651351749897,92.24
171,0.006757166765420638,0.99764,0.4883847884833813,91.58
172,0.006009601861657694,0.99806,0.4914688086509705,91.93
173,0.00590620878750406,0.9979,0.5351667064428329,91.53
174,0.00798294855558011,0.99734,0.4982687681913376,91.7
175,0.006546483293700906,0.9977,0.48805214412510395,91.65
176,0.004464221427507718,0.99846,0.5045361179113388,91.84
177,0.006567744769827675,0.99754,0.4952452374622226,91.97
178,0.005136137197027578,0.99822,0.4971924331784248,91.87
179,0.005786476037500764,0.99796,0.5331329951807856,91.67
180,0.00447804862669076,0.99836,0.596772167533636,91.02
181,0.006705213497277311,0.9978,0.5024818044900894,91.96
182,0.004553026574499467,0.99834,0.49330177329480646,91.99
183,0.005407733550203531,0.9981,0.5122516570985317,91.64
184,0.006145508892303023,0.9979,0.536275630518794,91.32
185,0.006479813669221071,0.99746,0.4921982772275805,91.93
186,0.0054226415732022745,0.99822,0.5108506238460541,91.7
187,0.004399618479761752,0.99834,0.5423971800506115,91.39
188,0.004914236679451976,0.9984,0.4869853233546019,91.81
189,0.005276495042020161,0.99808,0.5028220415860415,91.86
190,0.006179603837046991,0.99796,0.4777102877944708,92.11
191,0.0052835406363963165,0.99836,0.4753332543373108,92.19
192,0.0061795233156058055,0.99792,0.489092618227005,91.87
193,0.005953645177391421,0.99786,0.46849079929292203,92.08
194,0.004178271113235094,0.99848,0.5222631665319204,92.04
195,0.0051824302871680585,0.998,0.4731883005052805,92.2
196,0.004360446204428973,0.99866,0.4757188393175602,92.27
197,0.005257018458317308,0.99822,0.5477538742125034,91.23
198,0.004022748071385924,0.99866,0.5337969036400319,91.62
199,0.005111858048631102,0.99852,0.5126604299247265,92.11
200,0.004536437266089422,0.99846,0.5192063885182142,91.98
201,0.0034877606203107883,0.99888,0.49370805829763414,92.18
202,0.006611544482857751,0.99756,0.48204743206501005,92.25
203,0.004998478617364615,0.99824,0.5129377525299788,91.86
204,0.004387964961378623,0.99864,0.49867554031312467,91.93
205,0.0054417873949424034,0.99832,0.4832727873325348,92.0
206,0.005190676111546929,0.9981,0.47629491064697504,92.36
207,0.0037955963529189072,0.99876,0.5057002277299761,91.98
208,0.005122994684883396,0.99818,0.49831199273467064,92.16
209,0.006255957294407937,0.99778,0.48253256745636464,91.85
210,0.003418239872054676,0.99882,0.4948842179775238,92.14
211,0.0030602601978628923,0.99902,0.5032429671287537,92.25
212,0.005047473583898634,0.9983,0.491474035680294,91.9
213,0.0036197525060810377,0.99876,0.49505601726472376,92.22
214,0.006181270046078641,0.99788,0.5049684062600136,91.81
215,0.004397762629687024,0.99856,0.4824150783568621,92.01
216,0.003683936424300913,0.99898,0.5080585468560457,91.89
217,0.005246478820304789,0.99812,0.5124205867946148,91.91
218,0.005525236215699664,0.99816,0.4808903164044023,92.14
219,0.0052598526286285205,0.99816,0.5017728818953038,91.84
220,0.004057696941868424,0.99876,0.5060447102785111,91.82
221,0.004008775705571675,0.99882,0.4990094175189734,91.78
222,0.004376242177851517,0.99852,0.5222186912596226,91.89
223,0.004431070654121254,0.99852,0.4745972573757172,92.2
224,0.005247568777438415,0.99818,0.4766895914822817,92.3
225,0.0028712473238212155,0.99908,0.5089645618200302,91.89
226,0.004107652741777317,0.99866,0.4890387748926878,92.0
227,0.003260331322683755,0.99878,0.5065180795639753,91.86
228,0.003350223703763385,0.99898,0.4850616827607155,92.54
229,0.004638800973934896,0.9985,0.48189838260412216,92.07
230,0.003247186335746337,0.99882,0.5146565192192792,92.09
231,0.0043643002229048385,0.99854,0.5220114991813898,92.24
232,0.004673405445132898,0.99834,0.5082408288866281,91.95
233,0.0034827170660198235,0.99884,0.506997509971261,92.05
234,0.002736554593038376,0.99898,0.5653216601908206,91.57
235,0.004654769345944095,0.99846,0.5114638759940863,92.04
236,0.004528808771916058,0.99842,0.5229976533353329,92.04
237,0.0038443003907529375,0.9988,0.5107651173323393,92.21
238,0.003407179013542507,0.99882,0.5362202112376689,91.76
239,0.0037074389188941044,0.9988,0.5062298073619604,92.32
240,0.003627415841726391,0.99872,0.5166607867181301,92.45
241,0.004975208230471462,0.99826,0.50550561837852,92.27
242,0.004351602867245674,0.99848,0.5618101672828197,91.67
243,0.003938287414614554,0.99874,0.4780585769563913,92.21
244,0.003933611349143145,0.99846,0.5053737508505582,92.03
245,0.003227623634981504,0.99888,0.49948278345167635,92.23
246,0.0037948413759146494,0.9988,0.5225119892507791,92.06
247,0.0045463072274194655,0.99838,0.5163076768070459,92.1
248,0.0028817618951734983,0.99908,0.4997273228317499,92.2
249,0.003059851974510895,0.99904,0.5375960207730531,91.92
250,0.0041867918227715874,0.99864,0.48704127460718155,92.17
251,0.0032062476055453653,0.99894,0.4896112686395645,92.25
252,0.004233522766531455,0.99866,0.4910296332091093,92.44
253,0.004406188662751051,0.99874,0.5149455100297928,92.21
254,0.0038367007689936385,0.99874,0.49668158039450644,92.21
255,0.003480902855352657,0.99886,0.4938110092282295,92.09
256,0.00254650255641178,0.99908,0.49467475689947604,92.42
257,0.002811341090584108,0.99912,0.562969636619091,91.79
258,0.003431785889827382,0.99886,0.509508166834712,92.21
259,0.0038708859382916593,0.99882,0.5194120389968157,91.96
260,0.002680110539814122,0.9992,0.5028728331625462,92.27
261,0.0015550792846076018,0.99948,0.5124931235611438,92.47
262,0.0026664094746876818,0.99912,0.5173811933398247,92.21
263,0.0025148013763872865,0.99912,0.5967581459879875,91.89
264,0.004235146290925152,0.99874,0.5293231599777937,91.77
265,0.0032197942780984312,0.99886,0.5397686839476228,92.03
266,0.004436591559130213,0.99852,0.5364611886441708,91.98
267,0.005261552932164858,0.99824,0.5344602076709271,91.45
268,0.00496482489156582,0.99846,0.5131218515336513,91.7
269,0.0029182839500622544,0.99912,0.48708086550235746,92.15
270,0.003732155318680259,0.99872,0.5180090290307998,92.21
271,0.0035274928259124974,0.99882,0.4875598264485598,92.48
272,0.002223332803767851,0.9993,0.5188432881981134,92.31
273,0.0021561500000055224,0.99942,0.5123191782832146,92.21
274,0.0020799264049781558,0.99916,0.5102576512098312,92.4
275,0.001779188124208099,0.99938,0.5244141934812069,92.35
276,0.0019353617368566105,0.99944,0.5375588589906692,92.18
277,0.0037419146665203288,0.9986,0.513658482581377,92.1
278,0.0031297420887836276,0.99882,0.552683479115367,91.84
279,0.0036739889113113398,0.99878,0.5642273785918951,91.61
280,0.0033969876196835655,0.99874,0.5052758627384901,92.16
281,0.0026587723961590207,0.99914,0.5185924717783927,92.2
282,0.003162638490300273,0.99894,0.564026505947113,91.69
283,0.0033038418711451314,0.99882,0.5621282807737589,91.41
284,0.003058513703626072,0.99898,0.5203267756849528,92.24
285,0.003323933453825505,0.99896,0.5478793827444315,92.02
286,0.0040163142220897225,0.99868,0.4938233487308025,92.45
287,0.0026235684276065853,0.99922,0.5041675259917975,92.49
288,0.0023512966492578186,0.99926,0.49991139190271494,92.53
289,0.0029012624984499913,0.99898,0.5195086445659399,92.27
290,0.001980753117207098,0.99942,0.5203664743900299,92.44
291,0.0030859754575789213,0.9991,0.5017569321393966,92.28
292,0.0018322830481598835,0.99936,0.5248829339817166,92.18
293,0.003120435520892253,0.99878,0.5255626662820577,92.18
294,0.0026574875883129245,0.99906,0.520498211234808,92.34
295,0.0026760242031285742,0.99908,0.4978507922589779,92.4
296,0.004186219314251409,0.99854,0.6391964074969292,90.52
297,0.004423947758073329,0.99844,0.5060608670860529,92.0
298,0.002115614035778948,0.99938,0.5116629949212075,92.29
299,0.002633800605296768,0.999,0.5162378277629613,92.01
300,0.0020128618154111747,0.99932,0.5329214061051607,92.4
301,0.003268851008375778,0.99892,0.5521618669107556,91.95
302,0.002458710480681466,0.99908,0.5105158243328333,92.4
303,0.0016919561707035965,0.9994,0.5136995780095458,92.27
304,0.003202516638939275,0.99904,0.49711750231683255,92.38
305,0.0020697015168531165,0.99926,0.5706392940878868,91.83
306,0.0029273105513723465,0.9991,0.5085458251833915,92.32
307,0.00106249546150934,0.99968,0.49341005116701125,92.55
308,0.0015534205548137742,0.99954,0.5103640764206648,92.35
309,0.0019675809728137107,0.99926,0.5191557816416025,92.34
310,0.0023215992219598434,0.99918,0.5438642682507634,92.05
311,0.0030723579151703574,0.99886,0.525175411850214,92.03
312,0.003152969847329805,0.99882,0.507401419878006,92.32
313,0.0034170143649286037,0.9989,0.49006159920245407,92.6
314,0.0023162045709305273,0.99904,0.5003088316321374,92.43
315,0.003398161384341822,0.99886,0.5106510171294212,92.2
316,0.003043723531285315,0.99878,0.5063897782564163,92.17
317,0.00234137509224217,0.99922,0.508238293454051,92.54
318,0.0021821526472259947,0.99918,0.5126230555772782,92.13
319,0.0024474145334852323,0.99908,0.5305886987596751,92.51
320,0.0016746953453706658,0.99958,0.529022431448102,92.07
321,0.002136561996735218,0.99938,0.5509398522228003,92.2
322,0.00279112340753798,0.99914,0.5647484157979489,91.81
323,0.0026912093391189638,0.99918,0.5186950449645519,92.49
324,0.0018096884612537102,0.99944,0.5499377433024347,92.15
325,0.0031990994130025436,0.99892,0.5187447538226843,92.2
326,0.002522561883986438,0.99924,0.4978519969806075,92.48
327,0.001855473235577626,0.99932,0.49947696484625337,92.6
328,0.001813677042815596,0.99928,0.5139952966570854,92.6
329,0.002693068826823588,0.99908,0.5353226704895496,92.33
330,0.002623341299229539,0.99914,0.5132152245566249,92.26
331,0.0025265674780258706,0.99908,0.5417217590101063,92.35
332,0.0028844385786568408,0.99886,0.5128872939944267,92.52
333,0.0022516662431785557,0.99912,0.5092658577114344,92.57
334,0.0012221071573760797,0.99954,0.5206412228941918,92.36
335,0.002179712361996741,0.99912,0.5117434058710932,92.56
336,0.001963318871034076,0.9993,0.5298062375187874,92.29
337,0.001652503510966273,0.9993,0.5417425271868705,92.43
338,0.0013626231999515229,0.99948,0.5495369294285775,92.3
339,0.0015234143456534655,0.99958,0.5558429619669915,92.32
340,0.003115792625971958,0.99892,0.5362124525755644,92.14
341,0.002570321149838245,0.99908,0.5433306749910116,92.16
342,0.002265680924324733,0.99914,0.6122590912878514,91.79
343,0.00314315453627566,0.99898,0.5478428907692432,92.14
344,0.0032246693054123607,0.99896,0.5831693526357412,91.79
345,0.0022733179637986216,0.99914,0.545500860363245,92.35
346,0.002395392746588363,0.99922,0.549225610345602,92.09
347,0.0020809454724311604,0.9992,0.556994688808918,92.27
348,0.002979053545247792,0.99884,0.5259676644206047,92.19
349,0.0020727341532554774,0.99916,0.5191683778911829,92.25
350,0.0022654195108910654,0.99932,0.5644547397643328,91.88
351,0.002456219431579761,0.99924,0.5414627973735332,92.13
352,0.002428789049937197,0.9992,0.5329396898299456,92.41
353,0.002081529134908296,0.99924,0.5364422270655632,92.49
354,0.0019919493676596764,0.9993,0.5556304604187607,92.25
355,0.0015860216601577867,0.99954,0.5257683546841144,92.38
356,0.0013457469090157191,0.9996,0.5503452198952437,92.21
357,0.0024507171778089328,0.99924,0.5372191839665175,92.09
358,0.00266124815930186,0.99916,0.5243088292330503,92.1
359,0.002627227586865856,0.99914,0.5157458452135324,92.41
360,0.0018077978507101732,0.99932,0.5352045030519367,92.31
361,0.0016306232976015,0.99946,0.5217429638653993,92.82
362,0.0018377760496666974,0.99944,0.563018969297409,91.96
363,0.0023010347200476604,0.99924,0.6035293175280094,91.48
364,0.003073207994020777,0.99912,0.5128968945145607,92.3
365,0.0008926077953080083,0.9997,0.5233738145604729,92.33
366,0.0012822707919656615,0.99964,0.5200485087186099,92.41
367,0.0017076270145052524,0.99938,0.5441289646923542,92.34
368,0.0019150674212104677,0.9994,0.5458750896155834,92.3
369,0.0013060978869252535,0.99962,0.5646339178830385,92.27
370,0.0018932813211618325,0.99942,0.5322767966985702,92.43
371,0.0011318071742944852,0.9996,0.549179313480854,92.53
372,0.002363938264652391,0.99928,0.5600433690845966,92.38
373,0.002126354419285684,0.99938,0.5795468316972255,92.22
374,0.0018957659278078067,0.9994,0.5620533575862646,92.27
375,0.0017223456708352317,0.9993,0.5887082859128714,92.15
376,0.002319018384608001,0.99914,0.5636561858654022,92.32
377,0.0019833535298971875,0.99942,0.5487054024636745,92.37
378,0.0022848173328086554,0.99926,0.5447307505458593,92.17
379,0.0016934365148397335,0.9993,0.5604391027241945,92.18
380,0.0021783970658506013,0.9993,0.5662306547164917,92.0
381,0.0020230120271825425,0.99936,0.5450170212984085,92.4
382,0.0025709018529847722,0.99926,0.5464123208075762,92.46
383,0.0015342853638245855,0.9994,0.5526895992457866,92.36
384,0.002423097489072996,0.99922,0.5498508388549089,91.97
385,0.0034910007338265856,0.99884,0.5475480356812477,91.92
386,0.002881899923848374,0.99914,0.7356405913829803,90.3
387,0.001669510112851477,0.99946,0.5587558615207672,92.1
388,0.0023223771768383313,0.99934,0.5263368383049964,92.3
389,0.0017943879908538492,0.99936,0.5093106630444527,92.52
390,0.0011012412531439752,0.99962,0.5315015999972821,92.43
391,0.001911690267154386,0.99936,0.5371129897236824,92.35
392,0.0013906957243409609,0.99944,0.5209408497810364,92.37
393,0.0008528862558205336,0.9997,0.5298473453521728,92.44
394,0.0013842256839849802,0.9995,0.5267466071248055,92.47
395,0.0011611737672935056,0.99962,0.5326427888870239,92.36
396,0.0011392476232460393,0.99966,0.5303513081371785,92.47
397,0.0016134443661907603,0.99938,0.5583743576705456,92.39
398,0.001531898792442342,0.99952,0.5415711818635464,92.55
399,0.0010167006965338308,0.9997,0.5376440612971782,92.46
