0,1.2642339493917383,0.54236,0.9799274778366089,65.7
1,0.7436232129326257,0.7387,0.7997814285755157,73.34
2,0.5563170333652545,0.80616,0.6884929591417313,77.79
3,0.4597198002021331,0.84142,0.5275649279356003,82.69
4,0.38703909196207287,0.86546,0.7422010353207589,76.31
5,0.33073590638692424,0.88782,0.5439309817552567,83.16
6,0.29063748551146756,0.89928,0.5048165062069893,84.52
7,0.2600183682825864,0.90958,0.5086110077798367,84.77
8,0.22315465358783826,0.92284,0.4984822376072407,85.74
9,0.20241365204458042,0.92864,0.6189153188467026,82.41
10,0.17799258842835647,0.93726,0.41983724638819697,87.44
11,0.1569735859056263,0.94496,0.4677362616360188,86.15
12,0.144304232905283,0.94932,0.40275982178747655,88.81
13,0.12786182039000493,0.95496,0.5182215626537799,86.49
14,0.11437104791021713,0.95954,0.5018051585555077,86.66
15,0.10411765111510253,0.96386,0.58241400629282,85.82
16,0.09364428599853344,0.96654,0.4921790087223053,87.28
17,0.08747741768655874,0.9697,0.3623858842253685,90.51
18,0.08145132960985078,0.9711,0.4453146342933178,89.01
19,0.07114932667511656,0.97442,0.5258886055648326,87.69
20,0.0643566334834489,0.97776,0.7907485604286194,84.29
21,0.06212343155499309,0.97842,0.6109525120258331,87.39
22,0.05758464558864646,0.97948,0.5444080165028572,87.83
23,0.05452058533840167,0.98058,0.4315375684201717,90.11
24,0.049407836745309706,0.9826,0.4436588118225336,89.8
25,0.047347172947071706,0.98318,0.5230698779225349,88.44
26,0.04185124051750011,0.98614,0.48491985350847244,89.65
27,0.040364955601942205,0.98636,0.42552676275372503,90.75
28,0.035492243476288245,0.98766,0.42091376408934594,90.94
29,0.034285838498979274,0.98836,0.4391728153824806,90.72
30,0.03256388606451204,0.98894,0.447391492575407,90.36
31,0.031057774701424876,0.98928,0.40793937623500826,91.11
32,0.030970904590261868,0.98944,0.4488384009897709,90.85
33,0.025361597004448972,0.99138,0.4739836798608303,90.1
34,0.02717550166065583,0.99056,0.46139387026429174,90.66
35,0.023812397900025557,0.9919,0.42966967307031156,91.05
36,0.021617703982974256,0.99252,0.5559153866767883,89.5
37,0.020883741890094565,0.99292,0.41523421263322235,91.28
38,0.02059214674126919,0.99302,0.5221797406673432,89.92
39,0.016031618935086995,0.99442,0.39974848337471486,91.76
40,0.013503537711013308,0.99538,0.4334248900413513,91.41
41,0.016421634553368335,0.99438,0.41580948628485204,91.83
42,0.01666441067214817,0.9945,0.46277755439281465,90.81
43,0.015874001214190213,0.99474,0.43911994099617,91.52
44,0.014517021865067084,0.995,0.40987316235899923,91.93
45,0.014270429911515902,0.99516,0.43469858974218367,91.61
46,0.01812657526375064,0.99364,0.4907374580949545,91.34
47,0.01758073672385472,0.99374,0.5195064614713192,90.7
48,0.017027945112427483,0.99422,0.4687300949916244,91.08
49,0.01343644607414389,0.99548,0.3950548566877842,92.1
50,0.009853551669232071,0.99692,0.39804052479565144,92.43
51,0.010342097009920403,0.9966,0.4384363277256489,92.09
52,0.008494655546003385,0.99744,0.4333829887956381,91.91
53,0.007931243068963775,0.99736,0.39776044063270094,92.25
54,0.00968516317179517,0.99672,0.4335941077768803,91.95
55,0.011479837560306882,0.99628,0.42467019855976107,92.1
56,0.00845966064621268,0.99744,0.43911037549376486,91.73
57,0.008230306024131986,0.99698,0.44239348873496054,92.04
58,0.007246461846982427,0.99758,0.4060205884091556,92.63
59,0.008197412849939845,0.99702,0.4573296625353396,91.91
60,0.006955424748847018,0.99784,0.4296299192495644,92.18
61,0.006869771959357764,0.99772,0.44799514904618265,92.19
62,0.007836201059086549,0.99756,0.4384998347610235,92.12
63,0.0062975718180084475,0.99788,0.42475968968123196,92.46
64,0.009825924451461734,0.99674,0.4455275569856167,92.26
65,0.007292768121232539,0.99772,0.46128095880150793,92.04
66,0.007315503520881543,0.99756,0.44089872017502785,92.25
67,0.004599615823729988,0.99866,0.4262028943002224,92.66
68,0.005693041787678114,0.99824,0.44573043048381805,91.99
69,0.0062452680085930985,0.99806,0.4982325327396393,91.83
70,0.007120694260081976,0.99742,0.4135433055832982,92.51
71,0.006111265536483444,0.99792,0.48064062524586915,91.56
72,0.008188716434624137,0.99722,0.45276755653321743,92.27
73,0.006849781393318835,0.9979,0.4578952203691006,91.56
74,0.006639923138158096,0.9979,0.43655332297086713,92.27
75,0.00496721474449043,0.99848,0.4091490300372243,92.83
76,0.003297000724162497,0.9991,0.45809340514242647,92.42
77,0.005616891969000097,0.99812,0.47450851924717424,92.11
78,0.006408027298522213,0.99766,0.5069699243456125,91.68
79,0.005430565813503912,0.9983,0.45171138651669024,92.65
80,0.008579393580217686,0.99718,0.47898161843419074,91.96
81,0.008212842294932021,0.99706,0.4681453136727214,92.14
82,0.009354218250855712,0.99674,0.46968155309557913,91.9
83,0.0044398806760530644,0.99874,0.41628303319215776,92.5
84,0.004602939593117408,0.99838,0.45832866843789816,92.47
85,0.005170869306051423,0.99824,0.4637272732704878,92.36
86,0.003923476742737738,0.9988,0.45433462869375946,92.27
87,0.005860213919178299,0.99802,0.4409284544736147,92.45
88,0.004800518195780799,0.99836,0.4518354318290949,92.27
89,0.005082820968516647,0.99842,0.4839505910128355,92.2
90,0.004221918374818661,0.99846,0.5151569947600365,91.84
91,0.00480326582544276,0.99866,0.4641536602005363,92.73
92,0.00587003389207433,0.99776,0.44956900738179684,92.39
93,0.005027828203357013,0.9984,0.44135050363838674,92.72
94,0.0049646978945080715,0.99842,0.45465384822338817,92.11
95,0.005238908553070834,0.99826,0.4732064563035965,92.25
96,0.003987012955043322,0.9987,0.4236876134201884,92.89
97,0.003975314445897242,0.99884,0.49024809405207637,91.8
98,0.00418816234183568,0.99864,0.43917768113315103,92.52
99,0.0026293389137138795,0.99928,0.4432197332382202,92.61
100,0.002450879072517995,0.99926,0.4317129846662283,92.77
101,0.0025814733884233,0.99918,0.4457632388174534,92.45
102,0.002981933414974176,0.9991,0.4176066370680928,93.05
103,0.0033067606932595563,0.99894,0.45410769805312157,92.48
104,0.0023741632214059,0.99932,0.4225753624737263,93.0
105,0.0033466588524753787,0.9989,0.4597544685006142,92.85
106,0.004029391279123733,0.99892,0.4724820363894105,92.41
107,0.002283315082280742,0.99934,0.44916818257421254,92.71
108,0.002350683716159133,0.99934,0.443515746910125,93.05
109,0.004020468502774682,0.99872,0.4548205555975437,92.68
110,0.004245908076270431,0.9986,0.4711780579388142,92.25
111,0.002992943611458692,0.99902,0.43923579942435026,92.69
112,0.00493131600656187,0.99838,0.4781409014388919,92.48
113,0.00376270940843517,0.9988,0.5148813184350729,92.25
114,0.0038435874063797925,0.99868,0.487336932644248,92.45
115,0.0028011101610044375,0.99912,0.45856720820069313,92.53
116,0.0030511507199948553,0.99894,0.45827550277113915,92.89
117,0.0035085038513021395,0.9988,0.48463980719447136,92.45
118,0.002570705104838399,0.9992,0.46099761962890623,92.93
119,0.0032974897343141345,0.99894,0.516327235326171,92.31
120,0.0032571248881801095,0.99894,0.5331278517097234,92.09
121,0.0028184340394976195,0.99908,0.44964058201760054,92.76
122,0.002893009915283364,0.99898,0.5014260926283896,92.3
123,0.0028424840810520532,0.99908,0.469700797572732,92.62
124,0.003999917552380077,0.99862,0.5006682525575161,92.21
125,0.0025324602804333986,0.9991,0.4389660593494773,93.06
126,0.003393442408703363,0.99876,0.476443061158061,92.44
127,0.003617532227350318,0.99868,0.45496594682335856,92.77
128,0.0041010794737075555,0.9987,0.4925056517124176,92.42
129,0.0028488367757871043,0.99904,0.4778019611537456,92.63
130,0.004728917646117013,0.99836,0.46317086443305017,92.47
131,0.001926863357327078,0.99942,0.4375380294770002,92.82
132,0.0020579033762888263,0.99926,0.43490439727902414,92.91
133,0.0017974536170435073,0.9995,0.45174538232386113,92.6
134,0.0012875707110549654,0.99966,0.41619695637375115,93.08
135,0.000926173411641994,0.99978,0.43059617914259435,93.09
136,0.0009029061564438157,0.9998,0.41952851802110674,93.28
137,0.0008522438461823231,0.99976,0.42347718983888627,93.42
138,0.0013930475658393534,0.9995,0.4288959877938032,92.85
139,0.0012163043366340191,0.99954,0.44779312308877706,92.73
140,0.0018260103624227427,0.99938,0.4460504308901727,92.97
141,0.0011966526565459661,0.9997,0.4500533800921403,92.81
142,0.0007069085491225695,0.99992,0.4369726849347353,93.22
143,0.0006370723132601441,0.99986,0.43269074842333793,93.04
144,0.0005415108064478358,0.99988,0.4212803744152188,93.3
145,0.0009229752680455284,0.99978,0.4282082855701447,93.39
146,0.0003848544681769893,0.99992,0.4253005661442876,93.42
147,0.0003798637053222292,0.99992,0.4367232769913971,93.15
148,0.0005447618510943892,0.9998,0.43502400137484076,93.26
149,0.0005897197004793512,0.99982,0.4315338084101677,93.16
150,0.0008431552125372069,0.9998,0.46581945691257715,93.12
151,0.0004665204573927633,0.99996,0.4353068372234702,93.12
152,0.00030167821003957785,0.99996,0.4299488448537886,93.32
153,0.0006574755777557836,0.99984,0.46014987051486966,92.83
154,0.0006797524154796015,0.9998,0.4522399653866887,93.2
155,0.0007091457237992102,0.99976,0.4473435450345278,93.11
156,0.0004039309404390242,0.99992,0.4295564728230238,93.43
157,0.0004807868918827961,0.99988,0.4475962507352233,93.17
158,0.0005732137795306666,0.99984,0.4364656253531575,93.08
159,0.0006433478344435496,0.99988,0.44568430313840507,93.38
160,0.0005702245875688308,0.99988,0.447061367854476,93.37
161,0.0007385623014872641,0.99972,0.44861243762075903,93.1
162,0.0006116708087956283,0.99984,0.4595942932739854,92.98
163,0.0005985463671969808,0.99986,0.4448358652368188,93.36
164,0.0007607584776472339,0.99982,0.462145841345191,93.05
165,0.0005400045696348833,0.99986,0.45569005109369753,93.07
166,0.0007052642419515059,0.99974,0.472372034303844,93.02
167,0.0008546682917262854,0.99982,0.4462661695852876,93.2
168,0.0007976012766495069,0.99976,0.4720072443038225,93.06
169,0.0006355959722591216,0.99984,0.4635423258319497,93.22
170,0.0007883617564005053,0.99966,0.4687612576037645,92.97
171,0.0003649328104065507,0.99998,0.4776401963829994,92.9
172,0.0004960755996085712,0.9999,0.5081704426556826,92.63
173,0.0005390270343830433,0.99988,0.46446497466415165,93.01
174,0.0005795187123910398,0.99986,0.4694759616628289,92.91
175,0.0008058383641664035,0.99974,0.4658194398880005,93.05
176,0.0009612206283592335,0.99974,0.5668363730609417,92.31
177,0.0007929389053584097,0.9998,0.4767515839636326,92.93
178,0.0008021678022906015,0.9998,0.4722788778692484,93.09
179,0.00048266522340116846,0.99988,0.46509050533175467,93.17
180,0.0004150667306425942,0.99994,0.4666722256690264,92.98
181,0.0006489678149949997,0.99988,0.45128755647689106,93.34
182,0.0003763877446084376,0.99992,0.4523857670649886,93.4
183,0.0006329009180714059,0.99986,0.4521629048138857,93.29
184,0.0010868663030216613,0.9997,0.4597427873313427,93.25
185,0.0011128855426215192,0.9997,0.49627697095274925,92.95
186,0.0025719985231290312,0.9992,0.47860126733779906,92.96
187,0.0014463230491737309,0.99956,0.4723303912580013,93.05
188,0.0007801978941768637,0.99978,0.47015816934406757,93.05
189,0.0012846918380045144,0.99964,0.46155292954295873,93.31
190,0.0006984246756567065,0.99984,0.47757401496171953,92.92
191,0.0006755244101166872,0.99978,0.48009808335453275,92.92
192,0.0013601679669326076,0.99958,0.4771315775811672,93.04
193,0.000860570714145381,0.99972,0.4837624020501971,92.85
194,0.002045227707270306,0.9993,0.5155906718969345,92.46
195,0.0017714059147674144,0.9994,0.49884718723595145,92.51
196,0.0012136326554645796,0.99974,0.4801602088380605,92.78
197,0.0020724073071163767,0.9993,0.5133963350206614,92.59
198,0.0022611274762684122,0.9992,0.5189681638032198,92.47
199,0.000923802435417157,0.99978,0.4774392011016607,92.7
200,0.00047932676971703054,0.9999,0.4651044198870659,92.69
201,0.0005561774020147671,0.99986,0.4734617105871439,92.97
202,0.0007820000619571858,0.99972,0.4664211286231875,92.96
203,0.0006296114638795408,0.99988,0.46498226553201677,93.0
204,0.0010051301601902603,0.9996,0.4940654342994094,92.66
205,0.001004672808865326,0.9997,0.47145256808027625,93.11
206,0.0015682570616621762,0.99956,0.496645025536418,92.56
207,0.001963746402879505,0.9994,0.5040842508524657,92.71
208,0.002352207083516466,0.99926,0.4949837730452418,92.76
209,0.0028260244185205007,0.99908,0.5404108687490224,92.46
210,0.0031295033550494925,0.99918,0.5032919014245272,92.58
211,0.0019800775628441665,0.99938,0.47496687301900237,92.78
212,0.0021520694312841997,0.9993,0.48436494652181866,93.04
213,0.0013778270567622027,0.99966,0.4843539712578058,92.82
214,0.0013011455705003512,0.99966,0.49909931618720293,92.98
215,0.0015626216713396255,0.99942,0.5179717738181353,92.53
216,0.0020582237854942947,0.99936,0.49030374340713023,92.81
217,0.0029232691183848224,0.99906,0.49455857984721663,92.93
218,0.0032779266462301658,0.99872,0.5058390334248543,92.79
219,0.0037413581043405607,0.99888,0.5417449373006821,92.4
220,0.003245267696911469,0.99904,0.5173752954660449,92.47
221,0.0027651859309209886,0.99918,0.4925702705420554,92.78
222,0.0026127175849867163,0.99922,0.4924326731264591,92.78
223,0.0018357059687150934,0.99942,0.4911708396673202,92.86
224,0.0008639581482503158,0.9998,0.5178133543953299,92.63
225,0.0024596343032510766,0.99912,0.545972089972347,92.3
226,0.002718618554075051,0.99904,0.5336070357263089,92.17
227,0.0017551179432495952,0.99944,0.4867311624437571,92.63
228,0.002343276853832747,0.99922,0.5453098557889462,92.38
229,0.00328185997733339,0.99908,0.49888996705412864,92.44
230,0.0011430209307243442,0.99966,0.5049142441898584,92.65
231,0.001437280107946957,0.99954,0.4855540652573109,92.83
232,0.0015346597108389715,0.99946,0.49730445865541695,92.75
233,0.0014169688724800754,0.99964,0.5027948812395334,92.58
234,0.0019412358503436188,0.9994,0.5200881280004979,92.59
235,0.002640403201211812,0.99908,0.5043559385836125,92.58
236,0.0008593378393167078,0.9998,0.48805243603885173,92.96
237,0.0007521827888536288,0.99972,0.5042429076880217,92.88
238,0.0015671077229635186,0.99946,0.5299881944805384,92.73
239,0.0016891446202466993,0.99954,0.5244244316220283,92.58
240,0.0018426305400040905,0.99942,0.48241497673094275,93.01
241,0.004190116631262519,0.99862,0.5417653361707926,91.99
242,0.005830484011289104,0.99802,0.4810473484918475,92.75
243,0.0024133225898225635,0.9993,0.48374395713210105,92.81
244,0.0027895078880002585,0.99908,0.5463162840902805,92.04
245,0.002259774429811751,0.99924,0.5028010608628393,92.71
246,0.003036312274801571,0.99908,0.5406523267179728,92.34
247,0.001591942005833123,0.99952,0.4854265347123146,92.62
248,0.002359781822058982,0.99922,0.5279719350486993,92.67
249,0.003056270139449088,0.99902,0.47918494187295435,92.68
250,0.0022148278935174063,0.9993,0.5123450580239296,92.56
251,0.0013929330346369854,0.99964,0.4719506948441267,93.09
252,0.00159558436125898,0.99944,0.46651075387373564,93.04
253,0.002171826699883064,0.99928,0.5047795756161213,92.61
254,0.0022623325886247715,0.99932,0.5117016012221575,92.65
255,0.0018950442447668136,0.99936,0.4934549406170845,92.74
256,0.0011973591011730344,0.99966,0.474748345464468,92.91
257,0.0010934602345272666,0.9996,0.47377724684774875,92.98
258,0.0009681267963974383,0.9997,0.4700446403212845,93.16
259,0.0012099133713853896,0.99968,0.47238350663334133,92.99
260,0.0006664847797902344,0.99984,0.47858054876327516,92.85
261,0.0007824689740716429,0.99984,0.4759828143939376,93.07
262,0.001114911553656112,0.99964,0.5010039411485195,92.66
263,0.0009946062093842691,0.9997,0.48349352907389403,92.88
264,0.0005516781907538613,0.99982,0.4754893047362566,92.91
265,0.0008511376274229936,0.99974,0.5082405696064234,92.81
266,0.0005417612526500883,0.99986,0.49191439524292946,92.96
267,0.0008801286025574226,0.99968,0.48396958246827126,92.94
268,0.00045751179269987787,0.99992,0.4780622684955597,93.08
269,0.0004594345207904022,0.99988,0.48057912185788154,93.14
270,0.00039560684501124984,0.9999,0.4972938593477011,93.0
271,0.00019587429474516416,1.0,0.47941129364073276,93.27
272,0.000144962903574857,0.99998,0.48573464661836624,93.14
273,0.00015826247384692952,0.99998,0.47885879695415495,93.28
274,0.00014220917468790508,0.99996,0.47693335212767124,93.17
275,0.0002482206086673395,0.99992,0.4801623809337616,93.09
276,0.0001940708883772747,0.99996,0.4712360879778862,93.13
277,0.000171296045073526,0.99996,0.480778201520443,93.27
278,8.55918868862139e-05,1.0,0.4718501554429531,93.41
279,0.00013790749910506695,0.99998,0.4723479868471622,93.32
280,0.00012870859116497982,1.0,0.4650832041725516,93.22
281,0.00020238190622609074,0.99998,0.473034986667335,93.25
282,0.00011769333077446365,0.99998,0.4750821187347174,93.21
283,0.0003446574844515232,0.99988,0.4760727918893099,93.08
284,0.00021157808353394376,0.99994,0.48653886541724206,93.14
285,0.00023378844341963453,0.99996,0.49867984995245934,93.05
286,0.00022432232642231588,0.99996,0.4789099641889334,93.15
287,0.000149007019636881,0.99996,0.47066530779004095,93.16
288,7.484775141376973e-05,1.0,0.4660958547145128,93.12
289,8.317496618041601e-05,1.0,0.4625933612138033,93.13
290,8.124685125744633e-05,1.0,0.4629966205358505,93.22
291,7.621182695679043e-05,1.0,0.4661189521104097,93.32
292,8.877602493999648e-05,0.99998,0.4740578197687864,93.19
293,5.339659996690405e-05,1.0,0.46419063352048395,93.21
294,6.961872243773727e-05,0.99998,0.4735198246687651,93.25
295,6.200558579767972e-05,1.0,0.4723815304785967,93.32
296,0.00045083588956262144,0.9999,0.5055811167508364,93.15
297,0.0002578075794159988,0.99992,0.47469924136996267,93.31
298,8.967951359346395e-05,1.0,0.4697767232358456,93.27
299,0.00014579503054437621,0.99998,0.472093485891819,93.11
300,0.00045838927673889945,0.99986,0.47322932913899424,93.39
301,0.0001857357733238632,0.99996,0.4892478195950389,93.12
302,0.0003208353238937947,0.99994,0.4901613989472389,93.18
303,0.0001414819484744209,1.0,0.47636643327772615,93.31
304,8.81369842574104e-05,1.0,0.4660751466266811,93.35
305,0.00011043007796852972,0.99998,0.46306988773401825,93.38
306,0.00011893287110604647,0.99998,0.4669926637783647,93.42
307,9.985206365261389e-05,1.0,0.472205386091955,93.34
308,6.727801488160387e-05,1.0,0.458515553465113,93.45
309,0.00010691618981837864,0.99998,0.4592987284716219,93.36
310,8.215917193371317e-05,1.0,0.4579783987160772,93.51
311,7.755110026759993e-05,1.0,0.462626736741513,93.45
312,0.00010364822414152853,0.99998,0.46323187043890357,93.4
313,9.640201811807181e-05,0.99998,0.4627742938883603,93.31
314,4.585544814492556e-05,1.0,0.45955082105472683,93.47
315,5.7922528527886664e-05,1.0,0.45791936948895456,93.31
316,9.206653289196222e-05,0.99998,0.4841645294055343,93.03
317,0.0001100804742483069,0.99998,0.4716867934819311,93.23
318,9.304847177642081e-05,0.99998,0.46778289272449913,93.22
319,8.684340340448642e-05,0.99996,0.47156481014564633,93.13
320,7.310222329758227e-05,1.0,0.4681726265978068,93.37
321,0.00012799844984203349,0.99996,0.47363969395402816,93.4
322,6.14121518176309e-05,1.0,0.46500435543246565,93.44
323,5.3273027056686416e-05,1.0,0.4622732954286039,93.35
324,6.469571799197046e-05,0.99998,0.4631640369584784,93.44
325,4.910339441750665e-05,1.0,0.4693553828005679,93.45
326,4.3698486009248844e-05,1.0,0.4625642869900912,93.31
327,7.862101125409124e-05,0.99998,0.4681065920740366,93.3
328,6.93151751128451e-05,1.0,0.4680048073036596,93.33
329,4.678112088495394e-05,1.0,0.46614055732265114,93.27
330,4.689238795503269e-05,1.0,0.4731710640434176,93.3
331,4.8676556180998656e-05,1.0,0.4723788371356204,93.17
332,4.521496308124279e-05,1.0,0.47184462782926856,93.4
333,9.329512982158888e-05,0.99998,0.46247383481357246,93.43
334,7.292293298342254e-05,0.99998,0.4696380642056465,93.41
335,4.180382241306188e-05,1.0,0.46319469645619393,93.38
336,2.882823995921923e-05,1.0,0.45558847131207586,93.43
337,5.2770168124593895e-05,1.0,0.4654623996280134,93.34
338,4.854997633533585e-05,1.0,0.46613218922168015,93.37
339,5.9860174918113766e-05,0.99998,0.46990678999572993,93.39
340,9.276798695296152e-05,0.99998,0.47527965780347586,93.28
341,5.1737662473329655e-05,1.0,0.46357235057279467,93.26
342,3.275892237544885e-05,1.0,0.4633567809406668,93.26
343,4.054298410211485e-05,1.0,0.46327695427462456,93.44
344,4.7693906533990364e-05,1.0,0.4634812488174066,93.39
345,2.8170511850615596e-05,1.0,0.46553328760317525,93.43
346,2.864022236650862e-05,1.0,0.46420364774763584,93.38
347,2.9249761796784665e-05,1.0,0.47008770387154075,93.4
348,2.9643786989193818e-05,1.0,0.46916240713559093,93.41
349,2.0178855227459745e-05,1.0,0.46003958373796194,93.4
350,3.4155542283644436e-05,1.0,0.4615605770330876,93.39
351,0.00010057654984466865,0.99996,0.48122931433841587,93.24
352,9.958477276179385e-05,0.99998,0.4737632279889658,93.02
353,4.772834689439195e-05,1.0,0.47372235658578576,93.3
354,8.990963935219023e-05,0.99998,0.47181813564151526,93.39
355,8.092891530070068e-05,0.99996,0.4813407582417131,93.35
356,0.00027929091698947406,0.99988,0.48500936734490097,93.29
357,8.537414509926916e-05,1.0,0.4677998964395374,93.47
358,5.4722885265374734e-05,1.0,0.46807602327317,93.44
359,8.938323010850656e-05,0.99998,0.4870042970404029,93.34
360,0.00016145667685261446,0.99998,0.4785705114901066,93.31
361,4.42713441940851e-05,1.0,0.4783320020942483,93.45
362,3.976454896390285e-05,1.0,0.4771007400244707,93.38
363,5.864572647070695e-05,1.0,0.4733223794121295,93.53
364,3.5362025660815606e-05,1.0,0.47281984322937204,93.47
365,0.00011281551759917592,0.99996,0.4798056837823242,93.46
366,5.960678848464166e-05,0.99998,0.4849072921008337,93.39
367,2.9635692342131488e-05,1.0,0.48257941864430903,93.36
368,0.00021725459133970518,0.99988,0.5024196872487664,93.25
369,0.00019197382242478372,0.99994,0.5057576506212353,93.27
370,0.00012825130082503788,0.99996,0.49629603143781426,93.28
371,7.249958187346454e-05,1.0,0.4866162509843707,93.51
372,8.316633798910313e-05,1.0,0.48834385415539144,93.39
373,4.4329803617553675e-05,1.0,0.48397053284570574,93.49
374,4.078156274297963e-05,1.0,0.4860196570679545,93.36
375,2.9676417103320275e-05,1.0,0.48005315182730557,93.47
376,3.145695342385681e-05,1.0,0.4838904829509556,93.43
377,4.44876072961656e-05,0.99998,0.48174397211521863,93.55
378,2.5239579208294432e-05,1.0,0.48039564952254293,93.54
379,4.419798360128142e-05,1.0,0.47635836196132003,93.6
380,8.72221596701213e-05,0.99996,0.48645543720573187,93.53
381,4.4229386561072926e-05,1.0,0.491051079146564,93.6
382,3.159333906515175e-05,1.0,0.4891588005237281,93.6
383,3.164887352109439e-05,1.0,0.4827795647457242,93.49
384,3.3263492465996994e-05,1.0,0.48567471105605364,93.46
385,2.6017591320981613e-05,1.0,0.4821621287055314,93.6
386,4.100126531123833e-05,1.0,0.481996970847249,93.51
387,2.504641099647443e-05,1.0,0.4827385425567627,93.59
388,3.9906460611267126e-05,0.99998,0.4834703861363232,93.72
389,5.0941374526335915e-05,1.0,0.48341869221068917,93.47
390,3.656828799820922e-05,1.0,0.48305675758048894,93.52
391,3.526891817516356e-05,1.0,0.4800833276100457,93.52
392,3.08280177147198e-05,1.0,0.4806425008270889,93.47
393,1.5530249346857485e-05,1.0,0.4789268965739757,93.53
394,2.1903514099881888e-05,1.0,0.4780775757832453,93.59
395,3.143152617426762e-05,1.0,0.4773564893193543,93.55
396,3.842551384301013e-05,1.0,0.47749092992395165,93.58
397,2.7801439433306953e-05,1.0,0.4700835257489234,93.63
398,2.15357450610253e-05,1.0,0.46978046361356973,93.6
399,1.7880875131125662e-05,1.0,0.47165784614160655,93.65
