0,1.9668306511686282,0.28996,1.8869709885120391,33.69
1,1.918818525950927,0.31926,1.8405627238750457,35.54
2,1.906001404728121,0.32592,1.8270443999767303,35.55
3,1.8968793723894202,0.3317,1.8462465298175812,35.94
4,1.8955479293223232,0.3319,1.8115237319469453,37.13
5,1.8922031072094618,0.33176,1.824541347026825,35.56
6,1.890807202100144,0.33252,1.831650004386902,35.49
7,1.8865844227773758,0.33572,1.8139535975456238,36.93
8,1.8870563260124773,0.33596,1.8168449866771699,36.29
9,1.884976198606174,0.33876,1.8242304635047912,35.86
10,1.8844400665644185,0.33718,1.8196158814430237,36.88
11,1.8830334878028812,0.33984,1.8175521779060364,37.58
12,1.8837229635404504,0.33704,1.8109866094589233,36.88
13,1.8826941910302242,0.33734,1.8031449115276337,37.04
14,1.8827762865959226,0.33802,1.792435564994812,38.04
15,1.8822731840640992,0.33702,1.82438915848732,36.0
16,1.8769922619280608,0.34392,1.8369444453716277,36.58
17,1.87929247285399,0.33994,1.8057448530197144,37.57
18,1.88132837757735,0.33912,1.7994766759872436,37.06
19,1.8785129535533582,0.34156,1.8220185112953187,36.57
20,1.883281456540003,0.33962,1.8080877125263215,36.8
21,1.87642335830747,0.34078,1.7997305274009705,36.9
22,1.880119637760055,0.33902,1.7824462378025054,37.83
23,1.876817118481297,0.34248,1.7822406435012816,37.86
24,1.8797809361191966,0.3404,1.7950725615024568,37.56
25,1.877702802648325,0.3404,1.7915373492240905,38.24
26,1.8768979582335332,0.34238,1.7925889277458191,37.75
27,1.8768243009172132,0.34342,1.79260507106781,37.36
28,1.876153001699911,0.34254,1.835236005783081,35.85
29,1.8788603013738647,0.34246,1.8032954549789428,37.25
30,1.8750548134069613,0.3431,1.8031933331489562,37.03
31,1.878100445203464,0.34022,1.8006067657470703,37.85
32,1.8765219081088405,0.34256,1.8130943834781648,36.66
33,1.877213882973127,0.34206,1.778719220161438,38.04
34,1.8748770257091278,0.34324,1.8030588960647582,37.11
35,1.877419564425183,0.34332,1.8051085412502288,37.31
36,1.8775142848948994,0.34292,1.7991067624092103,38.26
37,1.8774987648210257,0.34344,1.8000351512432098,37.55
38,1.875769968227962,0.343,1.8094651663303376,37.09
39,1.8742375754944198,0.34474,1.7923883128166198,37.91
40,1.8763934084216651,0.34368,1.7975546503067017,37.99
41,1.873322153030454,0.34436,1.8033237338066102,37.43
42,1.8734422961769202,0.34438,1.7955757451057435,37.71
43,1.8741915256470976,0.34374,1.8068545067310333,37.58
44,1.874798290564886,0.3414,1.8022947561740876,37.73
45,1.8749206041740945,0.34268,1.8090421080589294,36.94
46,1.8752133331030532,0.34678,1.7884280180931091,37.72
47,1.8749516434071924,0.34326,1.8063916039466859,36.41
48,1.8745131870669782,0.34122,1.807483996152878,37.08
49,1.8748065681408739,0.34398,1.7952784609794616,37.73
50,1.8750364463347609,0.34532,1.8095020818710328,37.57
51,1.874737487729553,0.34522,1.7994124174118042,37.44
52,1.8739096237265545,0.34628,1.7941944515705108,37.85
53,1.8749165105087984,0.3452,1.7970153903961181,38.15
54,1.8729295386072924,0.34504,1.7985340797901153,38.02
55,1.8753723317704847,0.34402,1.801628566980362,37.14
56,1.8723921632522817,0.34466,1.801250866651535,37.72
57,1.872060805330496,0.34308,1.7938956892490387,37.7
58,1.8726998857220116,0.34554,1.8155304956436158,37.32
59,1.8732469100171647,0.34602,1.7944080317020417,36.98
60,1.874034516646734,0.34272,1.8044892954826355,37.18
61,1.874166436817335,0.34248,1.8126997911930085,36.72
62,1.8722313026637982,0.34554,1.8025005948543549,37.2
63,1.8740383877473719,0.34296,1.785077201128006,37.9
64,1.874079361596071,0.34368,1.7891003227233886,37.63
65,1.8749025618023885,0.34414,1.7890806210041046,38.04
66,1.8724956939287503,0.34718,1.8043306624889375,38.31
67,1.8763110521809219,0.34234,1.8132004368305206,37.4
68,1.8703247089215251,0.34844,1.8026518189907075,36.88
69,1.873016546754276,0.34204,1.8043278849124909,37.09
70,1.8710021859849506,0.34616,1.793419723510742,37.86
71,1.872384988438443,0.34612,1.797915413379669,36.86
72,1.87235724346717,0.34926,1.7829697847366333,37.67
73,1.8698242311282536,0.34698,1.804837497472763,37.71
74,1.870523028971289,0.34692,1.8019506359100341,37.26
75,1.8740948295349356,0.34362,1.797691113948822,37.5
76,1.871992421881927,0.34494,1.805373818874359,37.85
77,1.8720625193832476,0.34764,1.8087757110595704,37.53
78,1.8751685299227,0.3452,1.8061671090126037,37.4
79,1.8721365471325262,0.34406,1.8569017028808594,35.26
80,1.87203773360728,0.34338,1.7848315906524659,38.08
81,1.8717014932876352,0.34494,1.7879067039489747,37.87
82,1.8701230885122744,0.3472,1.8010688126087189,38.14
83,1.8704641941563247,0.3457,1.7871835923194885,38.37
84,1.8734946138108783,0.34312,1.825038458108902,36.03
85,1.8709457631001387,0.3429,1.7973602294921875,37.1
86,1.868363827390744,0.34632,1.8050358664989472,37.05
87,1.8708795376141052,0.34616,1.8059666121006013,37.14
88,1.8710414058412128,0.34642,1.8199676048755646,37.27
89,1.871467684236024,0.34576,1.7938535618782043,36.63
90,1.8709073734405401,0.34536,1.8084955155849456,37.31
91,1.8722987961586175,0.34578,1.8035544562339783,36.85
92,1.8716974980995784,0.34328,1.8055322349071503,37.45
93,1.8707441634229383,0.3452,1.796117253303528,38.01
94,1.8720326585233058,0.34532,1.7951339340209962,38.13
95,1.8742510284609197,0.34554,1.8168023312091828,36.51
96,1.8713866280167915,0.34698,1.8030583226680756,36.92
97,1.8744880415289604,0.3465,1.7977520871162413,37.58
98,1.8736695414004119,0.34758,1.8082178556919097,37.03
99,1.8722416385055503,0.34512,1.7856444013118744,38.34
100,1.8687561521749667,0.34842,1.7879174852371216,38.46
101,1.871203876822196,0.34566,1.7927210986614228,37.54
102,1.8720378397065964,0.34502,1.8131305849552155,36.88
103,1.8691641799629193,0.3452,1.8115651845932006,36.99
104,1.871558620801667,0.34552,1.799487818479538,37.78
105,1.8709558373521966,0.34524,1.7995369613170624,37.01
106,1.872341245641489,0.34754,1.8020364189147948,38.92
107,1.8715318514562933,0.34754,1.8149897718429566,37.24
108,1.8668538152104448,0.34714,1.7880386078357697,37.76
109,1.8686575843854938,0.34718,1.8317241060733795,37.21
110,1.871562097383582,0.34544,1.814663678407669,37.17
111,1.8696417406087031,0.34754,1.7861458218097688,38.07
112,1.873000621185888,0.34368,1.8179780232906342,37.27
113,1.868068686836516,0.34782,1.8068726766109466,37.06
114,1.870529787009939,0.34384,1.8067686474323272,37.04
115,1.8708712335132882,0.3444,1.784871917963028,38.62
116,1.8710380024312403,0.3462,1.7837723004817962,37.81
117,1.8713556323819758,0.3472,1.7924584543704987,37.09
118,1.8713219165802002,0.34728,1.798409024477005,38.11
119,1.8709434109270726,0.34662,1.812991818189621,38.02
120,1.8721211319384368,0.346,1.787600338459015,38.0
121,1.8701060735965933,0.34708,1.8228017818927764,36.13
122,1.8693205404769428,0.34716,1.8236159694194793,36.05
123,1.8714378300835104,0.34534,1.7888502991199493,37.82
124,1.869962831897199,0.34458,1.804789491891861,37.42
125,1.870276216960624,0.34432,1.8002207040786744,37.55
126,1.8702548437411217,0.34784,1.804732826948166,36.73
127,1.8711011556103407,0.34602,1.7863494968414306,37.77
128,1.8686685330422639,0.3455,1.7990683925151825,37.51
129,1.8701613562186357,0.34598,1.800958880186081,37.78
130,1.8699785367302273,0.34684,1.7832211780548095,37.9
131,1.871579157421961,0.3466,1.7898795735836028,37.96
132,1.8688663180221987,0.34628,1.7874216520786286,38.28
133,1.8686044551527408,0.34734,1.80597465634346,37.53
134,1.865637486243187,0.34974,1.8071351325511933,36.81
135,1.8680582717251595,0.34674,1.8068900394439698,37.49
136,1.8717461970761,0.34516,1.8157169711589813,37.04
137,1.8717456796894902,0.34782,1.8113978719711303,37.12
138,1.8746302755897308,0.3472,1.802282657623291,37.72
139,1.8699246263869889,0.34756,1.7897913694381713,37.57
140,1.8711093505630103,0.34654,1.784985990524292,37.99
141,1.8705377624467816,0.34698,1.8241621005535125,37.18
142,1.8722402552509552,0.34638,1.8100320506095886,37.51
143,1.8669880485290762,0.34544,1.7923517656326293,38.23
144,1.8694386076744256,0.34684,1.7989487183094024,37.93
145,1.869464002911697,0.34638,1.797522542476654,37.88
146,1.869475235109744,0.34802,1.793156888484955,38.36
147,1.865320066356903,0.34762,1.804415874481201,37.5
148,1.8675482956039937,0.34844,1.7969336235523223,38.21
149,1.8719812860269376,0.34412,1.789617109298706,37.95
150,1.86962243602099,0.34638,1.816240222454071,37.85
151,1.8701948607364274,0.34566,1.794332743883133,37.13
152,1.8701268919288654,0.34568,1.78784606218338,38.71
153,1.8676534717345177,0.3476,1.8034609401226043,37.43
154,1.8676013422134283,0.34746,1.782232152223587,38.69
155,1.868778820232967,0.34752,1.829802770614624,36.04
156,1.8723509253748238,0.3451,1.8206311416625978,36.33
157,1.8725927763277916,0.34674,1.7859939432144165,38.72
158,1.8729851108682736,0.34534,1.8006685531139375,38.94
159,1.8685016034509214,0.3483,1.7851453256607055,38.29
160,1.8736866108901666,0.34772,1.8129932141304017,36.6
161,1.8711975715349398,0.34558,1.8008413541316985,37.37
162,1.8685552915343848,0.34826,1.8002147710323333,37.44
163,1.8708021994441977,0.34622,1.8142613542079926,36.42
164,1.8696597784071627,0.34612,1.8028722405433655,36.63
165,1.8712432043021903,0.34516,1.7858385956287384,37.91
166,1.8696633129168654,0.34828,1.7954832243919372,38.16
167,1.86891569109524,0.34824,1.7881629765033722,37.67
168,1.868957447883723,0.34724,1.8152746486663818,36.75
169,1.8705155517134215,0.3443,1.7879436147212981,38.06
170,1.8684615762642278,0.34814,1.807361776828766,37.33
171,1.8722206637682512,0.34586,1.7917203390598297,37.76
172,1.8704966260953937,0.3456,1.8102920413017274,37.78
173,1.868917285938702,0.349,1.810637503862381,37.7
174,1.8689930685950666,0.3472,1.7957276141643523,37.95
175,1.8689547264972306,0.34878,1.7968081474304198,37.71
176,1.8702775645438972,0.34728,1.812815808057785,37.26
177,1.8710133014127726,0.34704,1.7927894711494445,38.11
178,1.8694180064189159,0.34736,1.799630069732666,37.44
179,1.8687070659969165,0.34856,1.7881086146831513,38.47
180,1.868567209414509,0.3466,1.7943703258037567,37.22
181,1.8689978070881055,0.3468,1.7937687873840331,37.75
182,1.8699823550860901,0.34778,1.7880003678798675,37.87
183,1.8694609232875696,0.34388,1.8056248176097869,37.53
184,1.8686435231772225,0.34618,1.8107508420944214,37.04
185,1.869337248985115,0.3464,1.8048836314678192,37.44
186,1.869022484935458,0.34688,1.818455685377121,36.58
187,1.8716858085768913,0.34628,1.787777945995331,37.98
188,1.8676020702742555,0.34772,1.784278267621994,38.18
189,1.8676363946226857,0.34742,1.77932067155838,38.13
190,1.8675120904317597,0.34784,1.7906592547893525,37.78
191,1.8679894843064915,0.3468,1.784333565235138,37.85
192,1.8682319810018515,0.34498,1.8164694666862489,36.97
193,1.8713332146329953,0.34508,1.830642853975296,37.17
194,1.8703895511529636,0.34608,1.7851462709903716,37.64
195,1.8714535465020963,0.3471,1.7892969954013824,37.8
196,1.8707246155385167,0.34942,1.7936285245418548,38.11
197,1.865308664338973,0.35084,1.7932124066352844,37.96
198,1.8669996968925457,0.34812,1.8067897057533264,37.75
199,1.8673932933441513,0.34776,1.79525861620903,38.27
200,1.8689176786281263,0.34666,1.8001600801944733,38.13
201,1.8714822024640525,0.34542,1.8094188225269319,37.73
202,1.8691732941381156,0.34854,1.8127186691761017,37.07
203,1.8718116179756497,0.34978,1.7766903507709504,38.36
204,1.8693115506940485,0.34892,1.803726155757904,37.34
205,1.8673383107270731,0.35142,1.7913709831237794,38.06
206,1.8678297892860745,0.34722,1.797385514974594,37.88
207,1.8693997805075877,0.34794,1.7914318430423737,38.19
208,1.8712007703683566,0.3475,1.810914684534073,37.23
209,1.8714589475060972,0.34838,1.8052325689792632,37.1
210,1.8687486115014156,0.34774,1.808956768512726,37.19
211,1.8681202233599885,0.34696,1.8022851419448853,37.7
212,1.8727646752086746,0.34408,1.80418555021286,37.65
213,1.8683479798724278,0.3492,1.7932957243919372,37.21
214,1.8678034306182276,0.34786,1.7997717130184174,38.17
215,1.8691187496380428,0.34506,1.8089770936965943,37.71
216,1.8694294410593368,0.34518,1.7962381839752197,38.18
217,1.8694592330156994,0.35058,1.8185951066017152,37.41
218,1.8697845201053278,0.347,1.8036817610263824,37.75
219,1.8696357688635512,0.3435,1.8125802719593047,37.02
220,1.8680514947837576,0.34588,1.8155205655097961,37.21
221,1.8668707941499207,0.34752,1.811288298368454,36.85
222,1.8686721233455725,0.34886,1.7939726674556733,37.97
223,1.8669262679336627,0.34612,1.8013787519931794,37.54
224,1.868547444758208,0.3462,1.7922354197502137,37.42
225,1.8679470220185301,0.3486,1.788939197063446,37.91
226,1.8688308134713136,0.34562,1.7956155169010162,38.21
227,1.8717823455400784,0.34782,1.8093303966522216,36.84
228,1.8704490722597713,0.3456,1.8073223769664764,37.07
229,1.868844052714765,0.34804,1.8183385777473449,36.81
230,1.8674338147463396,0.34762,1.7941654050350189,37.86
231,1.869493144247538,0.34662,1.8145969462394715,37.4
232,1.8678011891177244,0.34838,1.7957887601852418,37.44
233,1.8690836999727332,0.35038,1.8054086899757384,37.08
234,1.8660881479682825,0.34878,1.7853206491470337,37.98
235,1.8684280732708514,0.34714,1.799113280773163,37.58
236,1.8672016246239547,0.34644,1.7941497135162354,37.68
237,1.8695238709754651,0.34762,1.8060300087928771,37.62
238,1.8679311976713293,0.34936,1.8119494378566743,37.34
239,1.8695917568548257,0.34676,1.8047599411010742,37.12
240,1.8670132647999718,0.35002,1.8229811763763428,36.96
241,1.8688564523101767,0.34908,1.7944485127925873,37.65
242,1.8696534084846905,0.34742,1.8121539008617402,37.12
243,1.8654289218165991,0.34878,1.80203134059906,37.27
244,1.8665572026806414,0.34748,1.7950663459300995,36.9
245,1.8692554698880677,0.34846,1.7863378596305848,37.86
246,1.8701610784701375,0.34938,1.7949291944503785,37.32
247,1.8711621941203047,0.34696,1.790173476934433,37.72
248,1.8699318149205668,0.34888,1.8032619881629943,36.94
249,1.8698803341907004,0.34824,1.7916608929634095,37.7
250,1.869749886910324,0.34842,1.8311106216907502,36.57
251,1.868966820904666,0.3471,1.779965238571167,38.35
252,1.8658369489947852,0.34866,1.8002930653095246,37.5
253,1.8703491931681133,0.34932,1.7879641926288605,38.0
254,1.8688746166351202,0.34622,1.8033142054080964,37.59
255,1.8702770477670538,0.34686,1.7828545761108399,38.29
256,1.867615365616196,0.34654,1.8022152960300446,37.73
257,1.8693951840900704,0.34886,1.8071895372867584,37.38
258,1.87205579610127,0.34578,1.7966114211082458,37.5
259,1.8706710692256918,0.34676,1.8049414336681366,37.22
260,1.8666844105781497,0.34914,1.799905811548233,37.1
261,1.8705840501029167,0.3499,1.7872625923156737,38.18
262,1.8685426324834604,0.34764,1.8015331888198853,38.36
263,1.869621734180109,0.3458,1.8278912365436555,36.73
264,1.8645254577822088,0.3496,1.8023284339904786,37.47
265,1.8706662356091277,0.34596,1.8451814866065979,36.57
266,1.8713623331026044,0.34616,1.777350993156433,37.92
267,1.869316415408688,0.34632,1.7773483979701996,38.38
268,1.8693152708775551,0.34764,1.7887288582324983,38.37
269,1.8646673076902813,0.34838,1.7942901515960694,37.7
270,1.8678379616773952,0.35054,1.7871896016597748,37.72
271,1.8704067575352272,0.34688,1.7989721500873566,37.09
272,1.8682052930602637,0.34662,1.797637960910797,37.89
273,1.8633019579645922,0.35262,1.814812114238739,36.92
274,1.8671313457171936,0.34918,1.7905950021743775,37.51
275,1.8697734308974516,0.34804,1.8005631613731383,37.71
276,1.869954146387632,0.34712,1.7769227635860443,38.57
277,1.8700766459755276,0.34614,1.7978670763969422,38.14
278,1.867748133361797,0.3508,1.8141819941997528,37.69
279,1.868556838511201,0.35022,1.7890045082569122,38.12
280,1.8705126583728644,0.34778,1.7923536598682404,37.32
281,1.8638891387168708,0.34874,1.8135962939262391,37.19
282,1.8671420897974078,0.34692,1.7877120912075042,37.71
283,1.8688041337615693,0.3479,1.7949074411392212,37.08
284,1.8681263984621639,0.34728,1.791069781780243,38.23
285,1.8714768474973986,0.34738,1.7990271151065826,38.0
286,1.8694483239937316,0.3472,1.7911597514152526,37.77
287,1.8691469952273552,0.34518,1.8092301046848298,37.89
288,1.8665864931043152,0.35004,1.8013795685768128,37.72
289,1.8688709223666764,0.3482,1.7993679904937745,37.22
290,1.867299127151899,0.34726,1.7970952796936035,37.68
291,1.8677726852924317,0.35262,1.813162282705307,37.53
292,1.8699060352257146,0.34498,1.834336087703705,36.87
293,1.868760536698734,0.347,1.7853500688076018,38.04
294,1.8702413624204943,0.3484,1.8026694178581237,37.33
295,1.8659279663544481,0.34816,1.7942012298107146,37.88
296,1.869464719996733,0.34648,1.785987113714218,37.7
297,1.869885524825367,0.34692,1.8235715186595918,37.17
298,1.8697213282060745,0.3493,1.7900274109840393,37.9
299,1.8661535795387405,0.34888,1.8031368279457092,37.03
300,1.870839564391719,0.34772,1.796365693807602,37.98
301,1.8672917370905961,0.34754,1.8108563780784608,37.9
302,1.869732735407017,0.34622,1.8000118219852448,37.65
303,1.8691865406987611,0.3475,1.80461057305336,37.2
304,1.8673890515056717,0.34888,1.8074996387958526,37.88
305,1.8695983191585297,0.34536,1.7841260421276093,38.09
306,1.8699437041416802,0.34682,1.8052505135536194,37.43
307,1.868879283480632,0.34744,1.7894753444194793,37.5
308,1.8665866769488206,0.3511,1.8273458170890808,37.54
309,1.8698516879850031,0.34984,1.8044844925403596,37.27
310,1.8694771592269468,0.34668,1.800671147108078,37.29
311,1.8687095632943351,0.34892,1.8021643686294555,37.59
312,1.8675339670132494,0.3475,1.7779623699188232,38.56
313,1.8698083384872397,0.34552,1.7948509681224822,37.64
314,1.8671056376698683,0.3465,1.803983850479126,37.13
315,1.8671832801131032,0.3477,1.7881950950622558,37.25
316,1.8673265681547278,0.34796,1.8532946300506592,35.79
317,1.8658234173684474,0.3491,1.8096836066246034,36.89
318,1.8677029499922262,0.34974,1.7939713215827942,37.75
319,1.8687529350485643,0.34692,1.7824097442626954,37.92
320,1.8667741513923002,0.34802,1.7816362190246582,38.53
321,1.8656959750158402,0.34742,1.8068196392059326,37.16
322,1.8673047394398838,0.3498,1.7879598689079286,39.21
323,1.8698859791011762,0.3495,1.7972639536857604,37.49
324,1.8700875293873156,0.3458,1.7953266429901122,37.57
325,1.8694008027806002,0.3478,1.793645579814911,38.08
326,1.8668653846091932,0.34788,1.798285105228424,37.62
327,1.8679495793779184,0.351,1.7973414373397827,37.72
328,1.8657290658072743,0.3493,1.8182256984710694,36.77
329,1.8659408824218204,0.34934,1.786051961183548,38.48
330,1.8708109200153205,0.34716,1.804277809858322,37.9
331,1.8650564177871665,0.34722,1.820439281463623,37.09
332,1.8683267795216396,0.34654,1.8091538631916046,37.2
333,1.8686875766500488,0.34932,1.7958127760887146,38.1
334,1.8703289717969382,0.3488,1.799777500629425,37.87
335,1.867750377911131,0.34722,1.7752523040771484,38.25
336,1.8674478286977314,0.34948,1.7926044487953186,37.96
337,1.8695786087714192,0.34948,1.779843075275421,38.22
338,1.8666173366024672,0.3499,1.8055401945114136,36.63
339,1.8662060310163766,0.34778,1.827388356924057,36.67
340,1.8672028344000697,0.3494,1.7802202308177948,38.73
341,1.8682253872951888,0.34968,1.789290316104889,38.7
342,1.8684782673940634,0.34948,1.7868135833740235,37.72
343,1.8701284062831909,0.34422,1.8078643369674683,37.39
344,1.8703221887578745,0.34658,1.7750912034511566,38.37
345,1.8685102865214238,0.34588,1.7991943502426146,38.24
346,1.8681295012574062,0.34858,1.7893318080902099,38.34
347,1.8675519197493258,0.34874,1.789720925092697,38.11
348,1.8697300588383394,0.34546,1.84267960190773,36.48
349,1.8691894892231582,0.3493,1.7980806124210358,38.04
350,1.8674759782488695,0.35114,1.803527810573578,37.45
351,1.8682115834082484,0.34532,1.7872021901607513,38.08
352,1.8698173060136682,0.34868,1.7875951993465424,38.16
353,1.8687679157842456,0.34836,1.8137598025798798,37.01
354,1.867299932653032,0.34904,1.8116442024707795,36.53
355,1.868923228110194,0.34988,1.8137222921848297,36.66
356,1.8667521196253158,0.35034,1.7967814564704896,37.66
357,1.866470638443442,0.34722,1.7904899299144745,37.92
358,1.8679101153102982,0.34868,1.8017206466197968,37.23
359,1.872401697861264,0.34628,1.7889024770259858,38.63
360,1.8681311973220551,0.34928,1.820806977748871,36.82
361,1.8679120211345155,0.3471,1.789573495388031,37.89
362,1.869388043423138,0.34828,1.8130338203907013,36.18
363,1.868253997524681,0.34822,1.7961101531982422,37.65
364,1.869297123321182,0.34762,1.7995456087589263,37.95
365,1.8682453309178657,0.34864,1.7891414010524749,37.99
366,1.8649182249518002,0.3485,1.8120430064201356,37.49
367,1.8715254562285246,0.34626,1.8170886528491974,36.96
368,1.8684399673700942,0.34762,1.8099330544471741,36.81
369,1.8680724911677562,0.34738,1.792486125230789,36.8
370,1.871353082034899,0.34692,1.8490004551410675,36.16
371,1.8669567352060772,0.34912,1.8021997022628784,38.08
372,1.8664281880459213,0.34978,1.7841723990440368,38.14
373,1.866430731075804,0.3497,1.8025581634044647,37.29
374,1.8691357779685798,0.34768,1.806269747018814,37.95
375,1.8693404273913645,0.3475,1.7875058948993683,37.68
376,1.8669167500932504,0.34916,1.7946618843078612,38.01
377,1.8712551349874043,0.34598,1.7990255534648896,37.32
378,1.8708358682939767,0.34922,1.7782302618026733,38.24
379,1.8667001501678506,0.34712,1.8076345133781433,37.94
380,1.8663014777176214,0.34694,1.7811963558197021,38.26
381,1.870372889901671,0.34672,1.7917247331142425,37.35
382,1.8700091787006543,0.34888,1.8033834707736969,38.03
383,1.8664578455488394,0.34958,1.8025343608856201,37.07
384,1.8670535810158382,0.34802,1.789375227689743,38.18
385,1.8682140648517462,0.34832,1.7984873390197753,37.74
386,1.8694419498028962,0.3482,1.7908780074119568,37.73
387,1.8634522308778885,0.34928,1.7860274183750153,37.91
388,1.8668029168072868,0.35004,1.7963804614543915,37.54
389,1.8664186195949155,0.35092,1.7920897245407104,37.75
390,1.8694292697150383,0.34784,1.7795335721969605,38.53
391,1.8691102013258678,0.34982,1.7979938733577727,37.62
392,1.866371786502926,0.34824,1.7965840685367584,37.71
393,1.8684403149368207,0.3465,1.7901878476142883,37.76
394,1.8674298195582826,0.347,1.7951077485084534,37.39
395,1.8707213316427167,0.34748,1.7957107102870942,37.89
396,1.8680279011006855,0.34758,1.793585262298584,38.07
397,1.8693139028671149,0.34688,1.7894851124286653,38.64
398,1.8664463420048394,0.34932,1.786083562374115,37.96
399,1.8713116334832234,0.34648,1.7982825422286988,37.71
