fc1,0,10,5,0,0.05,-1.3,0.004030000000000001,188.1,0.006910000000000005
fc1,0,10,5,0,0.1318181818181818,-2.1,0.004030000000000001,187.3,0.006910000000000005
fc1,0,10,5,0,0.21363636363636362,-3.7,0.003909999999999997,185.7,0.006790000000000002
fc1,0,10,5,0,0.2954545454545454,-4.5,0.00363,184.9,0.0065100000000000045
fc1,0,10,5,0,0.3772727272727272,-7.4,0.002400000000000002,182.0,0.005280000000000007
fc1,0,10,5,0,0.459090909090909,-16.1,0.002400000000000002,173.3,0.005280000000000007
fc1,0,10,5,0,0.5409090909090909,-20.9,0.002230000000000004,168.5,0.005110000000000009
fc1,0,10,5,0,0.6227272727272727,-22.9,0.0018300000000000094,166.5,0.0047100000000000145
fc1,0,10,5,0,0.7045454545454545,-24.9,0.0018300000000000094,164.5,0.0047100000000000145
fc1,0,10,5,0,0.7863636363636363,-25.9,0.0018300000000000094,163.5,0.0047100000000000145
fc1,0,10,5,0,0.868181818181818,-33.2,0.0011400000000000078,156.2,0.004020000000000012
fc1,0,10,5,0,0.95,-35.2,0.0011400000000000078,154.2,0.004020000000000012
fc1,0.1,10,5,0,0.05,37.3,0.006109999999999993,226.7,0.008989999999999998
fc1,0.1,10,5,0,0.1318181818181818,36.4,0.004959999999999997,225.8,0.007840000000000003
fc1,0.1,10,5,0,0.21363636363636362,34.6,0.004010000000000002,224.0,0.006890000000000007
fc1,0.1,10,5,0,0.2954545454545454,28.7,0.0038900000000000046,218.1,0.0067700000000000095
fc1,0.1,10,5,0,0.3772727272727272,13.9,0.002829999999999999,203.3,0.005710000000000004
fc1,0.1,10,5,0,0.459090909090909,12.1,0.002829999999999999,201.5,0.005710000000000004
fc1,0.1,10,5,0,0.5409090909090909,11.2,0.002829999999999999,200.6,0.005710000000000004
fc1,0.1,10,5,0,0.6227272727272727,-9.0,0.0016299999999999982,180.4,0.004510000000000003
fc1,0.1,10,5,0,0.7045454545454545,-14.0,0.0013600000000000112,175.4,0.004240000000000016
fc1,0.1,10,5,0,0.7863636363636363,-15.4,0.0013600000000000112,174.0,0.004240000000000016
fc1,0.1,10,5,0,0.868181818181818,-18.8,0.0013400000000000079,170.6,0.004220000000000013
fc1,0.1,10,5,0,0.95,-28.6,0.0011000000000000066,160.8,0.003980000000000011
fc1,0.21250000000000002,10,5,0,0.05,35.9,0.005959999999999993,225.3,0.008839999999999997
fc1,0.21250000000000002,10,5,0,0.1318181818181818,28.1,0.005009999999999998,217.5,0.007890000000000003
fc1,0.21250000000000002,10,5,0,0.21363636363636362,26.3,0.005009999999999998,215.7,0.007890000000000003
fc1,0.21250000000000002,10,5,0,0.2954545454545454,25.4,0.0049899999999999944,214.8,0.007869999999999999
fc1,0.21250000000000002,10,5,0,0.3772727272727272,10.2,0.003969999999999996,199.6,0.00685
fc1,0.21250000000000002,10,5,0,0.459090909090909,4.1,0.003620000000000001,193.5,0.006500000000000006
fc1,0.21250000000000002,10,5,0,0.5409090909090909,3.2,0.003620000000000001,192.6,0.006500000000000006
fc1,0.21250000000000002,10,5,0,0.6227272727272727,-9.4,0.00242,180.0,0.005300000000000004
fc1,0.21250000000000002,10,5,0,0.7045454545454545,-11.9,0.002070000000000005,177.5,0.00495000000000001
fc1,0.21250000000000002,10,5,0,0.7863636363636363,-12.9,0.002070000000000005,176.5,0.00495000000000001
fc1,0.21250000000000002,10,5,0,0.868181818181818,-16.2,0.002050000000000002,173.2,0.004930000000000006
fc1,0.21250000000000002,10,5,0,0.95,-27.1,0.0016400000000000026,162.3,0.0045200000000000075
fc1,0.325,10,5,0,0.05,26.4,0.00494,215.8,0.007820000000000004
fc1,0.325,10,5,0,0.1318181818181818,25.6,0.00494,215.0,0.007820000000000004
fc1,0.325,10,5,0,0.21363636363636362,24.0,0.00494,213.4,0.007820000000000004
fc1,0.325,10,5,0,0.2954545454545454,16.1,0.0045900000000000055,205.5,0.00747000000000001
fc1,0.325,10,5,0,0.3772727272727272,2.6,0.004180000000000006,192.0,0.007060000000000011
fc1,0.325,10,5,0,0.459090909090909,0.2,0.0036400000000000043,189.6,0.006520000000000009
fc1,0.325,10,5,0,0.5409090909090909,-0.7,0.0036400000000000043,188.7,0.006520000000000009
fc1,0.325,10,5,0,0.6227272727272727,-3.6,0.0022400000000000085,185.8,0.005120000000000013
fc1,0.325,10,5,0,0.7045454545454545,-7.8,0.002200000000000002,181.6,0.005080000000000006
fc1,0.325,10,5,0,0.7863636363636363,-8.8,0.002200000000000002,180.6,0.005080000000000006
fc1,0.325,10,5,0,0.868181818181818,-10.9,0.002200000000000002,178.5,0.005080000000000006
fc1,0.325,10,5,0,0.95,-12.9,0.002200000000000002,176.5,0.005080000000000006
fc1,0.4375,10,5,0,0.05,24.4,0.003670000000000001,213.8,0.0065500000000000055
fc1,0.4375,10,5,0,0.1318181818181818,23.6,0.003670000000000001,213.0,0.0065500000000000055
fc1,0.4375,10,5,0,0.21363636363636362,22.0,0.003670000000000001,211.4,0.0065500000000000055
fc1,0.4375,10,5,0,0.2954545454545454,21.2,0.003670000000000001,210.6,0.0065500000000000055
fc1,0.4375,10,5,0,0.3772727272727272,8.3,0.003649999999999998,197.7,0.006530000000000003
fc1,0.4375,10,5,0,0.459090909090909,6.5,0.0034099999999999964,195.9,0.006290000000000001
fc1,0.4375,10,5,0,0.5409090909090909,5.6,0.0034099999999999964,195.0,0.006290000000000001
fc1,0.4375,10,5,0,0.6227272727272727,-22.2,0.002629999999999999,167.2,0.005510000000000004
fc1,0.4375,10,5,0,0.7045454545454545,-29.3,0.0015500000000000015,160.1,0.004430000000000006
fc1,0.4375,10,5,0,0.7863636363636363,-30.3,0.0015500000000000015,159.1,0.004430000000000006
fc1,0.4375,10,5,0,0.868181818181818,-33.6,0.0009400000000000019,155.8,0.0038200000000000066
fc1,0.4375,10,5,0,0.95,-38.0,0.0009400000000000019,151.4,0.0038200000000000066
fc1,0.55,10,5,0,0.05,35.1,0.0070499999999999955,224.5,0.00993
fc1,0.55,10,5,0,0.1318181818181818,32.9,0.0070499999999999955,222.3,0.00993
fc1,0.55,10,5,0,0.21363636363636362,31.4,0.0060999999999999995,220.8,0.008980000000000005
fc1,0.55,10,5,0,0.2954545454545454,29.3,0.0057700000000000026,218.7,0.008650000000000008
fc1,0.55,10,5,0,0.3772727272727272,27.4,0.0057700000000000026,216.8,0.008650000000000008
fc1,0.55,10,5,0,0.459090909090909,25.4,0.0052600000000000095,214.8,0.008140000000000014
fc1,0.55,10,5,0,0.5409090909090909,24.7,0.0052600000000000095,214.1,0.008140000000000014
fc1,0.55,10,5,0,0.6227272727272727,21.2,0.0039599999999999965,210.6,0.0068400000000000015
fc1,0.55,10,5,0,0.7045454545454545,17.9,0.0016300000000000093,207.3,0.004510000000000014
fc1,0.55,10,5,0,0.7863636363636363,16.9,0.0016300000000000093,206.3,0.004510000000000014
fc1,0.55,10,5,0,0.868181818181818,10.7,0.0016300000000000093,200.1,0.004510000000000014
fc1,0.55,10,5,0,0.95,-22.1,0.0006900000000000072,167.3,0.003570000000000012
fc1,0.6625,10,5,0,0.05,29.0,0.006490000000000001,218.4,0.009370000000000007
fc1,0.6625,10,5,0,0.1318181818181818,28.4,0.006490000000000001,217.8,0.009370000000000007
fc1,0.6625,10,5,0,0.21363636363636362,26.9,0.005540000000000006,216.3,0.00842000000000001
fc1,0.6625,10,5,0,0.2954545454545454,26.2,0.005540000000000006,215.6,0.00842000000000001
fc1,0.6625,10,5,0,0.3772727272727272,21.0,0.005540000000000006,210.4,0.00842000000000001
fc1,0.6625,10,5,0,0.459090909090909,18.8,0.004290000000000005,208.2,0.00717000000000001
fc1,0.6625,10,5,0,0.5409090909090909,15.4,0.00409000000000001,204.8,0.006970000000000015
fc1,0.6625,10,5,0,0.6227272727272727,12.9,0.003760000000000002,202.3,0.006640000000000007
fc1,0.6625,10,5,0,0.7045454545454545,9.6,0.0016300000000000093,199.0,0.004510000000000014
fc1,0.6625,10,5,0,0.7863636363636363,8.6,0.0016300000000000093,198.0,0.004510000000000014
fc1,0.6625,10,5,0,0.868181818181818,-2.8,0.0012000000000000066,186.6,0.004080000000000012
fc1,0.6625,10,5,0,0.95,-19.0,0.0008200000000000041,170.4,0.003700000000000009
fc1,0.775,10,5,0,0.05,26.6,0.003670000000000001,216.0,0.0065500000000000055
fc1,0.775,10,5,0,0.1318181818181818,25.8,0.003670000000000001,215.2,0.0065500000000000055
fc1,0.775,10,5,0,0.21363636363636362,23.9,0.003670000000000001,213.3,0.0065500000000000055
fc1,0.775,10,5,0,0.2954545454545454,23.0,0.003670000000000001,212.4,0.0065500000000000055
fc1,0.775,10,5,0,0.3772727272727272,20.4,0.003670000000000001,209.8,0.0065500000000000055
fc1,0.775,10,5,0,0.459090909090909,18.6,0.003670000000000001,208.0,0.0065500000000000055
fc1,0.775,10,5,0,0.5409090909090909,17.7,0.003670000000000001,207.1,0.0065500000000000055
fc1,0.775,10,5,0,0.6227272727272727,15.9,0.003670000000000001,205.3,0.0065500000000000055
fc1,0.775,10,5,0,0.7045454545454545,4.4,0.0013299999999999979,193.8,0.004210000000000003
fc1,0.775,10,5,0,0.7863636363636363,3.4,0.0013299999999999979,192.8,0.004210000000000003
fc1,0.775,10,5,0,0.868181818181818,-4.6,0.0013299999999999979,184.8,0.004210000000000003
fc1,0.775,10,5,0,0.95,-53.2,0.0002500000000000002,136.2,0.003130000000000005
fc1,0.8875,10,5,0,0.05,12.7,0.00343,202.1,0.006310000000000005
fc1,0.8875,10,5,0,0.1318181818181818,11.9,0.00343,201.3,0.006310000000000005
fc1,0.8875,10,5,0,0.21363636363636362,10.3,0.00343,199.7,0.006310000000000005
fc1,0.8875,10,5,0,0.2954545454545454,6.9,0.00343,196.3,0.006310000000000005
fc1,0.8875,10,5,0,0.3772727272727272,4.7,0.0030600000000000015,194.1,0.005940000000000006
fc1,0.8875,10,5,0,0.459090909090909,2.9,0.0030600000000000015,192.3,0.005940000000000006
fc1,0.8875,10,5,0,0.5409090909090909,2.0,0.0030600000000000015,191.4,0.005940000000000006
fc1,0.8875,10,5,0,0.6227272727272727,-0.9,0.001980000000000004,188.5,0.004860000000000008
fc1,0.8875,10,5,0,0.7045454545454545,-11.5,0.0019300000000000094,177.9,0.004810000000000014
fc1,0.8875,10,5,0,0.7863636363636363,-12.5,0.0019300000000000094,176.9,0.004810000000000014
fc1,0.8875,10,5,0,0.868181818181818,-14.5,0.0019300000000000094,174.9,0.004810000000000014
fc1,0.8875,10,5,0,0.95,-16.5,0.0016700000000000048,172.9,0.00455000000000001
fc1,0,10,7,0,0.05,23.6,0.003689999999999993,213.0,0.006569999999999998
fc1,0,10,7,0,0.1318181818181818,22.6,0.003689999999999993,212.0,0.006569999999999998
fc1,0,10,7,0,0.21363636363636362,20.6,0.0034099999999999964,210.0,0.006290000000000001
fc1,0,10,7,0,0.2954545454545454,19.6,0.0034099999999999964,209.0,0.006290000000000001
fc1,0,10,7,0,0.3772727272727272,8.3,0.0019299999999999983,197.7,0.0048100000000000035
fc1,0,10,7,0,0.459090909090909,6.3,0.0017600000000000005,195.7,0.004640000000000005
fc1,0,10,7,0,0.5409090909090909,2.6,0.0013600000000000057,192.0,0.00424000000000001
fc1,0,10,7,0,0.6227272727272727,0.6,0.0010300000000000088,190.0,0.003910000000000013
fc1,0,10,7,0,0.7045454545454545,-1.4,0.0010300000000000088,188.0,0.003910000000000013
fc1,0,10,7,0,0.7863636363636363,-22.7,0.0009300000000000031,166.7,0.003810000000000008
fc1,0,10,7,0,0.868181818181818,-39.1,0.0003700000000000037,150.3,0.0032500000000000085
fc1,0,10,7,0,0.95,-63.0,9.999999999998898e-06,126.4,0.0028900000000000037
fc1,0.1,10,7,0,0.05,10.9,0.0036499999999999922,200.3,0.006529999999999997
fc1,0.1,10,7,0,0.1318181818181818,10.0,0.0036499999999999922,199.4,0.006529999999999997
fc1,0.1,10,7,0,0.21363636363636362,8.2,0.0033699999999999954,197.6,0.00625
fc1,0.1,10,7,0,0.2954545454545454,-6.6,0.003349999999999992,182.8,0.006229999999999997
fc1,0.1,10,7,0,0.3772727272727272,-20.4,0.0020299999999999984,169.0,0.004910000000000003
fc1,0.1,10,7,0,0.459090909090909,-36.3,0.0009399999999999964,153.1,0.0038200000000000013
fc1,0.1,10,7,0,0.5409090909090909,-55.3,0.0004799999999999971,134.1,0.003360000000000002
fc1,0.1,10,7,0,0.6227272727272727,-57.6,0.0003099999999999992,131.8,0.003190000000000004
fc1,0.1,10,7,0,0.7045454545454545,-59.6,-1.9999999999997796e-05,129.8,0.002860000000000007
fc1,0.1,10,7,0,0.7863636363636363,-81.1,-0.00014000000000000123,108.3,0.0027400000000000037
fc1,0.1,10,7,0,0.868181818181818,-83.1,-0.00014000000000000123,106.3,0.0027400000000000037
fc1,0.1,10,7,0,0.95,-95.7,0.0013399999999999968,93.7,0.0042200000000000015
fc1,0.21250000000000002,10,7,0,0.05,29.9,0.006049999999999995,219.3,0.008929999999999999
fc1,0.21250000000000002,10,7,0,0.1318181818181818,29.2,0.006049999999999995,218.6,0.008929999999999999
fc1,0.21250000000000002,10,7,0,0.21363636363636362,27.8,0.006049999999999995,217.2,0.008929999999999999
fc1,0.21250000000000002,10,7,0,0.2954545454545454,25.7,0.006049999999999995,215.1,0.008929999999999999
fc1,0.21250000000000002,10,7,0,0.3772727272727272,17.9,0.004339999999999994,207.3,0.007219999999999999
fc1,0.21250000000000002,10,7,0,0.459090909090909,3.6,0.0024499999999999965,193.0,0.005330000000000001
fc1,0.21250000000000002,10,7,0,0.5409090909090909,1.8,0.0017100000000000004,191.2,0.0045900000000000055
fc1,0.21250000000000002,10,7,0,0.6227272727272727,-0.2,0.001689999999999997,189.2,0.004570000000000002
fc1,0.21250000000000002,10,7,0,0.7045454545454545,-2.2,0.001689999999999997,187.2,0.004570000000000002
fc1,0.21250000000000002,10,7,0,0.7863636363636363,-7.4,0.001429999999999998,182.0,0.004310000000000003
fc1,0.21250000000000002,10,7,0,0.868181818181818,-24.0,0.0009399999999999964,165.4,0.0038200000000000013
fc1,0.21250000000000002,10,7,0,0.95,-26.0,0.0009399999999999964,163.4,0.0038200000000000013
fc1,0.325,10,7,0,0.05,24.2,0.005669999999999992,213.6,0.008549999999999997
fc1,0.325,10,7,0,0.1318181818181818,19.5,0.005669999999999992,208.9,0.008549999999999997
fc1,0.325,10,7,0,0.21363636363636362,18.1,0.00527999999999999,207.5,0.008159999999999995
fc1,0.325,10,7,0,0.2954545454545454,16.0,0.004719999999999997,205.4,0.007600000000000001
fc1,0.325,10,7,0,0.3772727272727272,13.6,0.004049999999999998,203.0,0.006930000000000003
fc1,0.325,10,7,0,0.459090909090909,12.0,0.004049999999999998,201.4,0.006930000000000003
fc1,0.325,10,7,0,0.5409090909090909,10.3,0.0035099999999999966,199.7,0.006390000000000002
fc1,0.325,10,7,0,0.6227272727272727,7.4,0.0023199999999999944,196.8,0.005199999999999999
fc1,0.325,10,7,0,0.7045454545454545,5.4,0.0022499999999999964,194.8,0.005130000000000001
fc1,0.325,10,7,0,0.7863636363636363,4.4,0.0022499999999999964,193.8,0.005130000000000001
fc1,0.325,10,7,0,0.868181818181818,-2.7,0.0022299999999999985,186.7,0.005110000000000003
fc1,0.325,10,7,0,0.95,-31.2,0.00015000000000000012,158.2,0.003030000000000005
fc1,0.4375,10,7,0,0.05,8.6,0.003520000000000001,198.0,0.0064000000000000055
fc1,0.4375,10,7,0,0.1318181818181818,7.8,0.003520000000000001,197.2,0.0064000000000000055
fc1,0.4375,10,7,0,0.21363636363636362,-5.9,0.0025599999999999954,183.5,0.00544
fc1,0.4375,10,7,0,0.2954545454545454,-9.1,0.0025399999999999924,180.3,0.005419999999999997
fc1,0.4375,10,7,0,0.3772727272727272,-11.3,0.0022599999999999955,178.1,0.0051400000000000005
fc1,0.4375,10,7,0,0.459090909090909,-27.1,0.0021399999999999917,162.3,0.005019999999999997
fc1,0.4375,10,7,0,0.5409090909090909,-28.0,0.0021399999999999917,161.4,0.005019999999999997
fc1,0.4375,10,7,0,0.6227272727272727,-40.7,0.0007499999999999951,148.7,0.00363
fc1,0.4375,10,7,0,0.7045454545454545,-42.7,0.0006799999999999972,146.7,0.003560000000000002
fc1,0.4375,10,7,0,0.7863636363636363,-46.4,0.0006799999999999972,143.0,0.003560000000000002
fc1,0.4375,10,7,0,0.868181818181818,-51.9,0.00021999999999999797,137.5,0.003100000000000003
fc1,0.4375,10,7,0,0.95,-68.5,-0.00019000000000000684,120.9,0.002689999999999998
fc1,0.55,10,7,0,0.05,19.5,0.0054699999999999974,208.9,0.008350000000000002
fc1,0.55,10,7,0,0.1318181818181818,18.7,0.0054699999999999974,208.1,0.008350000000000002
fc1,0.55,10,7,0,0.21363636363636362,13.9,0.005449999999999994,203.3,0.008329999999999999
fc1,0.55,10,7,0,0.2954545454545454,10.7,0.00542999999999999,200.1,0.008309999999999994
fc1,0.55,10,7,0,0.3772727272727272,9.1,0.004759999999999992,198.5,0.007639999999999997
fc1,0.55,10,7,0,0.459090909090909,-11.5,0.0021899999999999975,177.9,0.0050700000000000025
fc1,0.55,10,7,0,0.5409090909090909,-12.4,0.0021899999999999975,177.0,0.0050700000000000025
fc1,0.55,10,7,0,0.6227272727272727,-15.0,0.0021899999999999975,174.4,0.0050700000000000025
fc1,0.55,10,7,0,0.7045454545454545,-26.2,0.0009500000000000009,163.2,0.0038300000000000057
fc1,0.55,10,7,0,0.7863636363636363,-27.2,0.0009500000000000009,162.2,0.0038300000000000057
fc1,0.55,10,7,0,0.868181818181818,-56.9,-9.999999999999454e-05,132.5,0.0027800000000000103
fc1,0.55,10,7,0,0.95,-71.1,-0.0005099999999999994,118.3,0.0023700000000000053
fc1,0.6625,10,7,0,0.05,5.9,0.005449999999999994,195.3,0.008329999999999999
fc1,0.6625,10,7,0,0.1318181818181818,5.1,0.005449999999999994,194.5,0.008329999999999999
fc1,0.6625,10,7,0,0.21363636363636362,-1.6,0.005019999999999985,187.8,0.00789999999999999
fc1,0.6625,10,7,0,0.2954545454545454,-12.0,0.0047999999999999874,177.4,0.007679999999999992
fc1,0.6625,10,7,0,0.3772727272727272,-22.7,0.003729999999999989,166.7,0.0066099999999999935
fc1,0.6625,10,7,0,0.459090909090909,-24.5,0.0027799999999999934,164.9,0.005659999999999998
fc1,0.6625,10,7,0,0.5409090909090909,-41.1,0.0015599999999999948,148.3,0.0044399999999999995
fc1,0.6625,10,7,0,0.6227272727272727,-44.0,0.00038999999999999593,145.4,0.0032700000000000008
fc1,0.6625,10,7,0,0.7045454545454545,-55.1,-5.551115123125783e-18,134.3,0.0028799999999999993
fc1,0.6625,10,7,0,0.7863636363636363,-56.1,-5.551115123125783e-18,133.3,0.0028799999999999993
fc1,0.6625,10,7,0,0.868181818181818,-95.7,-0.0008199999999999985,93.7,0.0020600000000000063
fc1,0.6625,10,7,0,0.95,-97.7,-0.0008199999999999985,91.7,0.0020600000000000063
fc1,0.775,10,7,0,0.05,21.8,0.004349999999999993,211.2,0.007229999999999998
fc1,0.775,10,7,0,0.1318181818181818,15.4,0.00396999999999999,204.8,0.006849999999999995
fc1,0.775,10,7,0,0.21363636363636362,13.6,0.0039499999999999865,203.0,0.0068299999999999915
fc1,0.775,10,7,0,0.2954545454545454,12.7,0.0039499999999999865,202.1,0.0068299999999999915
fc1,0.775,10,7,0,0.3772727272727272,10.9,0.00366999999999999,200.3,0.006549999999999995
fc1,0.775,10,7,0,0.459090909090909,6.5,0.002649999999999997,195.9,0.005530000000000002
fc1,0.775,10,7,0,0.5409090909090909,1.3,0.0020899999999999972,190.7,0.004970000000000002
fc1,0.775,10,7,0,0.6227272727272727,-1.6,0.0010199999999999988,187.8,0.0039000000000000033
fc1,0.775,10,7,0,0.7045454545454545,-9.8,0.0007799999999999974,179.6,0.0036600000000000022
fc1,0.775,10,7,0,0.7863636363636363,-14.1,0.0007799999999999974,175.3,0.0036600000000000022
fc1,0.775,10,7,0,0.868181818181818,-56.4,0.00034000000000000143,133.0,0.0032200000000000063
fc1,0.775,10,7,0,0.95,-65.4,0.00034000000000000143,124.0,0.0032200000000000063
fc1,0.8875,10,7,0,0.05,-3.5,0.002439999999999992,185.9,0.005319999999999997
fc1,0.8875,10,7,0,0.1318181818181818,-4.4,0.002439999999999992,185.0,0.005319999999999997
fc1,0.8875,10,7,0,0.21363636363636362,-6.5,0.002439999999999992,182.9,0.005319999999999997
fc1,0.8875,10,7,0,0.2954545454545454,-24.6,0.0010199999999999988,164.8,0.0039000000000000033
fc1,0.8875,10,7,0,0.3772727272727272,-26.6,0.0010199999999999988,162.8,0.0039000000000000033
fc1,0.8875,10,7,0,0.459090909090909,-28.6,0.0010199999999999988,160.8,0.0039000000000000033
fc1,0.8875,10,7,0,0.5409090909090909,-29.6,0.0010199999999999988,159.8,0.0039000000000000033
fc1,0.8875,10,7,0,0.6227272727272727,-31.6,0.0010000000000000009,157.8,0.003880000000000006
fc1,0.8875,10,7,0,0.7045454545454545,-39.5,0.0005400000000000016,149.9,0.0034200000000000064
fc1,0.8875,10,7,0,0.7863636363636363,-52.1,0.00015000000000000012,137.3,0.003030000000000005
fc1,0.8875,10,7,0,0.868181818181818,-87.8,-0.0002599999999999991,101.6,0.0026200000000000056
fc1,0.8875,10,7,0,0.95,-110.8,0.0008400000000000019,78.6,0.0037200000000000067
fc1,0,10,9,0,0.05,21.5,0.0026000000000000025,210.9,0.0054800000000000074
fc1,0,10,9,0,0.1318181818181818,20.6,0.0026000000000000025,210.0,0.0054800000000000074
fc1,0,10,9,0,0.21363636363636362,18.5,0.001990000000000003,207.9,0.004870000000000008
fc1,0,10,9,0,0.2954545454545454,16.5,0.001990000000000003,205.9,0.004870000000000008
fc1,0,10,9,0,0.3772727272727272,9.8,0.001970000000000005,199.2,0.00485000000000001
fc1,0,10,9,0,0.459090909090909,7.8,0.0019500000000000016,197.2,0.004830000000000006
fc1,0,10,9,0,0.5409090909090909,6.8,0.001720000000000005,196.2,0.0046000000000000095
fc1,0,10,9,0,0.6227272727272727,4.4,0.001720000000000005,193.8,0.0046000000000000095
fc1,0,10,9,0,0.7045454545454545,2.4,0.001720000000000005,191.8,0.0046000000000000095
fc1,0,10,9,0,0.7863636363636363,-6.5,0.001650000000000007,182.9,0.0045300000000000114
fc1,0,10,9,0,0.868181818181818,-25.9,0.001500000000000007,163.5,0.0043800000000000115
fc1,0,10,9,0,0.95,-28.0,0.001490000000000008,161.4,0.004370000000000013
fc1,0.1,10,9,0,0.05,16.4,0.0032299999999999994,205.8,0.006110000000000004
fc1,0.1,10,9,0,0.1318181818181818,15.6,0.0032299999999999994,205.0,0.006110000000000004
fc1,0.1,10,9,0,0.21363636363636362,13.5,0.00262,202.9,0.005500000000000005
fc1,0.1,10,9,0,0.2954545454545454,11.4,0.00262,200.8,0.005500000000000005
fc1,0.1,10,9,0,0.3772727272727272,9.4,0.00262,198.8,0.005500000000000005
fc1,0.1,10,9,0,0.459090909090909,7.4,0.00247,196.8,0.005350000000000005
fc1,0.1,10,9,0,0.5409090909090909,6.4,0.0022400000000000033,195.8,0.005120000000000008
fc1,0.1,10,9,0,0.6227272727272727,1.4,0.002070000000000005,190.8,0.00495000000000001
fc1,0.1,10,9,0,0.7045454545454545,-0.6,0.0017400000000000083,188.8,0.004620000000000013
fc1,0.1,10,9,0,0.7863636363636363,-1.6,0.0017400000000000083,187.8,0.004620000000000013
fc1,0.1,10,9,0,0.868181818181818,-3.6,0.0017400000000000083,185.8,0.004620000000000013
fc1,0.1,10,9,0,0.95,-23.0,0.001330000000000009,166.4,0.004210000000000014
fc1,0.21250000000000002,10,9,0,0.05,18.3,0.0031700000000000005,207.7,0.006050000000000005
fc1,0.21250000000000002,10,9,0,0.1318181818181818,17.5,0.0031700000000000005,206.9,0.006050000000000005
fc1,0.21250000000000002,10,9,0,0.21363636363636362,15.4,0.0028400000000000035,204.8,0.005720000000000008
fc1,0.21250000000000002,10,9,0,0.2954545454545454,14.3,0.0028400000000000035,203.7,0.005720000000000008
fc1,0.21250000000000002,10,9,0,0.3772727272727272,12.3,0.0028400000000000035,201.7,0.005720000000000008
fc1,0.21250000000000002,10,9,0,0.459090909090909,10.3,0.002230000000000004,199.7,0.005110000000000009
fc1,0.21250000000000002,10,9,0,0.5409090909090909,4.6,0.001760000000000006,194.0,0.0046400000000000104
fc1,0.21250000000000002,10,9,0,0.6227272727272727,-10.3,0.0013000000000000067,179.1,0.004180000000000012
fc1,0.21250000000000002,10,9,0,0.7045454545454545,-25.7,0.0012500000000000122,163.7,0.004130000000000017
fc1,0.21250000000000002,10,9,0,0.7863636363636363,-26.7,0.0012500000000000122,162.7,0.004130000000000017
fc1,0.21250000000000002,10,9,0,0.868181818181818,-28.9,0.0012300000000000145,160.5,0.004110000000000019
fc1,0.21250000000000002,10,9,0,0.95,-49.5,0.0008200000000000152,139.9,0.00370000000000002
fc1,0.325,10,9,0,0.05,4.6,0.0013900000000000023,194.0,0.004270000000000007
fc1,0.325,10,9,0,0.1318181818181818,3.7,0.0013900000000000023,193.1,0.004270000000000007
fc1,0.325,10,9,0,0.21363636363636362,1.7,0.0010600000000000054,191.1,0.00394000000000001
fc1,0.325,10,9,0,0.2954545454545454,0.6,0.0010600000000000054,190.0,0.00394000000000001
fc1,0.325,10,9,0,0.3772727272727272,-1.4,0.0010600000000000054,188.0,0.00394000000000001
fc1,0.325,10,9,0,0.459090909090909,-3.4,0.0010600000000000054,186.0,0.00394000000000001
fc1,0.325,10,9,0,0.5409090909090909,-4.6,0.0010600000000000054,184.8,0.00394000000000001
fc1,0.325,10,9,0,0.6227272727272727,-6.6,0.0010600000000000054,182.8,0.00394000000000001
fc1,0.325,10,9,0,0.7045454545454545,-9.2,0.0010400000000000075,180.2,0.003920000000000012
fc1,0.325,10,9,0,0.7863636363636363,-17.8,0.0008000000000000062,171.6,0.003680000000000011
fc1,0.325,10,9,0,0.868181818181818,-32.6,0.0007500000000000117,156.8,0.0036300000000000165
fc1,0.325,10,9,0,0.95,-54.0,0.0003400000000000125,135.4,0.003220000000000017
fc1,0.4375,10,9,0,0.05,-0.3,0.0023800000000000097,189.1,0.005260000000000015
fc1,0.4375,10,9,0,0.1318181818181818,-1.3,0.0023800000000000097,188.1,0.005260000000000015
fc1,0.4375,10,9,0,0.21363636363636362,-3.3,0.0023800000000000097,186.1,0.005260000000000015
fc1,0.4375,10,9,0,0.2954545454545454,-4.3,0.0023800000000000097,185.1,0.005260000000000015
fc1,0.4375,10,9,0,0.3772727272727272,-6.5,0.0023800000000000097,182.9,0.005260000000000015
fc1,0.4375,10,9,0,0.459090909090909,-8.5,0.0023800000000000097,180.9,0.005260000000000015
fc1,0.4375,10,9,0,0.5409090909090909,-9.5,0.0023800000000000097,179.9,0.005260000000000015
fc1,0.4375,10,9,0,0.6227272727272727,-11.5,0.0017700000000000105,177.9,0.004650000000000015
fc1,0.4375,10,9,0,0.7045454545454545,-32.8,0.0017500000000000126,156.6,0.004630000000000018
fc1,0.4375,10,9,0,0.7863636363636363,-34.0,0.0015100000000000113,155.4,0.004390000000000016
fc1,0.4375,10,9,0,0.868181818181818,-54.5,0.002410000000000012,134.9,0.005290000000000017
fc1,0.4375,10,9,0,0.95,-105.1,0.0014700000000000158,84.3,0.0043500000000000205
fc1,0.55,10,9,0,0.05,-28.8,0.001940000000000003,160.6,0.0048200000000000074
fc1,0.55,10,9,0,0.1318181818181818,-31.8,0.0017900000000000027,157.6,0.0046700000000000075
fc1,0.55,10,9,0,0.21363636363636362,-33.8,0.0017900000000000027,155.6,0.0046700000000000075
fc1,0.55,10,9,0,0.2954545454545454,-40.6,0.0017900000000000027,148.8,0.0046700000000000075
fc1,0.55,10,9,0,0.3772727272727272,-42.6,0.0017900000000000027,146.8,0.0046700000000000075
fc1,0.55,10,9,0,0.459090909090909,-54.6,0.001440000000000008,134.8,0.004320000000000013
fc1,0.55,10,9,0,0.5409090909090909,-55.6,0.001440000000000008,133.8,0.004320000000000013
fc1,0.55,10,9,0,0.6227272727272727,-67.7,0.0005100000000000049,121.7,0.0033900000000000098
fc1,0.55,10,9,0,0.7045454545454545,-88.6,0.0005100000000000049,100.8,0.0033900000000000098
fc1,0.55,10,9,0,0.7863636363636363,-97.8,0.0005100000000000049,91.6,0.0033900000000000098
fc1,0.55,10,9,0,0.868181818181818,-103.5,0.0004900000000000015,85.9,0.0033700000000000062
fc1,0.55,10,9,0,0.95,-106.3,0.0004300000000000082,83.1,0.003310000000000013
fc1,0.6625,10,9,0,0.05,-27.6,0.0021700000000000053,161.8,0.00505000000000001
fc1,0.6625,10,9,0,0.1318181818181818,-30.6,0.0021700000000000053,158.8,0.00505000000000001
fc1,0.6625,10,9,0,0.21363636363636362,-35.0,0.0021700000000000053,154.4,0.00505000000000001
fc1,0.6625,10,9,0,0.2954545454545454,-36.0,0.0021700000000000053,153.4,0.00505000000000001
fc1,0.6625,10,9,0,0.3772727272727272,-38.0,0.002120000000000005,151.4,0.00500000000000001
fc1,0.6625,10,9,0,0.459090909090909,-40.0,0.002120000000000005,149.4,0.00500000000000001
fc1,0.6625,10,9,0,0.5409090909090909,-41.0,0.002120000000000005,148.4,0.00500000000000001
fc1,0.6625,10,9,0,0.6227272727272727,-43.4,0.0015100000000000057,146.0,0.00439000000000001
fc1,0.6625,10,9,0,0.7045454545454545,-65.1,0.0015100000000000057,124.3,0.00439000000000001
fc1,0.6625,10,9,0,0.7863636363636363,-66.1,0.0015100000000000057,123.3,0.00439000000000001
fc1,0.6625,10,9,0,0.868181818181818,-103.6,0.0005100000000000104,85.8,0.0033900000000000154
fc1,0.6625,10,9,0,0.95,-110.0,0.0005100000000000104,79.4,0.0033900000000000154
fc1,0.775,10,9,0,0.05,-3.7,0.0025200000000000057,185.7,0.005400000000000011
fc1,0.775,10,9,0,0.1318181818181818,-4.7,0.0025200000000000057,184.7,0.005400000000000011
fc1,0.775,10,9,0,0.21363636363636362,-6.7,0.0025200000000000057,182.7,0.005400000000000011
fc1,0.775,10,9,0,0.2954545454545454,-7.7,0.0025200000000000057,181.7,0.005400000000000011
fc1,0.775,10,9,0,0.3772727272727272,-10.2,0.0025200000000000057,179.2,0.005400000000000011
fc1,0.775,10,9,0,0.459090909090909,-12.2,0.0025200000000000057,177.2,0.005400000000000011
fc1,0.775,10,9,0,0.5409090909090909,-13.2,0.0025200000000000057,176.2,0.005400000000000011
fc1,0.775,10,9,0,0.6227272727272727,-20.6,0.001650000000000007,168.8,0.0045300000000000114
fc1,0.775,10,9,0,0.7045454545454545,-37.5,0.001650000000000007,151.9,0.0045300000000000114
fc1,0.775,10,9,0,0.7863636363636363,-38.5,0.001650000000000007,150.9,0.0045300000000000114
fc1,0.775,10,9,0,0.868181818181818,-105.2,0.0006900000000000072,84.2,0.003570000000000012
fc1,0.775,10,9,0,0.95,-117.8,0.005200000000000005,71.6,0.008080000000000009
fc1,0.8875,10,9,0,0.05,-5.2,0.0025700000000000054,184.2,0.00545000000000001
fc1,0.8875,10,9,0,0.1318181818181818,-6.1,0.0025700000000000054,183.3,0.00545000000000001
fc1,0.8875,10,9,0,0.21363636363636362,-8.2,0.0025700000000000054,181.2,0.00545000000000001
fc1,0.8875,10,9,0,0.2954545454545454,-10.1,0.0025500000000000024,179.3,0.005430000000000007
fc1,0.8875,10,9,0,0.3772727272727272,-12.1,0.0025000000000000022,177.3,0.005380000000000007
fc1,0.8875,10,9,0,0.459090909090909,-16.3,0.0018800000000000038,173.1,0.004760000000000009
fc1,0.8875,10,9,0,0.5409090909090909,-17.3,0.0018800000000000038,172.1,0.004760000000000009
fc1,0.8875,10,9,0,0.6227272727272727,-44.6,0.0018000000000000017,144.8,0.004680000000000006
fc1,0.8875,10,9,0,0.7045454545454545,-56.4,0.0009300000000000031,133.0,0.003810000000000008
fc1,0.8875,10,9,0,0.7863636363636363,-57.4,0.0007900000000000074,132.0,0.0036700000000000122
fc1,0.8875,10,9,0,0.868181818181818,-98.0,0.00032999999999999696,91.4,0.003210000000000002
fc1,0.8875,10,9,0,0.95,-111.1,0.0011899999999999966,78.3,0.004070000000000002
fc1,0,10,11,0,0.05,27.3,0.0040299999999999945,216.7,0.0069099999999999995
fc1,0,10,11,0,0.1318181818181818,26.5,0.0038599999999999967,215.9,0.006740000000000001
fc1,0,10,11,0,0.21363636363636362,25.1,0.0035299999999999997,214.5,0.006410000000000004
fc1,0,10,11,0,0.2954545454545454,23.7,0.0031399999999999983,213.1,0.006020000000000003
fc1,0,10,11,0,0.3772727272727272,15.7,0.0025800000000000046,205.1,0.005460000000000009
fc1,0,10,11,0,0.459090909090909,13.9,0.0023500000000000075,203.3,0.005230000000000012
fc1,0,10,11,0,0.5409090909090909,13.0,0.0023500000000000075,202.4,0.005230000000000012
fc1,0,10,11,0,0.6227272727272727,11.2,0.0023500000000000075,200.6,0.005230000000000012
fc1,0,10,11,0,0.7045454545454545,4.0,0.0023500000000000075,193.4,0.005230000000000012
fc1,0,10,11,0,0.7863636363636363,-7.4,0.0021300000000000043,182.0,0.005010000000000009
fc1,0,10,11,0,0.868181818181818,-32.5,0.0016400000000000082,156.9,0.004520000000000013
fc1,0,10,11,0,0.95,-44.6,0.0008500000000000007,144.8,0.0037300000000000054
fc1,0.1,10,11,0,0.05,25.5,0.003439999999999993,214.9,0.0063199999999999975
fc1,0.1,10,11,0,0.1318181818181818,24.6,0.003269999999999995,214.0,0.00615
fc1,0.1,10,11,0,0.21363636363636362,22.8,0.002939999999999998,212.2,0.005820000000000003
fc1,0.1,10,11,0,0.2954545454545454,21.5,0.0025499999999999967,210.9,0.005430000000000002
fc1,0.1,10,11,0,0.3772727272727272,18.9,0.001990000000000003,208.3,0.004870000000000008
fc1,0.1,10,11,0,0.459090909090909,16.9,0.0017400000000000083,206.3,0.004620000000000013
fc1,0.1,10,11,0,0.5409090909090909,15.9,0.0017400000000000083,205.3,0.004620000000000013
fc1,0.1,10,11,0,0.6227272727272727,13.9,0.0017400000000000083,203.3,0.004620000000000013
fc1,0.1,10,11,0,0.7045454545454545,-5.8,0.0009700000000000042,183.6,0.003850000000000009
fc1,0.1,10,11,0,0.7863636363636363,-16.2,0.0009700000000000042,173.2,0.003850000000000009
fc1,0.1,10,11,0,0.868181818181818,-40.6,0.0006200000000000039,148.8,0.0035000000000000087
fc1,0.1,10,11,0,0.95,-49.3,0.0004400000000000015,140.1,0.003320000000000006
fc1,0.21250000000000002,10,11,0,0.05,32.3,0.0036799999999999945,221.7,0.006559999999999999
fc1,0.21250000000000002,10,11,0,0.1318181818181818,31.6,0.0035099999999999966,221.0,0.006390000000000002
fc1,0.21250000000000002,10,11,0,0.21363636363636362,29.9,0.0031799999999999997,219.3,0.006060000000000005
fc1,0.21250000000000002,10,11,0,0.2954545454545454,29.0,0.002789999999999998,218.4,0.005670000000000003
fc1,0.21250000000000002,10,11,0,0.3772727272727272,20.2,0.001990000000000003,209.6,0.004870000000000008
fc1,0.21250000000000002,10,11,0,0.459090909090909,18.4,0.001970000000000005,207.8,0.00485000000000001
fc1,0.21250000000000002,10,11,0,0.5409090909090909,16.6,0.001970000000000005,206.0,0.00485000000000001
fc1,0.21250000000000002,10,11,0,0.6227272727272727,6.3,0.0017500000000000016,195.7,0.0046300000000000065
fc1,0.21250000000000002,10,11,0,0.7045454545454545,-0.5,0.0014300000000000035,188.9,0.004310000000000008
fc1,0.21250000000000002,10,11,0,0.7863636363636363,-11.0,0.0011500000000000065,178.4,0.004030000000000011
fc1,0.21250000000000002,10,11,0,0.868181818181818,-24.0,0.0008200000000000041,165.4,0.003700000000000009
fc1,0.21250000000000002,10,11,0,0.95,-26.0,0.0004900000000000071,163.4,0.003370000000000012
fc1,0.325,10,11,0,0.05,11.5,0.0028200000000000057,200.9,0.005700000000000011
fc1,0.325,10,11,0,0.1318181818181818,10.6,0.0024700000000000056,200.0,0.00535000000000001
fc1,0.325,10,11,0,0.21363636363636362,8.8,0.0024700000000000056,198.2,0.00535000000000001
fc1,0.325,10,11,0,0.2954545454545454,7.8,0.0024700000000000056,197.2,0.00535000000000001
fc1,0.325,10,11,0,0.3772727272727272,5.1,0.0018600000000000062,194.5,0.004740000000000011
fc1,0.325,10,11,0,0.459090909090909,2.6,0.0018400000000000083,192.0,0.004720000000000013
fc1,0.325,10,11,0,0.5409090909090909,1.6,0.0018400000000000083,191.0,0.004720000000000013
fc1,0.325,10,11,0,0.6227272727272727,-11.4,0.0013500000000000068,178.0,0.0042300000000000115
fc1,0.325,10,11,0,0.7045454545454545,-13.5,0.0011100000000000055,175.9,0.00399000000000001
fc1,0.325,10,11,0,0.7863636363636363,-14.5,0.0011100000000000055,174.9,0.00399000000000001
fc1,0.325,10,11,0,0.868181818181818,-19.5,0.0011100000000000055,169.9,0.00399000000000001
fc1,0.325,10,11,0,0.95,-54.2,0.00027999999999999694,135.2,0.0031600000000000018
fc1,0.4375,10,11,0,0.05,7.8,0.0037099999999999967,197.2,0.006590000000000001
fc1,0.4375,10,11,0,0.1318181818181818,7.0,0.0033799999999999998,196.4,0.006260000000000004
fc1,0.4375,10,11,0,0.21363636363636362,5.4,0.0033799999999999998,194.8,0.006260000000000004
fc1,0.4375,10,11,0,0.2954545454545454,4.6,0.0033799999999999998,194.0,0.006260000000000004
fc1,0.4375,10,11,0,0.3772727272727272,2.7,0.0033799999999999998,192.1,0.006260000000000004
fc1,0.4375,10,11,0,0.459090909090909,-0.5,0.001870000000000005,188.9,0.004750000000000009
fc1,0.4375,10,11,0,0.5409090909090909,-1.5,0.001870000000000005,187.9,0.004750000000000009
fc1,0.4375,10,11,0,0.6227272727272727,-3.5,0.0016300000000000036,185.9,0.004510000000000009
fc1,0.4375,10,11,0,0.7045454545454545,-5.9,0.0016300000000000036,183.5,0.004510000000000009
fc1,0.4375,10,11,0,0.7863636363636363,-6.9,0.0013500000000000068,182.5,0.0042300000000000115
fc1,0.4375,10,11,0,0.868181818181818,-34.5,0.0007500000000000007,154.9,0.0036300000000000056
fc1,0.4375,10,11,0,0.95,-44.3,0.0003699999999999981,145.1,0.003250000000000003
fc1,0.55,10,11,0,0.05,-19.9,0.002639999999999998,169.5,0.005520000000000002
fc1,0.55,10,11,0,0.1318181818181818,-20.9,0.0026199999999999947,168.5,0.0055
fc1,0.55,10,11,0,0.21363636363636362,-26.8,0.002599999999999991,162.6,0.005479999999999996
fc1,0.55,10,11,0,0.2954545454545454,-27.7,0.002599999999999991,161.7,0.005479999999999996
fc1,0.55,10,11,0,0.3772727272727272,-29.7,0.0023199999999999944,159.7,0.005199999999999999
fc1,0.55,10,11,0,0.459090909090909,-32.2,0.0020899999999999972,157.2,0.004970000000000002
fc1,0.55,10,11,0,0.5409090909090909,-42.5,0.0038099999999999965,146.9,0.0066900000000000015
fc1,0.55,10,11,0,0.6227272727272727,-44.3,0.003199999999999997,145.1,0.006080000000000002
fc1,0.55,10,11,0,0.7045454545454545,-46.5,0.0029299999999999994,142.9,0.005810000000000004
fc1,0.55,10,11,0,0.7863636363636363,-47.4,0.002689999999999998,142.0,0.005570000000000003
fc1,0.55,10,11,0,0.868181818181818,-79.2,0.001969999999999994,110.2,0.004849999999999998
fc1,0.55,10,11,0,0.95,-104.4,0.0028299999999999935,85.0,0.005709999999999998
fc1,0.6625,10,11,0,0.05,4.9,0.004020000000000001,194.3,0.006900000000000006
fc1,0.6625,10,11,0,0.1318181818181818,4.0,0.004020000000000001,193.4,0.006900000000000006
fc1,0.6625,10,11,0,0.21363636363636362,2.4,0.004020000000000001,191.8,0.006900000000000006
fc1,0.6625,10,11,0,0.2954545454545454,1.2,0.0033999999999999976,190.6,0.006280000000000003
fc1,0.6625,10,11,0,0.3772727272727272,-0.8,0.0033999999999999976,188.6,0.006280000000000003
fc1,0.6625,10,11,0,0.459090909090909,-16.6,0.0026799999999999992,172.8,0.005560000000000004
fc1,0.6625,10,11,0,0.5409090909090909,-17.6,0.0026799999999999992,171.8,0.005560000000000004
fc1,0.6625,10,11,0,0.6227272727272727,-19.6,0.0018299999999999983,169.8,0.004710000000000003
fc1,0.6625,10,11,0,0.7045454545454545,-21.6,0.0012399999999999967,167.8,0.004120000000000001
fc1,0.6625,10,11,0,0.7863636363636363,-36.5,0.0006800000000000029,152.9,0.0035600000000000076
fc1,0.6625,10,11,0,0.868181818181818,-38.5,0.0006800000000000029,150.9,0.0035600000000000076
fc1,0.6625,10,11,0,0.95,-83.1,0.0009500000000000009,106.3,0.0038300000000000057
fc1,0.775,10,11,0,0.05,-5.5,0.0024600000000000012,183.9,0.005340000000000006
fc1,0.775,10,11,0,0.1318181818181818,-10.6,0.0024400000000000034,178.8,0.005320000000000008
fc1,0.775,10,11,0,0.21363636363636362,-12.5,0.0024400000000000034,176.9,0.005320000000000008
fc1,0.775,10,11,0,0.2954545454545454,-13.4,0.0024400000000000034,176.0,0.005320000000000008
fc1,0.775,10,11,0,0.3772727272727272,-15.2,0.0023499999999999966,174.2,0.005230000000000001
fc1,0.775,10,11,0,0.459090909090909,-17.0,0.0021199999999999995,172.4,0.0050000000000000044
fc1,0.775,10,11,0,0.5409090909090909,-18.7,0.0018799999999999984,170.7,0.004760000000000003
fc1,0.775,10,11,0,0.6227272727272727,-20.7,0.0018799999999999984,168.7,0.004760000000000003
fc1,0.775,10,11,0,0.7045454545454545,-22.7,0.001269999999999999,166.7,0.0041500000000000035
fc1,0.775,10,11,0,0.7863636363636363,-23.7,0.001269999999999999,165.7,0.0041500000000000035
fc1,0.775,10,11,0,0.868181818181818,-48.2,0.00034999999999999474,141.2,0.0032299999999999994
fc1,0.775,10,11,0,0.95,-53.9,0.00010999999999999343,135.5,0.0029899999999999983
fc1,0.8875,10,11,0,0.05,-20.6,0.0032000000000000028,168.8,0.006080000000000007
fc1,0.8875,10,11,0,0.1318181818181818,-21.4,0.0032000000000000028,168.0,0.006080000000000007
fc1,0.8875,10,11,0,0.21363636363636362,-23.3,0.0032000000000000028,166.1,0.006080000000000007
fc1,0.8875,10,11,0,0.2954545454545454,-24.2,0.0032000000000000028,165.2,0.006080000000000007
fc1,0.8875,10,11,0,0.3772727272727272,-26.0,0.0025700000000000054,163.4,0.00545000000000001
fc1,0.8875,10,11,0,0.459090909090909,-27.8,0.0025700000000000054,161.6,0.00545000000000001
fc1,0.8875,10,11,0,0.5409090909090909,-28.7,0.0025700000000000054,160.7,0.00545000000000001
fc1,0.8875,10,11,0,0.6227272727272727,-30.5,0.0025700000000000054,158.9,0.00545000000000001
fc1,0.8875,10,11,0,0.7045454545454545,-33.6,0.001490000000000008,155.8,0.004370000000000013
fc1,0.8875,10,11,0,0.7863636363636363,-34.6,0.001490000000000008,154.8,0.004370000000000013
fc1,0.8875,10,11,0,0.868181818181818,-52.2,0.002090000000000003,137.2,0.004970000000000007
fc1,0.8875,10,11,0,0.95,-78.3,0.0011400000000000021,111.1,0.004020000000000007
fc1,0,10,13,0,0.05,20.7,0.0035299999999999997,210.1,0.006410000000000004
fc1,0,10,13,0,0.1318181818181818,19.9,0.0035299999999999997,209.3,0.006410000000000004
fc1,0,10,13,0,0.21363636363636362,18.0,0.0031399999999999983,207.4,0.006020000000000003
fc1,0,10,13,0,0.2954545454545454,17.1,0.0019500000000000016,206.5,0.004830000000000006
fc1,0,10,13,0,0.3772727272727272,14.7,0.001720000000000005,204.1,0.0046000000000000095
fc1,0,10,13,0,0.459090909090909,12.7,0.001720000000000005,202.1,0.0046000000000000095
fc1,0,10,13,0,0.5409090909090909,11.7,0.001720000000000005,201.1,0.0046000000000000095
fc1,0,10,13,0,0.6227272727272727,9.4,0.001390000000000008,198.8,0.0042700000000000125
fc1,0,10,13,0,0.7045454545454545,7.4,0.001390000000000008,196.8,0.0042700000000000125
fc1,0,10,13,0,0.7863636363636363,6.4,0.001390000000000008,195.8,0.0042700000000000125
fc1,0,10,13,0,0.868181818181818,4.4,0.001390000000000008,193.8,0.0042700000000000125
fc1,0,10,13,0,0.95,-17.0,0.0013100000000000056,172.4,0.0041900000000000106
fc1,0.1,10,13,0,0.05,29.8,0.0036199999999999956,219.2,0.006500000000000001
fc1,0.1,10,13,0,0.1318181818181818,29.0,0.0036199999999999956,218.4,0.006500000000000001
fc1,0.1,10,13,0,0.21363636363636362,27.1,0.003229999999999994,216.5,0.006109999999999999
fc1,0.1,10,13,0,0.2954545454545454,26.2,0.0020399999999999975,215.6,0.0049200000000000025
fc1,0.1,10,13,0,0.3772727272727272,23.8,0.0017400000000000026,213.2,0.004620000000000008
fc1,0.1,10,13,0,0.459090909090909,21.8,0.0017400000000000026,211.2,0.004620000000000008
fc1,0.1,10,13,0,0.5409090909090909,20.8,0.0017400000000000026,210.2,0.004620000000000008
fc1,0.1,10,13,0,0.6227272727272727,13.0,0.0017400000000000026,202.4,0.004620000000000008
fc1,0.1,10,13,0,0.7045454545454545,11.0,0.001720000000000005,200.4,0.0046000000000000095
fc1,0.1,10,13,0,0.7863636363636363,10.0,0.001720000000000005,199.4,0.0046000000000000095
fc1,0.1,10,13,0,0.868181818181818,8.0,0.001720000000000005,197.4,0.0046000000000000095
fc1,0.1,10,13,0,0.95,-3.3,0.001720000000000005,186.1,0.0046000000000000095
fc1,0.21250000000000002,10,13,0,0.05,30.4,0.00363,219.8,0.0065100000000000045
fc1,0.21250000000000002,10,13,0,0.1318181818181818,29.7,0.00363,219.1,0.0065100000000000045
fc1,0.21250000000000002,10,13,0,0.21363636363636362,27.4,0.0032399999999999985,216.8,0.006120000000000003
fc1,0.21250000000000002,10,13,0,0.2954545454545454,26.5,0.002050000000000002,215.9,0.004930000000000006
fc1,0.21250000000000002,10,13,0,0.3772727272727272,24.1,0.001980000000000004,213.5,0.004860000000000008
fc1,0.21250000000000002,10,13,0,0.459090909090909,22.1,0.001980000000000004,211.5,0.004860000000000008
fc1,0.21250000000000002,10,13,0,0.5409090909090909,17.0,0.0017400000000000026,206.4,0.004620000000000008
fc1,0.21250000000000002,10,13,0,0.6227272727272727,9.3,0.0017400000000000026,198.7,0.004620000000000008
fc1,0.21250000000000002,10,13,0,0.7045454545454545,7.3,0.001720000000000005,196.7,0.0046000000000000095
fc1,0.21250000000000002,10,13,0,0.7863636363636363,6.3,0.001720000000000005,195.7,0.0046000000000000095
fc1,0.21250000000000002,10,13,0,0.868181818181818,4.3,0.001720000000000005,193.7,0.0046000000000000095
fc1,0.21250000000000002,10,13,0,0.95,-9.7,0.0013400000000000022,179.7,0.004220000000000007
fc1,0.325,10,13,0,0.05,17.2,0.002610000000000007,206.6,0.005490000000000011
fc1,0.325,10,13,0,0.1318181818181818,16.5,0.002610000000000007,205.9,0.005490000000000011
fc1,0.325,10,13,0,0.21363636363636362,14.5,0.002610000000000007,203.9,0.005490000000000011
fc1,0.325,10,13,0,0.2954545454545454,13.7,0.0020000000000000074,203.1,0.004880000000000012
fc1,0.325,10,13,0,0.3772727272727272,10.2,0.0020000000000000074,199.6,0.004880000000000012
fc1,0.325,10,13,0,0.459090909090909,8.2,0.0020000000000000074,197.6,0.004880000000000012
fc1,0.325,10,13,0,0.5409090909090909,6.7,0.0020000000000000074,196.1,0.004880000000000012
fc1,0.325,10,13,0,0.6227272727272727,4.7,0.001760000000000006,194.1,0.0046400000000000104
fc1,0.325,10,13,0,0.7045454545454545,2.1,0.001720000000000005,191.5,0.0046000000000000095
fc1,0.325,10,13,0,0.7863636363636363,1.1,0.001720000000000005,190.5,0.0046000000000000095
fc1,0.325,10,13,0,0.868181818181818,-1.8,0.001720000000000005,187.6,0.0046000000000000095
fc1,0.325,10,13,0,0.95,-6.5,0.0013400000000000022,182.9,0.004220000000000007
fc1,0.4375,10,13,0,0.05,29.7,0.00363,219.1,0.0065100000000000045
fc1,0.4375,10,13,0,0.1318181818181818,28.9,0.00363,218.3,0.0065100000000000045
fc1,0.4375,10,13,0,0.21363636363636362,20.4,0.0031700000000000005,209.8,0.006050000000000005
fc1,0.4375,10,13,0,0.2954545454545454,18.9,0.0025900000000000033,208.3,0.005470000000000008
fc1,0.4375,10,13,0,0.3772727272727272,16.8,0.001980000000000004,206.2,0.004860000000000008
fc1,0.4375,10,13,0,0.459090909090909,14.4,0.001980000000000004,203.8,0.004860000000000008
fc1,0.4375,10,13,0,0.5409090909090909,13.4,0.001980000000000004,202.8,0.004860000000000008
fc1,0.4375,10,13,0,0.6227272727272727,11.4,0.001980000000000004,200.8,0.004860000000000008
fc1,0.4375,10,13,0,0.7045454545454545,9.4,0.001720000000000005,198.8,0.0046000000000000095
fc1,0.4375,10,13,0,0.7863636363636363,-3.0,0.001720000000000005,186.4,0.0046000000000000095
fc1,0.4375,10,13,0,0.868181818181818,-12.7,0.0016000000000000014,176.7,0.0044800000000000065
fc1,0.4375,10,13,0,0.95,-17.6,0.0012199999999999989,171.8,0.004100000000000004
fc1,0.55,10,13,0,0.05,15.9,0.00272,205.3,0.005600000000000005
fc1,0.55,10,13,0,0.1318181818181818,15.2,0.00272,204.6,0.005600000000000005
fc1,0.55,10,13,0,0.21363636363636362,7.1,0.002650000000000002,196.5,0.005530000000000007
fc1,0.55,10,13,0,0.2954545454545454,-3.1,0.0022800000000000042,186.3,0.005160000000000009
fc1,0.55,10,13,0,0.3772727272727272,-5.6,0.0020600000000000063,183.8,0.004940000000000011
fc1,0.55,10,13,0,0.459090909090909,-7.9,0.0020600000000000063,181.5,0.004940000000000011
fc1,0.55,10,13,0,0.5409090909090909,-8.8,0.0014500000000000068,180.6,0.004330000000000012
fc1,0.55,10,13,0,0.6227272727272727,-22.0,0.0013700000000000045,167.4,0.004250000000000009
fc1,0.55,10,13,0,0.7045454545454545,-39.5,0.0025600000000000067,149.9,0.005440000000000012
fc1,0.55,10,13,0,0.7863636363636363,-40.4,0.0025100000000000066,149.0,0.005390000000000011
fc1,0.55,10,13,0,0.868181818181818,-53.2,0.0021500000000000017,136.2,0.005030000000000007
fc1,0.55,10,13,0,0.95,-59.3,0.0021299999999999986,130.1,0.005010000000000003
fc1,0.6625,10,13,0,0.05,10.3,0.00287,199.7,0.005750000000000005
fc1,0.6625,10,13,0,0.1318181818181818,9.5,0.00287,198.9,0.005750000000000005
fc1,0.6625,10,13,0,0.21363636363636362,7.8,0.00287,197.2,0.005750000000000005
fc1,0.6625,10,13,0,0.2954545454545454,-2.8,0.0025000000000000022,186.6,0.005380000000000007
fc1,0.6625,10,13,0,0.3772727272727272,-4.4,0.0025000000000000022,185.0,0.005380000000000007
fc1,0.6625,10,13,0,0.459090909090909,-6.0,0.0025000000000000022,183.4,0.005380000000000007
fc1,0.6625,10,13,0,0.5409090909090909,-6.8,0.0022600000000000007,182.6,0.005140000000000006
fc1,0.6625,10,13,0,0.6227272727272727,-15.3,0.0015699999999999991,174.1,0.004450000000000004
fc1,0.6625,10,13,0,0.7045454545454545,-17.3,0.0015699999999999991,172.1,0.004450000000000004
fc1,0.6625,10,13,0,0.7863636363636363,-18.3,0.0015199999999999992,171.1,0.004400000000000004
fc1,0.6625,10,13,0,0.868181818181818,-23.3,0.0013999999999999956,166.1,0.004280000000000001
fc1,0.6625,10,13,0,0.95,-45.6,0.0025899999999999977,143.8,0.005470000000000003
fc1,0.775,10,13,0,0.05,7.0,0.002829999999999999,196.4,0.005710000000000004
fc1,0.775,10,13,0,0.1318181818181818,6.1,0.002829999999999999,195.5,0.005710000000000004
fc1,0.775,10,13,0,0.21363636363636362,3.8,0.002779999999999999,193.2,0.005660000000000004
fc1,0.775,10,13,0,0.2954545454545454,2.6,0.002779999999999999,192.0,0.005660000000000004
fc1,0.775,10,13,0,0.3772727272727272,0.2,0.002779999999999999,189.6,0.005660000000000004
fc1,0.775,10,13,0,0.459090909090909,-1.6,0.002539999999999998,187.8,0.005420000000000003
fc1,0.775,10,13,0,0.5409090909090909,-3.1,0.002539999999999998,186.3,0.005420000000000003
fc1,0.775,10,13,0,0.6227272727272727,-5.1,0.0019299999999999983,184.3,0.0048100000000000035
fc1,0.775,10,13,0,0.7045454545454545,-7.1,0.0013700000000000045,182.3,0.004250000000000009
fc1,0.775,10,13,0,0.7863636363636363,-11.3,0.0013700000000000045,178.1,0.004250000000000009
fc1,0.775,10,13,0,0.868181818181818,-17.5,0.0013700000000000045,171.9,0.004250000000000009
fc1,0.775,10,13,0,0.95,-20.8,0.0013700000000000045,168.6,0.004250000000000009
fc1,0.8875,10,13,0,0.05,9.1,0.002629999999999999,198.5,0.005510000000000004
fc1,0.8875,10,13,0,0.1318181818181818,8.4,0.002629999999999999,197.8,0.005510000000000004
fc1,0.8875,10,13,0,0.21363636363636362,5.8,0.002610000000000001,195.2,0.005490000000000006
fc1,0.8875,10,13,0,0.2954545454545454,5.0,0.002610000000000001,194.4,0.005490000000000006
fc1,0.8875,10,13,0,0.3772727272727272,2.2,0.002610000000000001,191.6,0.005490000000000006
fc1,0.8875,10,13,0,0.459090909090909,-2.7,0.0019799999999999983,186.7,0.004860000000000003
fc1,0.8875,10,13,0,0.5409090909090909,-3.7,0.0019799999999999983,185.7,0.004860000000000003
fc1,0.8875,10,13,0,0.6227272727272727,-9.8,0.0019799999999999983,179.6,0.004860000000000003
fc1,0.8875,10,13,0,0.7045454545454545,-11.8,0.0016500000000000015,177.6,0.004530000000000006
fc1,0.8875,10,13,0,0.7863636363636363,-12.8,0.001419999999999999,176.6,0.0043000000000000035
fc1,0.8875,10,13,0,0.868181818181818,-14.8,0.001419999999999999,174.6,0.0043000000000000035
fc1,0.8875,10,13,0,0.95,-16.8,0.001419999999999999,172.6,0.0043000000000000035
fc1,0,10,15,0,0.05,20.5,0.0037299999999999946,209.9,0.0066099999999999996
fc1,0,10,15,0,0.1318181818181818,13.9,0.003349999999999992,203.3,0.006229999999999997
fc1,0,10,15,0,0.21363636363636362,12.3,0.003069999999999995,201.7,0.0059499999999999996
fc1,0,10,15,0,0.2954545454545454,11.5,0.003069999999999995,200.9,0.0059499999999999996
fc1,0,10,15,0,0.3772727272727272,-5.4,0.0020299999999999984,184.0,0.004910000000000003
fc1,0,10,15,0,0.459090909090909,-7.9,0.0020299999999999984,181.5,0.004910000000000003
fc1,0,10,15,0,0.5409090909090909,-9.7,0.0020099999999999953,179.7,0.00489
fc1,0,10,15,0,0.6227272727272727,-11.7,0.0018399999999999972,177.7,0.004720000000000002
fc1,0,10,15,0,0.7045454545454545,-23.2,0.0016599999999999948,166.2,0.00454
fc1,0,10,15,0,0.7863636363636363,-27.0,0.001589999999999997,162.4,0.004470000000000002
fc1,0,10,15,0,0.868181818181818,-29.0,0.001419999999999999,160.4,0.0043000000000000035
fc1,0,10,15,0,0.95,-31.0,0.001090000000000002,158.4,0.0039700000000000065
fc1,0.1,10,15,0,0.05,9.0,0.0027399999999999924,198.4,0.005619999999999997
fc1,0.1,10,15,0,0.1318181818181818,8.0,0.0027399999999999924,197.4,0.005619999999999997
fc1,0.1,10,15,0,0.21363636363636362,0.1,0.002079999999999993,189.5,0.004959999999999997
fc1,0.1,10,15,0,0.2954545454545454,-0.9,0.001929999999999993,188.5,0.0048099999999999974
fc1,0.1,10,15,0,0.3772727272727272,-2.9,0.001929999999999993,186.5,0.0048099999999999974
fc1,0.1,10,15,0,0.459090909090909,-4.9,0.001689999999999997,184.5,0.004570000000000002
fc1,0.1,10,15,0,0.5409090909090909,-5.9,0.001689999999999997,183.5,0.004570000000000002
fc1,0.1,10,15,0,0.6227272727272727,-7.9,0.0013400000000000022,181.5,0.004220000000000007
fc1,0.1,10,15,0,0.7045454545454545,-9.9,0.0013400000000000022,179.5,0.004220000000000007
fc1,0.1,10,15,0,0.7863636363636363,-14.5,0.0013400000000000022,174.9,0.004220000000000007
fc1,0.1,10,15,0,0.868181818181818,-26.4,0.0009299999999999975,163.0,0.003810000000000002
fc1,0.1,10,15,0,0.95,-42.8,0.0008500000000000007,146.6,0.0037300000000000054
fc1,0.21250000000000002,10,15,0,0.05,9.0,0.0023799999999999932,198.4,0.005259999999999998
fc1,0.21250000000000002,10,15,0,0.1318181818181818,8.2,0.0023799999999999932,197.6,0.005259999999999998
fc1,0.21250000000000002,10,15,0,0.21363636363636362,6.2,0.0020999999999999964,195.6,0.004980000000000001
fc1,0.21250000000000002,10,15,0,0.2954545454545454,5.3,0.0020999999999999964,194.7,0.004980000000000001
fc1,0.21250000000000002,10,15,0,0.3772727272727272,3.0,0.0020999999999999964,192.4,0.004980000000000001
fc1,0.21250000000000002,10,15,0,0.459090909090909,1.0,0.0018799999999999984,190.4,0.004760000000000003
fc1,0.21250000000000002,10,15,0,0.5409090909090909,0.0,0.0018799999999999984,189.4,0.004760000000000003
fc1,0.21250000000000002,10,15,0,0.6227272727272727,-2.0,0.0018399999999999972,187.4,0.004720000000000002
fc1,0.21250000000000002,10,15,0,0.7045454545454545,-4.0,0.0016699999999999992,185.4,0.004550000000000004
fc1,0.21250000000000002,10,15,0,0.7863636363636363,-9.4,0.0013400000000000022,180.0,0.004220000000000007
fc1,0.21250000000000002,10,15,0,0.868181818181818,-17.5,0.0010100000000000053,171.9,0.00389000000000001
fc1,0.21250000000000002,10,15,0,0.95,-22.4,0.0010100000000000053,167.0,0.00389000000000001
fc1,0.325,10,15,0,0.05,-4.9,0.0020099999999999953,184.5,0.00489
fc1,0.325,10,15,0,0.1318181818181818,-5.7,0.0020099999999999953,183.7,0.00489
fc1,0.325,10,15,0,0.21363636363636362,-7.6,0.0020099999999999953,181.8,0.00489
fc1,0.325,10,15,0,0.2954545454545454,-8.5,0.0020099999999999953,180.9,0.00489
fc1,0.325,10,15,0,0.3772727272727272,-10.9,0.0020099999999999953,178.5,0.00489
fc1,0.325,10,15,0,0.459090909090909,-12.9,0.001859999999999995,176.5,0.004739999999999999
fc1,0.325,10,15,0,0.5409090909090909,-13.9,0.001859999999999995,175.5,0.004739999999999999
fc1,0.325,10,15,0,0.6227272727272727,-15.9,0.001859999999999995,173.5,0.004739999999999999
fc1,0.325,10,15,0,0.7045454545454545,-17.9,0.001689999999999997,171.5,0.004570000000000002
fc1,0.325,10,15,0,0.7863636363636363,-18.9,0.00136,170.5,0.004240000000000005
fc1,0.325,10,15,0,0.868181818181818,-37.1,0.0008699999999999986,152.3,0.0037500000000000033
fc1,0.325,10,15,0,0.95,-65.3,0.0004599999999999993,124.1,0.003340000000000004
fc1,0.4375,10,15,0,0.05,-8.0,0.0019299999999999983,181.4,0.0048100000000000035
fc1,0.4375,10,15,0,0.1318181818181818,-8.9,0.0019299999999999983,180.5,0.0048100000000000035
fc1,0.4375,10,15,0,0.21363636363636362,-11.4,0.0019299999999999983,178.0,0.0048100000000000035
fc1,0.4375,10,15,0,0.2954545454545454,-12.3,0.0019299999999999983,177.1,0.0048100000000000035
fc1,0.4375,10,15,0,0.3772727272727272,-14.7,0.0019299999999999983,174.7,0.0048100000000000035
fc1,0.4375,10,15,0,0.459090909090909,-23.2,0.0015499999999999958,166.2,0.004430000000000001
fc1,0.4375,10,15,0,0.5409090909090909,-24.2,0.0013999999999999956,165.2,0.004280000000000001
fc1,0.4375,10,15,0,0.6227272727272727,-26.2,0.0013999999999999956,163.2,0.004280000000000001
fc1,0.4375,10,15,0,0.7045454545454545,-28.5,0.00121,160.9,0.004090000000000005
fc1,0.4375,10,15,0,0.7863636363636363,-29.5,0.00121,159.9,0.004090000000000005
fc1,0.4375,10,15,0,0.868181818181818,-43.2,0.0004699999999999982,146.2,0.003350000000000003
fc1,0.4375,10,15,0,0.95,-72.8,0.00034999999999999474,116.6,0.0032299999999999994
fc1,0.55,10,15,0,0.05,-14.9,0.002210000000000001,174.5,0.005090000000000006
fc1,0.55,10,15,0,0.1318181818181818,-15.8,0.002210000000000001,173.6,0.005090000000000006
fc1,0.55,10,15,0,0.21363636363636362,-18.3,0.001980000000000004,171.1,0.004860000000000008
fc1,0.55,10,15,0,0.2954545454545454,-19.2,0.001980000000000004,170.2,0.004860000000000008
fc1,0.55,10,15,0,0.3772727272727272,-23.2,0.001980000000000004,166.2,0.004860000000000008
fc1,0.55,10,15,0,0.459090909090909,-25.0,0.001980000000000004,164.4,0.004860000000000008
fc1,0.55,10,15,0,0.5409090909090909,-34.4,0.0015200000000000046,155.0,0.00440000000000001
fc1,0.55,10,15,0,0.6227272727272727,-36.2,0.0015200000000000046,153.2,0.00440000000000001
fc1,0.55,10,15,0,0.7045454545454545,-46.3,0.0012299999999999978,143.1,0.0041100000000000025
fc1,0.55,10,15,0,0.7863636363636363,-52.4,0.0008199999999999929,137.0,0.0036999999999999976
fc1,0.55,10,15,0,0.868181818181818,-64.0,0.0004399999999999904,125.4,0.0033199999999999953
fc1,0.55,10,15,0,0.95,-94.1,0.00021999999999999797,95.3,0.003100000000000003
fc1,0.6625,10,15,0,0.05,-15.9,0.0016200000000000047,173.5,0.004500000000000009
fc1,0.6625,10,15,0,0.1318181818181818,-16.9,0.0016200000000000047,172.5,0.004500000000000009
fc1,0.6625,10,15,0,0.21363636363636362,-18.9,0.0011900000000000023,170.5,0.004070000000000007
fc1,0.6625,10,15,0,0.2954545454545454,-19.9,0.0011900000000000023,169.5,0.004070000000000007
fc1,0.6625,10,15,0,0.3772727272727272,-24.1,0.0011900000000000023,165.3,0.004070000000000007
fc1,0.6625,10,15,0,0.459090909090909,-28.1,0.0011900000000000023,161.3,0.004070000000000007
fc1,0.6625,10,15,0,0.5409090909090909,-29.1,0.0011900000000000023,160.3,0.004070000000000007
fc1,0.6625,10,15,0,0.6227272727272727,-34.3,0.0011900000000000023,155.1,0.004070000000000007
fc1,0.6625,10,15,0,0.7045454545454545,-65.4,0.0002500000000000002,124.0,0.003130000000000005
fc1,0.6625,10,15,0,0.7863636363636363,-71.0,-0.0001600000000000046,118.4,0.00272
fc1,0.6625,10,15,0,0.868181818181818,-76.0,-0.0001600000000000046,113.4,0.00272
fc1,0.6625,10,15,0,0.95,-108.2,-0.00011000000000000454,81.2,0.0027700000000000003
fc1,0.775,10,15,0,0.05,4.7,0.0028399999999999927,194.1,0.005719999999999998
fc1,0.775,10,15,0,0.1318181818181818,3.9,0.0025099999999999957,193.3,0.005390000000000001
fc1,0.775,10,15,0,0.21363636363636362,-3.1,0.002129999999999993,186.3,0.005009999999999998
fc1,0.775,10,15,0,0.2954545454545454,-4.1,0.0017399999999999916,185.3,0.0046199999999999965
fc1,0.775,10,15,0,0.3772727272727272,-19.0,0.0006199999999999984,170.4,0.003500000000000003
fc1,0.775,10,15,0,0.459090909090909,-21.0,0.0006199999999999984,168.4,0.003500000000000003
fc1,0.775,10,15,0,0.5409090909090909,-22.1,0.0006199999999999984,167.3,0.003500000000000003
fc1,0.775,10,15,0,0.6227272727272727,-24.1,0.0006199999999999984,165.3,0.003500000000000003
fc1,0.775,10,15,0,0.7045454545454545,-26.1,0.0006199999999999984,163.3,0.003500000000000003
fc1,0.775,10,15,0,0.7863636363636363,-27.1,0.0006199999999999984,162.3,0.003500000000000003
fc1,0.775,10,15,0,0.868181818181818,-35.4,0.000599999999999995,154.0,0.0034799999999999996
fc1,0.775,10,15,0,0.95,-59.1,0.0002500000000000002,130.3,0.003130000000000005
fc1,0.8875,10,15,0,0.05,-6.8,0.0019299999999999983,182.6,0.0048100000000000035
fc1,0.8875,10,15,0,0.1318181818181818,-13.6,0.0019299999999999983,175.8,0.0048100000000000035
fc1,0.8875,10,15,0,0.21363636363636362,-15.6,0.0017000000000000014,173.8,0.004580000000000006
fc1,0.8875,10,15,0,0.2954545454545454,-16.6,0.0017000000000000014,172.8,0.004580000000000006
fc1,0.8875,10,15,0,0.3772727272727272,-18.6,0.0017000000000000014,170.8,0.004580000000000006
fc1,0.8875,10,15,0,0.459090909090909,-21.0,0.0015000000000000013,168.4,0.004380000000000006
fc1,0.8875,10,15,0,0.5409090909090909,-27.8,0.001269999999999999,161.6,0.0041500000000000035
fc1,0.8875,10,15,0,0.6227272727272727,-34.4,0.0010899999999999966,155.0,0.003970000000000001
fc1,0.8875,10,15,0,0.7045454545454545,-45.8,0.000709999999999994,143.6,0.0035899999999999986
fc1,0.8875,10,15,0,0.7863636363636363,-46.8,0.000709999999999994,142.6,0.0035899999999999986
fc1,0.8875,10,15,0,0.868181818181818,-76.7,-0.00048000000000000267,112.7,0.002400000000000002
fc1,0.8875,10,15,0,0.95,-91.8,-0.00048000000000000267,97.6,0.002400000000000002
fc1,0,10,17,0,0.05,18.3,0.003360000000000002,207.7,0.006240000000000007
fc1,0,10,17,0,0.1318181818181818,17.7,0.003360000000000002,207.1,0.006240000000000007
fc1,0,10,17,0,0.21363636363636362,16.2,0.003360000000000002,205.6,0.006240000000000007
fc1,0,10,17,0,0.2954545454545454,15.1,0.0029700000000000004,204.5,0.005850000000000005
fc1,0,10,17,0,0.3772727272727272,13.3,0.0024100000000000068,202.7,0.005290000000000012
fc1,0,10,17,0,0.459090909090909,10.9,0.0024100000000000068,200.3,0.005290000000000012
fc1,0,10,17,0,0.5409090909090909,10.0,0.0024100000000000068,199.4,0.005290000000000012
fc1,0,10,17,0,0.6227272727272727,2.0,0.0023900000000000032,191.4,0.005270000000000008
fc1,0,10,17,0,0.7045454545454545,0.0,0.0021700000000000053,189.4,0.00505000000000001
fc1,0,10,17,0,0.7863636363636363,-1.0,0.0021700000000000053,188.4,0.00505000000000001
fc1,0,10,17,0,0.868181818181818,-4.9,0.0020000000000000074,184.5,0.004880000000000012
fc1,0,10,17,0,0.95,-11.4,0.001610000000000006,178.0,0.0044900000000000105
fc1,0.1,10,17,0,0.05,5.0,0.002430000000000004,194.4,0.005310000000000009
fc1,0.1,10,17,0,0.1318181818181818,4.2,0.002430000000000004,193.6,0.005310000000000009
fc1,0.1,10,17,0,0.21363636363636362,2.3,0.0024100000000000068,191.7,0.005290000000000012
fc1,0.1,10,17,0,0.2954545454545454,1.4,0.0024100000000000068,190.8,0.005290000000000012
fc1,0.1,10,17,0,0.3772727272727272,-0.6,0.0024100000000000068,188.8,0.005290000000000012
fc1,0.1,10,17,0,0.459090909090909,-2.4,0.0024100000000000068,187.0,0.005290000000000012
fc1,0.1,10,17,0,0.5409090909090909,-3.7,0.0024100000000000068,185.7,0.005290000000000012
fc1,0.1,10,17,0,0.6227272727272727,-6.6,0.0023900000000000032,182.8,0.005270000000000008
fc1,0.1,10,17,0,0.7045454545454545,-11.6,0.0021700000000000053,177.8,0.00505000000000001
fc1,0.1,10,17,0,0.7863636363636363,-12.6,0.0021700000000000053,176.8,0.00505000000000001
fc1,0.1,10,17,0,0.868181818181818,-26.2,0.0015100000000000057,163.2,0.00439000000000001
fc1,0.1,10,17,0,0.95,-32.7,0.0011800000000000087,156.7,0.004060000000000013
fc1,0.21250000000000002,10,17,0,0.05,7.7,0.002290000000000003,197.1,0.005170000000000008
fc1,0.21250000000000002,10,17,0,0.1318181818181818,7.1,0.002290000000000003,196.5,0.005170000000000008
fc1,0.21250000000000002,10,17,0,0.21363636363636362,5.3,0.0022700000000000055,194.7,0.0051500000000000105
fc1,0.21250000000000002,10,17,0,0.2954545454545454,4.2,0.0022700000000000055,193.6,0.0051500000000000105
fc1,0.21250000000000002,10,17,0,0.3772727272727272,2.3,0.0022700000000000055,191.7,0.0051500000000000105
fc1,0.21250000000000002,10,17,0,0.459090909090909,0.5,0.0022700000000000055,189.9,0.0051500000000000105
fc1,0.21250000000000002,10,17,0,0.5409090909090909,-0.8,0.0022700000000000055,188.6,0.0051500000000000105
fc1,0.21250000000000002,10,17,0,0.6227272727272727,-3.4,0.002250000000000002,186.0,0.005130000000000007
fc1,0.21250000000000002,10,17,0,0.7045454545454545,-22.8,0.0015300000000000036,166.6,0.0044100000000000085
fc1,0.21250000000000002,10,17,0,0.7863636363636363,-23.8,0.0015300000000000036,165.6,0.0044100000000000085
fc1,0.21250000000000002,10,17,0,0.868181818181818,-27.0,0.0013600000000000057,162.4,0.00424000000000001
fc1,0.21250000000000002,10,17,0,0.95,-46.0,0.0009800000000000143,143.4,0.003860000000000019
fc1,0.325,10,17,0,0.05,3.1,0.0016200000000000047,192.5,0.004500000000000009
fc1,0.325,10,17,0,0.1318181818181818,2.4,0.0016200000000000047,191.8,0.004500000000000009
fc1,0.325,10,17,0,0.21363636363636362,0.7,0.001600000000000007,190.1,0.004480000000000012
fc1,0.325,10,17,0,0.2954545454545454,-0.5,0.001600000000000007,188.9,0.004480000000000012
fc1,0.325,10,17,0,0.3772727272727272,-2.3,0.001600000000000007,187.1,0.004480000000000012
fc1,0.325,10,17,0,0.459090909090909,-4.1,0.0015800000000000037,185.3,0.004460000000000008
fc1,0.325,10,17,0,0.5409090909090909,-6.3,0.0015800000000000037,183.1,0.004460000000000008
fc1,0.325,10,17,0,0.6227272727272727,-8.3,0.0015800000000000037,181.1,0.004460000000000008
fc1,0.325,10,17,0,0.7045454545454545,-18.1,0.0013400000000000022,171.3,0.004220000000000007
fc1,0.325,10,17,0,0.7863636363636363,-19.1,0.0013400000000000022,170.3,0.004220000000000007
fc1,0.325,10,17,0,0.868181818181818,-34.8,0.000880000000000003,154.6,0.0037600000000000077
fc1,0.325,10,17,0,0.95,-54.1,0.0008300000000000085,135.3,0.003710000000000013
fc1,0.4375,10,17,0,0.05,-7.6,0.00227,181.8,0.005150000000000004
fc1,0.4375,10,17,0,0.1318181818181818,-8.4,0.00227,181.0,0.005150000000000004
fc1,0.4375,10,17,0,0.21363636363636362,-10.0,0.002250000000000002,179.4,0.005130000000000007
fc1,0.4375,10,17,0,0.2954545454545454,-11.2,0.002250000000000002,178.2,0.005130000000000007
fc1,0.4375,10,17,0,0.3772727272727272,-13.0,0.002250000000000002,176.4,0.005130000000000007
fc1,0.4375,10,17,0,0.459090909090909,-14.8,0.0020100000000000005,174.6,0.0048900000000000055
fc1,0.4375,10,17,0,0.5409090909090909,-15.7,0.0020100000000000005,173.7,0.0048900000000000055
fc1,0.4375,10,17,0,0.6227272727272727,-17.5,0.0020100000000000005,171.9,0.0048900000000000055
fc1,0.4375,10,17,0,0.7045454545454545,-23.8,0.0018399999999999972,165.6,0.004720000000000002
fc1,0.4375,10,17,0,0.7863636363636363,-24.8,0.0018399999999999972,164.6,0.004720000000000002
fc1,0.4375,10,17,0,0.868181818181818,-38.2,0.00121,151.2,0.004090000000000005
fc1,0.4375,10,17,0,0.95,-40.2,0.000880000000000003,149.2,0.0037600000000000077
fc1,0.55,10,17,0,0.05,1.8,0.0028799999999999993,191.2,0.005760000000000004
fc1,0.55,10,17,0,0.1318181818181818,1.0,0.0028799999999999993,190.4,0.005760000000000004
fc1,0.55,10,17,0,0.21363636363636362,-0.9,0.0026300000000000047,188.5,0.00551000000000001
fc1,0.55,10,17,0,0.2954545454545454,-1.8,0.0026300000000000047,187.6,0.00551000000000001
fc1,0.55,10,17,0,0.3772727272727272,-3.6,0.0026300000000000047,185.8,0.00551000000000001
fc1,0.55,10,17,0,0.459090909090909,-5.4,0.0023900000000000032,184.0,0.005270000000000008
fc1,0.55,10,17,0,0.5409090909090909,-6.3,0.0023900000000000032,183.1,0.005270000000000008
fc1,0.55,10,17,0,0.6227272727272727,-8.1,0.0023900000000000032,181.3,0.005270000000000008
fc1,0.55,10,17,0,0.7045454545454545,-25.1,0.0018100000000000004,164.3,0.004690000000000005
fc1,0.55,10,17,0,0.7863636363636363,-30.2,0.0018100000000000004,159.2,0.004690000000000005
fc1,0.55,10,17,0,0.868181818181818,-73.1,0.0005799999999999972,116.3,0.003460000000000002
fc1,0.55,10,17,0,0.95,-84.9,2.000000000000335e-05,104.5,0.002900000000000008
fc1,0.6625,10,17,0,0.05,3.7,0.002789999999999998,193.1,0.005670000000000003
fc1,0.6625,10,17,0,0.1318181818181818,2.8,0.002789999999999998,192.2,0.005670000000000003
fc1,0.6625,10,17,0,0.21363636363636362,-18.6,0.0025100000000000066,170.8,0.005390000000000011
fc1,0.6625,10,17,0,0.2954545454545454,-19.5,0.0025100000000000066,169.9,0.005390000000000011
fc1,0.6625,10,17,0,0.3772727272727272,-21.3,0.0025100000000000066,168.1,0.005390000000000011
fc1,0.6625,10,17,0,0.459090909090909,-23.9,0.00132000000000001,165.5,0.0042000000000000145
fc1,0.6625,10,17,0,0.5409090909090909,-24.9,0.00132000000000001,164.5,0.0042000000000000145
fc1,0.6625,10,17,0,0.6227272727272727,-26.9,0.00132000000000001,162.5,0.0042000000000000145
fc1,0.6625,10,17,0,0.7045454545454545,-48.6,0.0003800000000000081,140.8,0.003260000000000013
fc1,0.6625,10,17,0,0.7863636363636363,-52.6,0.0003800000000000081,136.8,0.003260000000000013
fc1,0.6625,10,17,0,0.868181818181818,-54.8,0.0003800000000000081,134.6,0.003260000000000013
fc1,0.6625,10,17,0,0.95,-65.7,0.00016000000000001012,123.7,0.003040000000000015
fc1,0.775,10,17,0,0.05,-9.6,0.001960000000000001,179.8,0.004840000000000006
fc1,0.775,10,17,0,0.1318181818181818,-10.6,0.001960000000000001,178.8,0.004840000000000006
fc1,0.775,10,17,0,0.21363636363636362,-16.4,0.001940000000000003,173.0,0.0048200000000000074
fc1,0.775,10,17,0,0.2954545454545454,-17.4,0.001940000000000003,172.0,0.0048200000000000074
fc1,0.775,10,17,0,0.3772727272727272,-19.4,0.0017000000000000014,170.0,0.004580000000000006
fc1,0.775,10,17,0,0.459090909090909,-21.4,0.0017000000000000014,168.0,0.004580000000000006
fc1,0.775,10,17,0,0.5409090909090909,-24.5,0.0017000000000000014,164.9,0.004580000000000006
fc1,0.775,10,17,0,0.6227272727272727,-26.5,0.0017000000000000014,162.9,0.004580000000000006
fc1,0.775,10,17,0,0.7045454545454545,-28.5,0.0013700000000000045,160.9,0.004250000000000009
fc1,0.775,10,17,0,0.7863636363636363,-29.5,0.0013700000000000045,159.9,0.004250000000000009
fc1,0.775,10,17,0,0.868181818181818,-31.5,0.0013700000000000045,157.9,0.004250000000000009
fc1,0.775,10,17,0,0.95,-36.4,0.0013000000000000067,153.0,0.004180000000000012
fc1,0.8875,10,17,0,0.05,6.2,0.0016000000000000014,195.6,0.0044800000000000065
fc1,0.8875,10,17,0,0.1318181818181818,5.3,0.0016000000000000014,194.7,0.0044800000000000065
fc1,0.8875,10,17,0,0.21363636363636362,3.5,0.0013700000000000045,192.9,0.004250000000000009
fc1,0.8875,10,17,0,0.2954545454545454,2.6,0.0013700000000000045,192.0,0.004250000000000009
fc1,0.8875,10,17,0,0.3772727272727272,-3.9,0.0011900000000000023,185.5,0.004070000000000007
fc1,0.8875,10,17,0,0.459090909090909,-6.0,0.0011900000000000023,183.4,0.004070000000000007
fc1,0.8875,10,17,0,0.5409090909090909,-10.8,0.000990000000000002,178.6,0.0038700000000000067
fc1,0.8875,10,17,0,0.6227272727272727,-13.7,0.0008500000000000063,175.7,0.003730000000000011
fc1,0.8875,10,17,0,0.7045454545454545,-19.4,0.0008500000000000063,170.0,0.003730000000000011
fc1,0.8875,10,17,0,0.7863636363636363,-20.4,0.0008500000000000063,169.0,0.003730000000000011
fc1,0.8875,10,17,0,0.868181818181818,-34.9,0.0007300000000000029,154.5,0.0036100000000000077
fc1,0.8875,10,17,0,0.95,-65.5,0.0014600000000000001,123.9,0.004340000000000005
fc1,0,10,19,0,0.05,-7.2,0.0019399999999999973,182.2,0.004820000000000002
fc1,0,10,19,0,0.1318181818181818,-8.1,0.001789999999999997,181.3,0.004670000000000002
fc1,0,10,19,0,0.21363636363636362,-10.2,0.001789999999999997,179.2,0.004670000000000002
fc1,0,10,19,0,0.2954545454545454,-11.2,0.001789999999999997,178.2,0.004670000000000002
fc1,0,10,19,0,0.3772727272727272,-13.4,0.0016199999999999993,176.0,0.004500000000000004
fc1,0,10,19,0,0.459090909090909,-15.4,0.0012900000000000023,174.0,0.004170000000000007
fc1,0,10,19,0,0.5409090909090909,-16.4,0.0012900000000000023,173.0,0.004170000000000007
fc1,0,10,19,0,0.6227272727272727,-18.4,0.0012900000000000023,171.0,0.004170000000000007
fc1,0,10,19,0,0.7045454545454545,-37.1,0.001090000000000002,152.3,0.0039700000000000065
fc1,0,10,19,0,0.7863636363636363,-38.1,0.001090000000000002,151.3,0.0039700000000000065
fc1,0,10,19,0,0.868181818181818,-65.2,0.0006399999999999961,124.2,0.003520000000000001
fc1,0,10,19,0,0.95,-67.9,0.0006399999999999961,121.5,0.003520000000000001
fc1,0.1,10,19,0,0.05,2.3,0.0020099999999999953,191.7,0.00489
fc1,0.1,10,19,0,0.1318181818181818,1.4,0.001859999999999995,190.8,0.004739999999999999
fc1,0.1,10,19,0,0.21363636363636362,-4.5,0.001859999999999995,184.9,0.004739999999999999
fc1,0.1,10,19,0,0.2954545454545454,-5.5,0.001859999999999995,183.9,0.004739999999999999
fc1,0.1,10,19,0,0.3772727272727272,-7.5,0.001689999999999997,181.9,0.004570000000000002
fc1,0.1,10,19,0,0.459090909090909,-23.8,0.0009099999999999941,165.6,0.003789999999999999
fc1,0.1,10,19,0,0.5409090909090909,-24.8,0.0009099999999999941,164.6,0.003789999999999999
fc1,0.1,10,19,0,0.6227272727272727,-33.0,0.0008399999999999963,156.4,0.003720000000000001
fc1,0.1,10,19,0,0.7045454545454545,-68.6,0.0014999999999999957,120.8,0.00438
fc1,0.1,10,19,0,0.7863636363636363,-69.7,0.0014999999999999957,119.7,0.00438
fc1,0.1,10,19,0,0.868181818181818,-71.5,0.0014999999999999957,117.9,0.00438
fc1,0.1,10,19,0,0.95,-75.4,0.0014999999999999957,114.0,0.00438
fc1,0.21250000000000002,10,19,0,0.05,-3.0,0.0017999999999999904,186.4,0.004679999999999995
fc1,0.21250000000000002,10,19,0,0.1318181818181818,-3.7,0.0017999999999999904,185.7,0.004679999999999995
fc1,0.21250000000000002,10,19,0,0.21363636363636362,-9.3,0.0016499999999999905,180.1,0.004529999999999995
fc1,0.21250000000000002,10,19,0,0.2954545454545454,-10.1,0.0016499999999999905,179.3,0.004529999999999995
fc1,0.21250000000000002,10,19,0,0.3772727272727272,-12.9,0.0014799999999999924,176.5,0.0043599999999999976
fc1,0.21250000000000002,10,19,0,0.459090909090909,-14.7,0.0011499999999999954,174.7,0.004030000000000001
fc1,0.21250000000000002,10,19,0,0.5409090909090909,-15.6,0.0011499999999999954,173.8,0.004030000000000001
fc1,0.21250000000000002,10,19,0,0.6227272727272727,-27.9,0.0006699999999999984,161.5,0.0035500000000000032
fc1,0.21250000000000002,10,19,0,0.7045454545454545,-29.9,0.0006000000000000005,159.5,0.0034800000000000052
fc1,0.21250000000000002,10,19,0,0.7863636363636363,-31.9,0.0006000000000000005,157.5,0.0034800000000000052
fc1,0.21250000000000002,10,19,0,0.868181818181818,-33.9,0.0006000000000000005,155.5,0.0034800000000000052
fc1,0.21250000000000002,10,19,0,0.95,-46.2,0.0006000000000000005,143.2,0.0034800000000000052
fc1,0.325,10,19,0,0.05,-2.6,0.0022499999999999964,186.8,0.005130000000000001
fc1,0.325,10,19,0,0.1318181818181818,-3.4,0.0022499999999999964,186.0,0.005130000000000001
fc1,0.325,10,19,0,0.21363636363636362,-5.3,0.001859999999999995,184.1,0.004739999999999999
fc1,0.325,10,19,0,0.2954545454545454,-6.2,0.001859999999999995,183.2,0.004739999999999999
fc1,0.325,10,19,0,0.3772727272727272,-8.6,0.001689999999999997,180.8,0.004570000000000002
fc1,0.325,10,19,0,0.459090909090909,-11.7,0.0013400000000000022,177.7,0.004220000000000007
fc1,0.325,10,19,0,0.5409090909090909,-19.7,0.0013400000000000022,169.7,0.004220000000000007
fc1,0.325,10,19,0,0.6227272727272727,-21.7,0.0013400000000000022,167.7,0.004220000000000007
fc1,0.325,10,19,0,0.7045454545454545,-24.2,0.0013400000000000022,165.2,0.004220000000000007
fc1,0.325,10,19,0,0.7863636363636363,-25.2,0.0013400000000000022,164.2,0.004220000000000007
fc1,0.325,10,19,0,0.868181818181818,-28.5,0.0013400000000000022,160.9,0.004220000000000007
fc1,0.325,10,19,0,0.95,-43.8,0.0008899999999999964,145.6,0.003770000000000001
fc1,0.4375,10,19,0,0.05,-41.2,0.0004700000000000037,148.2,0.0033500000000000084
fc1,0.4375,10,19,0,0.1318181818181818,-42.2,0.0004700000000000037,147.2,0.0033500000000000084
fc1,0.4375,10,19,0,0.21363636363636362,-45.6,0.0004500000000000004,143.8,0.0033300000000000053
fc1,0.4375,10,19,0,0.2954545454545454,-46.6,0.0004500000000000004,142.8,0.0033300000000000053
fc1,0.4375,10,19,0,0.3772727272727272,-48.8,0.0004500000000000004,140.6,0.0033300000000000053
fc1,0.4375,10,19,0,0.459090909090909,-50.8,0.0004500000000000004,138.6,0.0033300000000000053
fc1,0.4375,10,19,0,0.5409090909090909,-51.8,0.0004500000000000004,137.6,0.0033300000000000053
fc1,0.4375,10,19,0,0.6227272727272727,-59.6,0.00011000000000000454,129.8,0.002990000000000009
fc1,0.4375,10,19,0,0.7045454545454545,-81.4,6.0000000000010044e-05,108.0,0.0029400000000000147
fc1,0.4375,10,19,0,0.7863636363636363,-82.4,6.0000000000010044e-05,107.0,0.0029400000000000147
fc1,0.4375,10,19,0,0.868181818181818,-99.9,-2.9999999999996697e-05,89.5,0.002850000000000008
fc1,0.4375,10,19,0,0.95,-101.9,-2.9999999999996697e-05,87.5,0.002850000000000008
fc1,0.55,10,19,0,0.05,-49.8,0.001990000000000003,139.6,0.004870000000000008
fc1,0.55,10,19,0,0.1318181818181818,-50.7,0.0018400000000000027,138.7,0.004720000000000007
fc1,0.55,10,19,0,0.21363636363636362,-52.5,0.0013700000000000045,136.9,0.004250000000000009
fc1,0.55,10,19,0,0.2954545454545454,-53.4,0.0013700000000000045,136.0,0.004250000000000009
fc1,0.55,10,19,0,0.3772727272727272,-62.3,0.0012000000000000066,127.1,0.004080000000000012
fc1,0.55,10,19,0,0.459090909090909,-64.1,0.0008700000000000097,125.3,0.0037500000000000146
fc1,0.55,10,19,0,0.5409090909090909,-65.0,0.0008700000000000097,124.4,0.0037500000000000146
fc1,0.55,10,19,0,0.6227272727272727,-67.9,0.0008700000000000097,121.5,0.0037500000000000146
fc1,0.55,10,19,0,0.7045454545454545,-77.9,0.0008500000000000063,111.5,0.003730000000000011
fc1,0.55,10,19,0,0.7863636363636363,-113.0,0.0004700000000000037,76.4,0.0033500000000000084
fc1,0.55,10,19,0,0.868181818181818,-114.8,0.0004700000000000037,74.6,0.0033500000000000084
fc1,0.55,10,19,0,0.95,-122.3,0.00040000000000000593,67.1,0.0032800000000000108
fc1,0.6625,10,19,0,0.05,-38.5,0.0009700000000000042,150.9,0.003850000000000009
fc1,0.6625,10,19,0,0.1318181818181818,-39.4,0.0009700000000000042,150.0,0.003850000000000009
fc1,0.6625,10,19,0,0.21363636363636362,-41.2,0.0007300000000000029,148.2,0.0036100000000000077
fc1,0.6625,10,19,0,0.2954545454545454,-42.1,0.0007300000000000029,147.3,0.0036100000000000077
fc1,0.6625,10,19,0,0.3772727272727272,-43.9,0.0007300000000000029,145.5,0.0036100000000000077
fc1,0.6625,10,19,0,0.459090909090909,-46.5,0.0007300000000000029,142.9,0.0036100000000000077
fc1,0.6625,10,19,0,0.5409090909090909,-47.5,0.0007300000000000029,141.9,0.0036100000000000077
fc1,0.6625,10,19,0,0.6227272727272727,-49.5,0.000660000000000005,139.9,0.0035400000000000097
fc1,0.6625,10,19,0,0.7045454545454545,-71.1,0.000500000000000006,118.3,0.0033800000000000106
fc1,0.6625,10,19,0,0.7863636363636363,-72.1,0.000500000000000006,117.3,0.0033800000000000106
fc1,0.6625,10,19,0,0.868181818181818,-74.1,0.0004800000000000082,115.3,0.003360000000000013
fc1,0.6625,10,19,0,0.95,-76.1,0.000280000000000008,113.3,0.0031600000000000126
fc1,0.775,10,19,0,0.05,1.4,0.001980000000000004,190.8,0.004860000000000008
fc1,0.775,10,19,0,0.1318181818181818,0.5,0.0017400000000000026,189.9,0.004620000000000008
fc1,0.775,10,19,0,0.21363636363636362,-11.4,0.0017400000000000026,178.0,0.004620000000000008
fc1,0.775,10,19,0,0.2954545454545454,-13.5,0.0017400000000000026,175.9,0.004620000000000008
fc1,0.775,10,19,0,0.3772727272727272,-15.3,0.0017400000000000026,174.1,0.004620000000000008
fc1,0.775,10,19,0,0.459090909090909,-17.8,0.0017400000000000026,171.6,0.004620000000000008
fc1,0.775,10,19,0,0.5409090909090909,-19.6,0.0017400000000000026,169.8,0.004620000000000008
fc1,0.775,10,19,0,0.6227272727272727,-21.8,0.0016700000000000048,167.6,0.00455000000000001
fc1,0.775,10,19,0,0.7045454545454545,-23.8,0.0016700000000000048,165.6,0.00455000000000001
fc1,0.775,10,19,0,0.7863636363636363,-28.3,0.0016500000000000015,161.1,0.004530000000000006
fc1,0.775,10,19,0,0.868181818181818,-36.5,0.0011900000000000023,152.9,0.004070000000000007
fc1,0.775,10,19,0,0.95,-40.4,0.0011700000000000044,149.0,0.004050000000000009
fc1,0.8875,10,19,0,0.05,-12.3,0.0016000000000000014,177.1,0.0044800000000000065
fc1,0.8875,10,19,0,0.1318181818181818,-13.2,0.0016000000000000014,176.2,0.0044800000000000065
fc1,0.8875,10,19,0,0.21363636363636362,-15.0,0.0016000000000000014,174.4,0.0044800000000000065
fc1,0.8875,10,19,0,0.2954545454545454,-15.9,0.001419999999999999,173.5,0.0043000000000000035
fc1,0.8875,10,19,0,0.3772727272727272,-18.3,0.001419999999999999,171.1,0.0043000000000000035
fc1,0.8875,10,19,0,0.459090909090909,-20.7,0.001419999999999999,168.7,0.0043000000000000035
fc1,0.8875,10,19,0,0.5409090909090909,-21.7,0.001419999999999999,167.7,0.0043000000000000035
fc1,0.8875,10,19,0,0.6227272727272727,-23.7,0.001090000000000002,165.7,0.0039700000000000065
fc1,0.8875,10,19,0,0.7045454545454545,-44.0,0.0007000000000000006,145.4,0.0035800000000000055
fc1,0.8875,10,19,0,0.7863636363636363,-45.0,0.0005800000000000027,144.4,0.0034600000000000073
fc1,0.8875,10,19,0,0.868181818181818,-47.7,0.0005800000000000027,141.7,0.0034600000000000073
fc1,0.8875,10,19,0,0.95,-53.2,0.0005800000000000027,136.2,0.0034600000000000073
