resnet50,0,10,5,0,0.05,195.4,0.025460000000000003,295.6,0.027090000000000003
resnet50,0,10,5,0,0.1318181818181818,194.4,0.024550000000000006,294.6,0.026180000000000002
resnet50,0,10,5,0,0.21363636363636362,187.8,0.02322000000000003,288.0,0.02485000000000003
resnet50,0,10,5,0,0.2954545454545454,186.8,0.02253000000000003,287.0,0.024160000000000025
resnet50,0,10,5,0,0.3772727272727272,179.5,0.021220000000000017,279.7,0.022850000000000016
resnet50,0,10,5,0,0.459090909090909,173.1,0.01868000000000003,273.3,0.02031000000000003
resnet50,0,10,5,0,0.5409090909090909,172.1,0.01868000000000003,272.3,0.02031000000000003
resnet50,0,10,5,0,0.6227272727272727,170.1,0.017120000000000024,270.3,0.018750000000000024
resnet50,0,10,5,0,0.7045454545454545,168.1,0.016680000000000028,268.3,0.018310000000000028
resnet50,0,10,5,0,0.7863636363636363,163.1,0.015390000000000025,263.3,0.017020000000000025
resnet50,0,10,5,0,0.868181818181818,150.2,0.013170000000000005,250.4,0.014800000000000002
resnet50,0,10,5,0,0.95,148.2,0.012050000000000028,248.4,0.013680000000000025
resnet50,0.1,10,5,0,0.05,185.5,0.0254,285.7,0.02703
resnet50,0.1,10,5,0,0.1318181818181818,184.5,0.024650000000000016,284.7,0.026280000000000015
resnet50,0.1,10,5,0,0.21363636363636362,182.5,0.024380000000000023,282.7,0.026010000000000023
resnet50,0.1,10,5,0,0.2954545454545454,181.5,0.02402000000000002,281.7,0.025650000000000017
resnet50,0.1,10,5,0,0.3772727272727272,179.5,0.02307,279.7,0.0247
resnet50,0.1,10,5,0,0.459090909090909,177.5,0.022050000000000014,277.7,0.023680000000000014
resnet50,0.1,10,5,0,0.5409090909090909,176.5,0.021820000000000027,276.7,0.023450000000000026
resnet50,0.1,10,5,0,0.6227272727272727,174.5,0.02040000000000003,274.7,0.02203000000000003
resnet50,0.1,10,5,0,0.7045454545454545,162.8,0.01634000000000002,263.0,0.01797000000000002
resnet50,0.1,10,5,0,0.7863636363636363,161.8,0.01586000000000004,262.0,0.01749000000000004
resnet50,0.1,10,5,0,0.868181818181818,159.8,0.015540000000000054,260.0,0.017170000000000053
resnet50,0.1,10,5,0,0.95,151.3,0.014110000000000044,251.5,0.015740000000000042
resnet50,0.21250000000000002,10,5,0,0.05,191.0,0.023320000000000028,291.2,0.024950000000000028
resnet50,0.21250000000000002,10,5,0,0.1318181818181818,190.0,0.02261000000000004,290.2,0.02424000000000004
resnet50,0.21250000000000002,10,5,0,0.21363636363636362,187.7,0.022070000000000044,287.9,0.023700000000000044
resnet50,0.21250000000000002,10,5,0,0.2954545454545454,183.0,0.020470000000000033,283.2,0.02210000000000003
resnet50,0.21250000000000002,10,5,0,0.3772727272727272,180.7,0.018990000000000017,280.9,0.020620000000000017
resnet50,0.21250000000000002,10,5,0,0.459090909090909,178.7,0.01846000000000002,278.9,0.020090000000000018
resnet50,0.21250000000000002,10,5,0,0.5409090909090909,177.7,0.018120000000000025,277.9,0.019750000000000024
resnet50,0.21250000000000002,10,5,0,0.6227272727272727,175.7,0.01665000000000002,275.9,0.01828000000000002
resnet50,0.21250000000000002,10,5,0,0.7045454545454545,173.2,0.015760000000000017,273.4,0.017390000000000017
resnet50,0.21250000000000002,10,5,0,0.7863636363636363,172.2,0.014910000000000012,272.4,0.01654000000000001
resnet50,0.21250000000000002,10,5,0,0.868181818181818,159.1,0.01274000000000004,259.3,0.014370000000000039
resnet50,0.21250000000000002,10,5,0,0.95,113.7,0.010540000000000027,213.9,0.012170000000000025
resnet50,0.325,10,5,0,0.05,205.7,0.02634000000000002,305.9,0.027970000000000016
resnet50,0.325,10,5,0,0.1318181818181818,204.7,0.025570000000000048,304.9,0.027200000000000047
resnet50,0.325,10,5,0,0.21363636363636362,202.0,0.024570000000000036,302.2,0.026200000000000036
resnet50,0.325,10,5,0,0.2954545454545454,201.0,0.02421000000000003,301.2,0.02584000000000003
resnet50,0.325,10,5,0,0.3772727272727272,197.2,0.022180000000000023,297.4,0.02381000000000002
resnet50,0.325,10,5,0,0.459090909090909,194.3,0.021520000000000004,294.5,0.023150000000000004
resnet50,0.325,10,5,0,0.5409090909090909,193.3,0.021130000000000017,293.5,0.022760000000000013
resnet50,0.325,10,5,0,0.6227272727272727,191.3,0.019210000000000005,291.5,0.020840000000000004
resnet50,0.325,10,5,0,0.7045454545454545,175.8,0.016670000000000008,276.0,0.018300000000000004
resnet50,0.325,10,5,0,0.7863636363636363,174.8,0.016230000000000012,275.0,0.017860000000000008
resnet50,0.325,10,5,0,0.868181818181818,170.8,0.015420000000000034,271.0,0.01705000000000003
resnet50,0.325,10,5,0,0.95,167.7,0.01486000000000003,267.9,0.016490000000000025
resnet50,0.4375,10,5,0,0.05,205.0,0.028680000000000018,305.2,0.030310000000000014
resnet50,0.4375,10,5,0,0.1318181818181818,204.0,0.02797000000000003,304.2,0.029600000000000026
resnet50,0.4375,10,5,0,0.21363636363636362,202.0,0.026680000000000037,302.2,0.028310000000000037
resnet50,0.4375,10,5,0,0.2954545454545454,201.0,0.025990000000000034,301.2,0.027620000000000033
resnet50,0.4375,10,5,0,0.3772727272727272,198.3,0.024660000000000026,298.5,0.026290000000000025
resnet50,0.4375,10,5,0,0.459090909090909,195.6,0.023880000000000033,295.8,0.025510000000000033
resnet50,0.4375,10,5,0,0.5409090909090909,194.6,0.023390000000000032,294.8,0.025020000000000032
resnet50,0.4375,10,5,0,0.6227272727272727,176.7,0.019000000000000017,276.9,0.020630000000000016
resnet50,0.4375,10,5,0,0.7045454545454545,167.2,0.017500000000000016,267.4,0.019130000000000015
resnet50,0.4375,10,5,0,0.7863636363636363,166.2,0.01716000000000002,266.4,0.01879000000000002
resnet50,0.4375,10,5,0,0.868181818181818,163.6,0.01627000000000004,263.8,0.017900000000000037
resnet50,0.4375,10,5,0,0.95,153.8,0.013360000000000028,254.0,0.014990000000000026
resnet50,0.55,10,5,0,0.05,205.5,0.02681000000000001,305.7,0.02844000000000001
resnet50,0.55,10,5,0,0.1318181818181818,204.5,0.02653000000000002,304.7,0.02816000000000002
resnet50,0.55,10,5,0,0.21363636363636362,201.9,0.025170000000000036,302.1,0.026800000000000036
resnet50,0.55,10,5,0,0.2954545454545454,199.8,0.024440000000000028,300.0,0.026070000000000027
resnet50,0.55,10,5,0,0.3772727272727272,197.8,0.022830000000000007,298.0,0.024460000000000003
resnet50,0.55,10,5,0,0.459090909090909,195.8,0.022240000000000017,296.0,0.023870000000000013
resnet50,0.55,10,5,0,0.5409090909090909,194.4,0.021840000000000016,294.6,0.02347000000000001
resnet50,0.55,10,5,0,0.6227272727272727,176.8,0.01904,277.0,0.02067
resnet50,0.55,10,5,0,0.7045454545454545,171.1,0.018699999999999994,271.3,0.020329999999999994
resnet50,0.55,10,5,0,0.7863636363636363,169.9,0.01804,270.1,0.01967
resnet50,0.55,10,5,0,0.868181818181818,167.7,0.01795000000000001,267.9,0.019580000000000007
resnet50,0.55,10,5,0,0.95,152.5,0.01424000000000004,252.7,0.01587000000000004
resnet50,0.6625,10,5,0,0.05,183.0,0.023760000000000003,283.2,0.025390000000000003
resnet50,0.6625,10,5,0,0.1318181818181818,182.0,0.02251000000000002,282.2,0.024140000000000016
resnet50,0.6625,10,5,0,0.21363636363636362,179.5,0.021840000000000036,279.7,0.023470000000000036
resnet50,0.6625,10,5,0,0.2954545454545454,178.5,0.021840000000000036,278.7,0.023470000000000036
resnet50,0.6625,10,5,0,0.3772727272727272,176.5,0.021220000000000017,276.7,0.022850000000000016
resnet50,0.6625,10,5,0,0.459090909090909,174.5,0.02089000000000002,274.7,0.02252000000000002
resnet50,0.6625,10,5,0,0.5409090909090909,160.6,0.01869000000000002,260.8,0.020320000000000015
resnet50,0.6625,10,5,0,0.6227272727272727,156.4,0.015300000000000013,256.6,0.01693000000000001
resnet50,0.6625,10,5,0,0.7045454545454545,134.6,0.012840000000000018,234.8,0.014470000000000016
resnet50,0.6625,10,5,0,0.7863636363636363,133.6,0.012710000000000022,233.8,0.01434000000000002
resnet50,0.6625,10,5,0,0.868181818181818,99.9,0.00959000000000002,200.1,0.011220000000000018
resnet50,0.6625,10,5,0,0.95,85.1,0.00727000000000001,185.3,0.008900000000000009
resnet50,0.775,10,5,0,0.05,204.0,0.02682000000000001,304.2,0.02845000000000001
resnet50,0.775,10,5,0,0.1318181818181818,203.0,0.026110000000000022,303.2,0.02774000000000002
resnet50,0.775,10,5,0,0.21363636363636362,200.6,0.02515000000000004,300.8,0.026780000000000036
resnet50,0.775,10,5,0,0.2954545454545454,199.6,0.024820000000000043,299.8,0.02645000000000004
resnet50,0.775,10,5,0,0.3772727272727272,196.3,0.024060000000000026,296.5,0.025690000000000025
resnet50,0.775,10,5,0,0.459090909090909,193.8,0.02322000000000003,294.0,0.02485000000000003
resnet50,0.775,10,5,0,0.5409090909090909,182.2,0.018440000000000012,282.4,0.02007000000000001
resnet50,0.775,10,5,0,0.6227272727272727,180.0,0.016590000000000014,280.2,0.018220000000000014
resnet50,0.775,10,5,0,0.7045454545454545,178.0,0.016300000000000026,278.2,0.017930000000000022
resnet50,0.775,10,5,0,0.7863636363636363,177.0,0.015780000000000027,277.2,0.017410000000000026
resnet50,0.775,10,5,0,0.868181818181818,165.5,0.013800000000000012,265.7,0.01543000000000001
resnet50,0.775,10,5,0,0.95,120.9,0.009600000000000043,221.1,0.01123000000000004
resnet50,0.8875,10,5,0,0.05,202.0,0.026670000000000006,302.2,0.028300000000000002
resnet50,0.8875,10,5,0,0.1318181818181818,201.0,0.025960000000000018,301.2,0.027590000000000014
resnet50,0.8875,10,5,0,0.21363636363636362,187.1,0.020520000000000017,287.3,0.022150000000000013
resnet50,0.8875,10,5,0,0.2954545454545454,185.8,0.02019000000000002,286.0,0.021820000000000016
resnet50,0.8875,10,5,0,0.3772727272727272,179.3,0.018920000000000013,279.5,0.020550000000000013
resnet50,0.8875,10,5,0,0.459090909090909,160.8,0.017080000000000005,261.0,0.018710000000000004
resnet50,0.8875,10,5,0,0.5409090909090909,144.7,0.014100000000000012,244.9,0.01573000000000001
resnet50,0.8875,10,5,0,0.6227272727272727,135.1,0.009760000000000001,235.3,0.01139
resnet50,0.8875,10,5,0,0.7045454545454545,128.8,0.009440000000000004,229.0,0.011070000000000002
resnet50,0.8875,10,5,0,0.7863636363636363,127.8,0.009250000000000003,228.0,0.01088
resnet50,0.8875,10,5,0,0.868181818181818,124.6,0.009099999999999997,224.8,0.010729999999999995
resnet50,0.8875,10,5,0,0.95,61.0,0.006000000000000028,161.2,0.007630000000000026
resnet50,0,10,7,0,0.05,187.5,0.02188000000000002,287.7,0.02351000000000002
resnet50,0,10,7,0,0.1318181818181818,186.5,0.01967000000000002,286.7,0.02130000000000002
resnet50,0,10,7,0,0.21363636363636362,173.6,0.018260000000000054,273.8,0.019890000000000053
resnet50,0,10,7,0,0.2954545454545454,172.6,0.017730000000000034,272.8,0.019360000000000033
resnet50,0,10,7,0,0.3772727272727272,161.6,0.01473000000000002,261.8,0.01636000000000002
resnet50,0,10,7,0,0.459090909090909,155.6,0.013780000000000014,255.8,0.015410000000000012
resnet50,0,10,7,0,0.5409090909090909,154.6,0.013510000000000022,254.8,0.01514000000000002
resnet50,0,10,7,0,0.6227272727272727,151.2,0.013350000000000029,251.4,0.014980000000000026
resnet50,0,10,7,0,0.7045454545454545,148.8,0.012350000000000017,249.0,0.013980000000000015
resnet50,0,10,7,0,0.7863636363636363,120.1,0.010370000000000013,220.3,0.01200000000000001
resnet50,0,10,7,0,0.868181818181818,118.1,0.009789999999999998,218.3,0.011419999999999996
resnet50,0,10,7,0,0.95,110.3,0.009509999999999996,210.5,0.011139999999999994
resnet50,0.1,10,7,0,0.05,191.3,0.022950000000000036,291.5,0.024580000000000036
resnet50,0.1,10,7,0,0.1318181818181818,190.3,0.020850000000000046,290.5,0.022480000000000045
resnet50,0.1,10,7,0,0.21363636363636362,182.4,0.017320000000000037,282.6,0.018950000000000033
resnet50,0.1,10,7,0,0.2954545454545454,181.4,0.017320000000000037,281.6,0.018950000000000033
resnet50,0.1,10,7,0,0.3772727272727272,178.3,0.015540000000000043,278.5,0.01717000000000004
resnet50,0.1,10,7,0,0.459090909090909,172.3,0.014500000000000035,272.5,0.016130000000000033
resnet50,0.1,10,7,0,0.5409090909090909,164.8,0.013020000000000032,265.0,0.01465000000000003
resnet50,0.1,10,7,0,0.6227272727272727,161.3,0.012830000000000041,261.5,0.014460000000000039
resnet50,0.1,10,7,0,0.7045454545454545,146.0,0.011550000000000038,246.2,0.013180000000000035
resnet50,0.1,10,7,0,0.7863636363636363,129.2,0.010190000000000022,229.4,0.01182000000000002
resnet50,0.1,10,7,0,0.868181818181818,120.7,0.009880000000000022,220.9,0.01151000000000002
resnet50,0.1,10,7,0,0.95,90.3,0.008410000000000006,190.5,0.010040000000000004
resnet50,0.21250000000000002,10,7,0,0.05,181.0,0.019860000000000023,281.2,0.02149000000000002
resnet50,0.21250000000000002,10,7,0,0.1318181818181818,180.0,0.017630000000000014,280.2,0.01926000000000001
resnet50,0.21250000000000002,10,7,0,0.21363636363636362,178.0,0.016280000000000027,278.2,0.017910000000000027
resnet50,0.21250000000000002,10,7,0,0.2954545454545454,177.0,0.015480000000000039,277.2,0.017110000000000035
resnet50,0.21250000000000002,10,7,0,0.3772727272727272,170.0,0.01434000000000003,270.2,0.01597000000000003
resnet50,0.21250000000000002,10,7,0,0.459090909090909,167.3,0.014020000000000032,267.5,0.015650000000000032
resnet50,0.21250000000000002,10,7,0,0.5409090909090909,166.3,0.01345000000000004,266.5,0.015080000000000038
resnet50,0.21250000000000002,10,7,0,0.6227272727272727,164.3,0.013400000000000033,264.5,0.015030000000000033
resnet50,0.21250000000000002,10,7,0,0.7045454545454545,151.8,0.011400000000000032,252.0,0.013030000000000031
resnet50,0.21250000000000002,10,7,0,0.7863636363636363,150.8,0.011380000000000034,251.0,0.013010000000000032
resnet50,0.21250000000000002,10,7,0,0.868181818181818,121.2,0.009680000000000044,221.4,0.011310000000000042
resnet50,0.21250000000000002,10,7,0,0.95,109.8,0.008430000000000049,210.0,0.010060000000000046
resnet50,0.325,10,7,0,0.05,176.8,0.019220000000000036,277.0,0.020850000000000035
resnet50,0.325,10,7,0,0.1318181818181818,175.8,0.01657000000000004,276.0,0.01820000000000004
resnet50,0.325,10,7,0,0.21363636363636362,173.8,0.01577000000000005,274.0,0.017400000000000047
resnet50,0.325,10,7,0,0.2954545454545454,172.8,0.014890000000000047,273.0,0.016520000000000045
resnet50,0.325,10,7,0,0.3772727272727272,163.5,0.013630000000000041,263.7,0.015260000000000041
resnet50,0.325,10,7,0,0.459090909090909,159.3,0.013290000000000034,259.5,0.014920000000000034
resnet50,0.325,10,7,0,0.5409090909090909,158.3,0.013290000000000034,258.5,0.014920000000000034
resnet50,0.325,10,7,0,0.6227272727272727,156.3,0.012960000000000027,256.5,0.014590000000000025
resnet50,0.325,10,7,0,0.7045454545454545,154.3,0.011740000000000039,254.5,0.013370000000000038
resnet50,0.325,10,7,0,0.7863636363636363,153.3,0.01164000000000005,253.5,0.013270000000000049
resnet50,0.325,10,7,0,0.868181818181818,123.1,0.009300000000000053,223.3,0.01093000000000005
resnet50,0.325,10,7,0,0.95,101.3,0.008970000000000044,201.5,0.010600000000000043
resnet50,0.4375,10,7,0,0.05,189.8,0.025880000000000035,290.0,0.027510000000000034
resnet50,0.4375,10,7,0,0.1318181818181818,188.8,0.02383000000000004,289.0,0.025460000000000038
resnet50,0.4375,10,7,0,0.21363636363636362,186.8,0.02212000000000005,287.0,0.02375000000000005
resnet50,0.4375,10,7,0,0.2954545454545454,184.7,0.021270000000000046,284.9,0.022900000000000042
resnet50,0.4375,10,7,0,0.3772727272727272,180.5,0.018660000000000055,280.7,0.02029000000000005
resnet50,0.4375,10,7,0,0.459090909090909,178.5,0.018240000000000044,278.7,0.019870000000000044
resnet50,0.4375,10,7,0,0.5409090909090909,173.3,0.016500000000000035,273.5,0.018130000000000035
resnet50,0.4375,10,7,0,0.6227272727272727,171.3,0.016010000000000045,271.5,0.017640000000000045
resnet50,0.4375,10,7,0,0.7045454545454545,156.1,0.013880000000000049,256.3,0.015510000000000046
resnet50,0.4375,10,7,0,0.7863636363636363,155.1,0.013880000000000049,255.3,0.015510000000000046
resnet50,0.4375,10,7,0,0.868181818181818,130.4,0.012320000000000043,230.6,0.01395000000000004
resnet50,0.4375,10,7,0,0.95,128.4,0.012230000000000052,228.6,0.01386000000000005
resnet50,0.55,10,7,0,0.05,194.6,0.02583000000000004,294.8,0.02746000000000004
resnet50,0.55,10,7,0,0.1318181818181818,193.6,0.02314000000000005,293.8,0.02477000000000005
resnet50,0.55,10,7,0,0.21363636363636362,191.6,0.021640000000000038,291.8,0.023270000000000034
resnet50,0.55,10,7,0,0.2954545454545454,190.6,0.02130000000000004,290.8,0.02293000000000004
resnet50,0.55,10,7,0,0.3772727272727272,188.6,0.01967000000000003,288.8,0.02130000000000003
resnet50,0.55,10,7,0,0.459090909090909,172.2,0.018140000000000024,272.4,0.01977000000000002
resnet50,0.55,10,7,0,0.5409090909090909,171.2,0.017400000000000037,271.4,0.019030000000000036
resnet50,0.55,10,7,0,0.6227272727272727,169.2,0.017400000000000037,269.4,0.019030000000000036
resnet50,0.55,10,7,0,0.7045454545454545,159.2,0.015460000000000052,259.4,0.01709000000000005
resnet50,0.55,10,7,0,0.7863636363636363,158.2,0.015460000000000052,258.4,0.01709000000000005
resnet50,0.55,10,7,0,0.868181818181818,144.3,0.013830000000000042,244.5,0.01546000000000004
resnet50,0.55,10,7,0,0.95,142.3,0.013620000000000044,242.5,0.015250000000000041
resnet50,0.6625,10,7,0,0.05,142.4,0.01828000000000004,242.6,0.01991000000000004
resnet50,0.6625,10,7,0,0.1318181818181818,141.5,0.01659000000000005,241.7,0.01822000000000005
resnet50,0.6625,10,7,0,0.21363636363636362,135.0,0.01651000000000006,235.2,0.018140000000000055
resnet50,0.6625,10,7,0,0.2954545454545454,134.1,0.016420000000000056,234.3,0.018050000000000056
resnet50,0.6625,10,7,0,0.3772727272727272,120.0,0.012670000000000048,220.2,0.014300000000000045
resnet50,0.6625,10,7,0,0.459090909090909,118.0,0.01163000000000004,218.2,0.013260000000000039
resnet50,0.6625,10,7,0,0.5409090909090909,117.0,0.011370000000000036,217.2,0.013000000000000034
resnet50,0.6625,10,7,0,0.6227272727272727,115.0,0.011180000000000034,215.2,0.012810000000000033
resnet50,0.6625,10,7,0,0.7045454545454545,100.6,0.010490000000000044,200.8,0.012120000000000042
resnet50,0.6625,10,7,0,0.7863636363636363,99.6,0.010490000000000044,199.8,0.012120000000000042
resnet50,0.6625,10,7,0,0.868181818181818,91.2,0.009960000000000047,191.4,0.011590000000000045
resnet50,0.6625,10,7,0,0.95,89.2,0.009810000000000051,189.4,0.01144000000000005
resnet50,0.775,10,7,0,0.05,183.3,0.02029000000000003,283.5,0.02192000000000003
resnet50,0.775,10,7,0,0.1318181818181818,182.3,0.018720000000000025,282.5,0.020350000000000024
resnet50,0.775,10,7,0,0.21363636363636362,179.8,0.01658000000000003,280.0,0.018210000000000025
resnet50,0.775,10,7,0,0.2954545454545454,178.8,0.015900000000000025,279.0,0.017530000000000025
resnet50,0.775,10,7,0,0.3772727272727272,176.8,0.015050000000000018,277.0,0.016680000000000018
resnet50,0.775,10,7,0,0.459090909090909,168.0,0.013810000000000034,268.2,0.015440000000000032
resnet50,0.775,10,7,0,0.5409090909090909,167.0,0.013540000000000042,267.2,0.01517000000000004
resnet50,0.775,10,7,0,0.6227272727272727,158.6,0.013170000000000048,258.8,0.014800000000000046
resnet50,0.775,10,7,0,0.7045454545454545,156.6,0.012550000000000039,256.8,0.014180000000000036
resnet50,0.775,10,7,0,0.7863636363636363,155.6,0.012480000000000047,255.8,0.014110000000000044
resnet50,0.775,10,7,0,0.868181818181818,150.7,0.011930000000000041,250.9,0.013560000000000039
resnet50,0.775,10,7,0,0.95,148.7,0.011750000000000028,248.9,0.013380000000000026
resnet50,0.8875,10,7,0,0.05,173.6,0.01607000000000004,273.8,0.01770000000000004
resnet50,0.8875,10,7,0,0.1318181818181818,172.6,0.014650000000000041,272.8,0.016280000000000037
resnet50,0.8875,10,7,0,0.21363636363636362,170.6,0.014140000000000041,270.8,0.01577000000000004
resnet50,0.8875,10,7,0,0.2954545454545454,169.6,0.013370000000000038,269.8,0.015000000000000036
resnet50,0.8875,10,7,0,0.3772727272727272,166.6,0.013110000000000043,266.8,0.014740000000000041
resnet50,0.8875,10,7,0,0.459090909090909,138.8,0.011780000000000046,239.0,0.013410000000000043
resnet50,0.8875,10,7,0,0.5409090909090909,137.8,0.011690000000000034,238.0,0.013320000000000031
resnet50,0.8875,10,7,0,0.6227272727272727,124.2,0.010430000000000017,224.4,0.012060000000000015
resnet50,0.8875,10,7,0,0.7045454545454545,122.2,0.009030000000000015,222.4,0.010660000000000013
resnet50,0.8875,10,7,0,0.7863636363636363,121.2,0.009020000000000005,221.4,0.010650000000000003
resnet50,0.8875,10,7,0,0.868181818181818,80.7,0.0061800000000000075,180.9,0.007810000000000006
resnet50,0.8875,10,7,0,0.95,65.1,0.00616000000000001,165.3,0.007790000000000008
resnet50,0,10,9,0,0.05,182.2,0.01709000000000004,282.4,0.018720000000000035
resnet50,0,10,9,0,0.1318181818181818,181.2,0.01709000000000004,281.4,0.018720000000000035
resnet50,0,10,9,0,0.21363636363636362,179.2,0.01667000000000004,279.4,0.01830000000000004
resnet50,0,10,9,0,0.2954545454545454,178.2,0.01667000000000004,278.4,0.01830000000000004
resnet50,0,10,9,0,0.3772727272727272,175.4,0.01606000000000003,275.6,0.01769000000000003
resnet50,0,10,9,0,0.459090909090909,173.4,0.01546000000000003,273.6,0.01709000000000003
resnet50,0,10,9,0,0.5409090909090909,172.4,0.01546000000000003,272.6,0.01709000000000003
resnet50,0,10,9,0,0.6227272727272727,170.4,0.014950000000000019,270.6,0.01658000000000002
resnet50,0,10,9,0,0.7045454545454545,161.6,0.013300000000000024,261.8,0.014930000000000021
resnet50,0,10,9,0,0.7863636363636363,160.6,0.013250000000000017,260.8,0.014880000000000015
resnet50,0,10,9,0,0.868181818181818,152.1,0.011860000000000015,252.3,0.013490000000000012
resnet50,0,10,9,0,0.95,130.0,0.01040000000000002,230.2,0.012030000000000018
resnet50,0.1,10,9,0,0.05,184.0,0.01859000000000005,284.2,0.02022000000000005
resnet50,0.1,10,9,0,0.1318181818181818,183.0,0.018410000000000037,283.2,0.020040000000000037
resnet50,0.1,10,9,0,0.21363636363636362,180.6,0.01738000000000005,280.8,0.019010000000000048
resnet50,0.1,10,9,0,0.2954545454545454,179.6,0.01738000000000005,279.8,0.019010000000000048
resnet50,0.1,10,9,0,0.3772727272727272,176.5,0.016640000000000033,276.7,0.01827000000000003
resnet50,0.1,10,9,0,0.459090909090909,174.5,0.015720000000000022,274.7,0.01735000000000002
resnet50,0.1,10,9,0,0.5409090909090909,173.0,0.015260000000000006,273.2,0.016890000000000006
resnet50,0.1,10,9,0,0.6227272727272727,171.0,0.015260000000000006,271.2,0.016890000000000006
resnet50,0.1,10,9,0,0.7045454545454545,163.3,0.01376000000000004,263.5,0.015390000000000037
resnet50,0.1,10,9,0,0.7863636363636363,162.3,0.013710000000000033,262.5,0.01534000000000003
resnet50,0.1,10,9,0,0.868181818181818,157.5,0.012850000000000018,257.7,0.014480000000000015
resnet50,0.1,10,9,0,0.95,155.5,0.011860000000000004,255.7,0.013490000000000002
resnet50,0.21250000000000002,10,9,0,0.05,172.3,0.016390000000000036,272.5,0.018020000000000036
resnet50,0.21250000000000002,10,9,0,0.1318181818181818,170.9,0.016340000000000042,271.1,0.01797000000000004
resnet50,0.21250000000000002,10,9,0,0.21363636363636362,168.9,0.01595000000000003,269.1,0.01758000000000003
resnet50,0.21250000000000002,10,9,0,0.2954545454545454,167.9,0.015930000000000034,268.1,0.01756000000000003
resnet50,0.21250000000000002,10,9,0,0.3772727272727272,165.9,0.014670000000000016,266.1,0.016300000000000016
resnet50,0.21250000000000002,10,9,0,0.459090909090909,163.6,0.014670000000000016,263.8,0.016300000000000016
resnet50,0.21250000000000002,10,9,0,0.5409090909090909,162.6,0.014350000000000019,262.8,0.015980000000000015
resnet50,0.21250000000000002,10,9,0,0.6227272727272727,154.8,0.013040000000000029,255.0,0.014670000000000027
resnet50,0.21250000000000002,10,9,0,0.7045454545454545,152.8,0.012880000000000036,253.0,0.014510000000000033
resnet50,0.21250000000000002,10,9,0,0.7863636363636363,151.8,0.012370000000000025,252.0,0.014000000000000023
resnet50,0.21250000000000002,10,9,0,0.868181818181818,149.6,0.011950000000000027,249.8,0.013580000000000026
resnet50,0.21250000000000002,10,9,0,0.95,142.8,0.010680000000000033,243.0,0.012310000000000033
resnet50,0.325,10,9,0,0.05,179.6,0.018830000000000048,279.8,0.020460000000000044
resnet50,0.325,10,9,0,0.1318181818181818,178.6,0.018560000000000056,278.8,0.02019000000000005
resnet50,0.325,10,9,0,0.21363636363636362,176.6,0.017540000000000056,276.8,0.019170000000000055
resnet50,0.325,10,9,0,0.2954545454545454,175.6,0.017540000000000056,275.8,0.019170000000000055
resnet50,0.325,10,9,0,0.3772727272727272,173.6,0.016500000000000035,273.8,0.018130000000000035
resnet50,0.325,10,9,0,0.459090909090909,166.1,0.015080000000000038,266.3,0.016710000000000037
resnet50,0.325,10,9,0,0.5409090909090909,165.1,0.01486000000000004,265.3,0.01649000000000004
resnet50,0.325,10,9,0,0.6227272727272727,163.1,0.013770000000000027,263.3,0.015400000000000025
resnet50,0.325,10,9,0,0.7045454545454545,161.1,0.013170000000000025,261.3,0.014800000000000025
resnet50,0.325,10,9,0,0.7863636363636363,159.8,0.013170000000000025,260.0,0.014800000000000025
resnet50,0.325,10,9,0,0.868181818181818,146.9,0.011950000000000049,247.1,0.013580000000000047
resnet50,0.325,10,9,0,0.95,127.9,0.010550000000000026,228.1,0.012180000000000024
resnet50,0.4375,10,9,0,0.05,186.9,0.01979000000000004,287.1,0.02142000000000004
resnet50,0.4375,10,9,0,0.1318181818181818,185.2,0.01942000000000005,285.4,0.021050000000000048
resnet50,0.4375,10,9,0,0.21363636363636362,183.2,0.01890000000000004,283.4,0.020530000000000038
resnet50,0.4375,10,9,0,0.2954545454545454,181.4,0.018820000000000038,281.6,0.020450000000000034
resnet50,0.4375,10,9,0,0.3772727272727272,179.4,0.01744000000000001,279.6,0.01907000000000001
resnet50,0.4375,10,9,0,0.459090909090909,159.5,0.014900000000000014,259.7,0.01653000000000001
resnet50,0.4375,10,9,0,0.5409090909090909,158.5,0.01433000000000002,258.7,0.01596000000000002
resnet50,0.4375,10,9,0,0.6227272727272727,156.5,0.01421000000000001,256.7,0.01584000000000001
resnet50,0.4375,10,9,0,0.7045454545454545,120.9,0.013060000000000039,221.1,0.014690000000000036
resnet50,0.4375,10,9,0,0.7863636363636363,120.0,0.013060000000000039,220.2,0.014690000000000036
resnet50,0.4375,10,9,0,0.868181818181818,118.2,0.012220000000000031,218.4,0.013850000000000029
resnet50,0.4375,10,9,0,0.95,116.4,0.01183000000000003,216.6,0.013460000000000027
resnet50,0.55,10,9,0,0.05,195.7,0.021540000000000024,295.9,0.023170000000000024
resnet50,0.55,10,9,0,0.1318181818181818,194.7,0.021270000000000032,294.9,0.02290000000000003
resnet50,0.55,10,9,0,0.21363636363636362,192.0,0.02043000000000005,292.2,0.022060000000000045
resnet50,0.55,10,9,0,0.2954545454545454,191.0,0.02019000000000005,291.2,0.02182000000000005
resnet50,0.55,10,9,0,0.3772727272727272,189.0,0.01847000000000002,289.2,0.020100000000000017
resnet50,0.55,10,9,0,0.459090909090909,181.0,0.016910000000000026,281.2,0.018540000000000022
resnet50,0.55,10,9,0,0.5409090909090909,180.0,0.016210000000000023,280.2,0.017840000000000023
resnet50,0.55,10,9,0,0.6227272727272727,171.7,0.014120000000000032,271.9,0.01575000000000003
resnet50,0.55,10,9,0,0.7045454545454545,166.8,0.01356000000000005,267.0,0.015190000000000047
resnet50,0.55,10,9,0,0.7863636363636363,165.8,0.01356000000000005,266.0,0.015190000000000047
resnet50,0.55,10,9,0,0.868181818181818,163.8,0.013430000000000043,264.0,0.01506000000000004
resnet50,0.55,10,9,0,0.95,152.1,0.012339999999999995,252.3,0.013969999999999993
resnet50,0.6625,10,9,0,0.05,168.7,0.015560000000000018,268.9,0.017190000000000018
resnet50,0.6625,10,9,0,0.1318181818181818,167.7,0.014620000000000032,267.9,0.016250000000000032
resnet50,0.6625,10,9,0,0.21363636363636362,165.7,0.01434000000000003,265.9,0.01597000000000003
resnet50,0.6625,10,9,0,0.2954545454545454,164.7,0.01434000000000003,264.9,0.01597000000000003
resnet50,0.6625,10,9,0,0.3772727272727272,162.2,0.013030000000000042,262.4,0.01466000000000004
resnet50,0.6625,10,9,0,0.459090909090909,160.2,0.012450000000000027,260.4,0.014080000000000027
resnet50,0.6625,10,9,0,0.5409090909090909,159.2,0.012450000000000027,259.4,0.014080000000000027
resnet50,0.6625,10,9,0,0.6227272727272727,157.2,0.011750000000000016,257.4,0.013380000000000013
resnet50,0.6625,10,9,0,0.7045454545454545,155.2,0.011440000000000016,255.4,0.013070000000000016
resnet50,0.6625,10,9,0,0.7863636363636363,154.2,0.011270000000000002,254.4,0.0129
resnet50,0.6625,10,9,0,0.868181818181818,151.7,0.011209999999999987,251.9,0.012839999999999985
resnet50,0.6625,10,9,0,0.95,149.7,0.010850000000000004,249.9,0.012480000000000002
resnet50,0.775,10,9,0,0.05,187.2,0.019360000000000044,287.4,0.020990000000000043
resnet50,0.775,10,9,0,0.1318181818181818,186.2,0.018360000000000043,286.4,0.019990000000000042
resnet50,0.775,10,9,0,0.21363636363636362,184.2,0.017350000000000032,284.4,0.01898000000000003
resnet50,0.775,10,9,0,0.2954545454545454,183.2,0.01696000000000003,283.4,0.01859000000000003
resnet50,0.775,10,9,0,0.3772727272727272,180.7,0.016020000000000034,280.9,0.017650000000000034
resnet50,0.775,10,9,0,0.459090909090909,178.7,0.015110000000000035,278.9,0.016740000000000033
resnet50,0.775,10,9,0,0.5409090909090909,177.7,0.015110000000000035,277.9,0.016740000000000033
resnet50,0.775,10,9,0,0.6227272727272727,175.7,0.013900000000000023,275.9,0.015530000000000021
resnet50,0.775,10,9,0,0.7045454545454545,173.7,0.013760000000000027,273.9,0.015390000000000025
resnet50,0.775,10,9,0,0.7863636363636363,172.7,0.013590000000000014,272.9,0.015220000000000011
resnet50,0.775,10,9,0,0.868181818181818,170.2,0.013460000000000005,270.4,0.015090000000000003
resnet50,0.775,10,9,0,0.95,163.6,0.0129,263.8,0.014529999999999998
resnet50,0.8875,10,9,0,0.05,133.1,0.010260000000000014,233.3,0.011890000000000012
resnet50,0.8875,10,9,0,0.1318181818181818,132.1,0.010260000000000014,232.3,0.011890000000000012
resnet50,0.8875,10,9,0,0.21363636363636362,130.1,0.009470000000000024,230.3,0.011100000000000021
resnet50,0.8875,10,9,0,0.2954545454545454,129.1,0.009410000000000019,229.3,0.011040000000000017
resnet50,0.8875,10,9,0,0.3772727272727272,127.1,0.009410000000000019,227.3,0.011040000000000017
resnet50,0.8875,10,9,0,0.459090909090909,116.5,0.009020000000000028,216.7,0.010650000000000026
resnet50,0.8875,10,9,0,0.5409090909090909,115.5,0.008720000000000016,215.7,0.010350000000000015
resnet50,0.8875,10,9,0,0.6227272727272727,102.1,0.007550000000000024,202.3,0.009180000000000021
resnet50,0.8875,10,9,0,0.7045454545454545,100.1,0.007180000000000031,200.3,0.00881000000000003
resnet50,0.8875,10,9,0,0.7863636363636363,99.1,0.00688000000000002,199.3,0.008510000000000018
resnet50,0.8875,10,9,0,0.868181818181818,97.1,0.00656000000000001,197.3,0.008190000000000008
resnet50,0.8875,10,9,0,0.95,76.5,0.005130000000000012,176.7,0.006760000000000011
resnet50,0,10,11,0,0.05,182.0,0.02099000000000001,282.2,0.022620000000000008
resnet50,0,10,11,0,0.1318181818181818,181.0,0.019810000000000015,281.2,0.021440000000000015
resnet50,0,10,11,0,0.21363636363636362,172.4,0.01775000000000001,272.6,0.01938000000000001
resnet50,0,10,11,0,0.2954545454545454,171.1,0.01754000000000002,271.3,0.01917000000000002
resnet50,0,10,11,0,0.3772727272727272,169.1,0.017400000000000016,269.3,0.019030000000000012
resnet50,0,10,11,0,0.459090909090909,167.1,0.01716000000000002,267.3,0.01879000000000002
resnet50,0,10,11,0,0.5409090909090909,166.0,0.016770000000000018,266.2,0.018400000000000017
resnet50,0,10,11,0,0.6227272727272727,164.0,0.01573000000000001,264.2,0.017360000000000007
resnet50,0,10,11,0,0.7045454545454545,159.3,0.014300000000000012,259.5,0.01593000000000001
resnet50,0,10,11,0,0.7863636363636363,158.3,0.013610000000000021,258.5,0.015240000000000021
resnet50,0,10,11,0,0.868181818181818,156.3,0.013160000000000028,256.5,0.014790000000000025
resnet50,0,10,11,0,0.95,153.6,0.012570000000000015,253.8,0.014200000000000013
resnet50,0.1,10,11,0,0.05,175.5,0.018950000000000033,275.7,0.020580000000000032
resnet50,0.1,10,11,0,0.1318181818181818,174.5,0.01806000000000004,274.7,0.01969000000000004
resnet50,0.1,10,11,0,0.21363636363636362,172.5,0.016530000000000055,272.7,0.018160000000000055
resnet50,0.1,10,11,0,0.2954545454545454,171.5,0.016530000000000055,271.7,0.018160000000000055
resnet50,0.1,10,11,0,0.3772727272727272,168.5,0.01535000000000003,268.7,0.01698000000000003
resnet50,0.1,10,11,0,0.459090909090909,166.5,0.01484000000000003,266.7,0.01647000000000003
resnet50,0.1,10,11,0,0.5409090909090909,148.5,0.01292000000000002,248.7,0.014550000000000018
resnet50,0.1,10,11,0,0.6227272727272727,145.9,0.012840000000000018,246.1,0.014470000000000016
resnet50,0.1,10,11,0,0.7045454545454545,141.4,0.011940000000000017,241.6,0.013570000000000016
resnet50,0.1,10,11,0,0.7863636363636363,140.4,0.011670000000000024,240.6,0.013300000000000024
resnet50,0.1,10,11,0,0.868181818181818,123.6,0.010940000000000016,223.8,0.012570000000000015
resnet50,0.1,10,11,0,0.95,118.0,0.01070000000000001,218.2,0.012330000000000008
resnet50,0.21250000000000002,10,11,0,0.05,185.4,0.020120000000000027,285.6,0.021750000000000026
resnet50,0.21250000000000002,10,11,0,0.1318181818181818,183.0,0.018620000000000036,283.2,0.020250000000000035
resnet50,0.21250000000000002,10,11,0,0.21363636363636362,176.4,0.01708000000000005,276.6,0.01871000000000005
resnet50,0.21250000000000002,10,11,0,0.2954545454545454,175.4,0.01708000000000005,275.6,0.01871000000000005
resnet50,0.21250000000000002,10,11,0,0.3772727272727272,173.3,0.016190000000000027,273.5,0.017820000000000023
resnet50,0.21250000000000002,10,11,0,0.459090909090909,170.4,0.015250000000000019,270.6,0.016880000000000017
resnet50,0.21250000000000002,10,11,0,0.5409090909090909,169.4,0.014780000000000015,269.6,0.016410000000000015
resnet50,0.21250000000000002,10,11,0,0.6227272727272727,142.6,0.011170000000000013,242.8,0.012800000000000011
resnet50,0.21250000000000002,10,11,0,0.7045454545454545,133.5,0.010170000000000012,233.7,0.01180000000000001
resnet50,0.21250000000000002,10,11,0,0.7863636363636363,132.5,0.01010000000000002,232.7,0.011730000000000018
resnet50,0.21250000000000002,10,11,0,0.868181818181818,130.5,0.00960000000000002,230.7,0.011230000000000018
resnet50,0.21250000000000002,10,11,0,0.95,111.3,0.007910000000000018,211.5,0.009540000000000015
resnet50,0.325,10,11,0,0.05,185.9,0.019850000000000013,286.1,0.02148000000000001
resnet50,0.325,10,11,0,0.1318181818181818,184.9,0.01888000000000002,285.1,0.020510000000000018
resnet50,0.325,10,11,0,0.21363636363636362,169.4,0.016620000000000024,269.6,0.018250000000000023
resnet50,0.325,10,11,0,0.2954545454545454,168.4,0.016620000000000024,268.6,0.018250000000000023
resnet50,0.325,10,11,0,0.3772727272727272,166.4,0.016620000000000024,266.6,0.018250000000000023
resnet50,0.325,10,11,0,0.459090909090909,164.4,0.01595000000000001,264.6,0.017580000000000005
resnet50,0.325,10,11,0,0.5409090909090909,163.4,0.015560000000000008,263.6,0.017190000000000004
resnet50,0.325,10,11,0,0.6227272727272727,147.5,0.013030000000000009,247.7,0.014660000000000006
resnet50,0.325,10,11,0,0.7045454545454545,129.5,0.011650000000000016,229.7,0.013280000000000014
resnet50,0.325,10,11,0,0.7863636363636363,128.5,0.011360000000000026,228.7,0.012990000000000024
resnet50,0.325,10,11,0,0.868181818181818,114.9,0.009510000000000041,215.1,0.011140000000000039
resnet50,0.325,10,11,0,0.95,112.9,0.009250000000000036,213.1,0.010880000000000034
resnet50,0.4375,10,11,0,0.05,185.1,0.021110000000000007,285.3,0.022740000000000003
resnet50,0.4375,10,11,0,0.1318181818181818,184.1,0.020540000000000013,284.3,0.022170000000000013
resnet50,0.4375,10,11,0,0.21363636363636362,182.1,0.018230000000000014,282.3,0.01986000000000001
resnet50,0.4375,10,11,0,0.2954545454545454,181.1,0.01806000000000002,281.3,0.01969000000000002
resnet50,0.4375,10,11,0,0.3772727272727272,178.8,0.01767000000000004,279.0,0.01930000000000004
resnet50,0.4375,10,11,0,0.459090909090909,167.0,0.016740000000000033,267.2,0.018370000000000032
resnet50,0.4375,10,11,0,0.5409090909090909,166.0,0.016100000000000024,266.2,0.017730000000000024
resnet50,0.4375,10,11,0,0.6227272727272727,163.4,0.015890000000000036,263.6,0.017520000000000036
resnet50,0.4375,10,11,0,0.7045454545454545,122.7,0.011750000000000016,222.9,0.013380000000000013
resnet50,0.4375,10,11,0,0.7863636363636363,105.5,0.01112000000000003,205.7,0.012750000000000029
resnet50,0.4375,10,11,0,0.868181818181818,92.0,0.009350000000000035,192.2,0.010980000000000035
resnet50,0.4375,10,11,0,0.95,89.4,0.008930000000000026,189.6,0.010560000000000024
resnet50,0.55,10,11,0,0.05,184.2,0.020120000000000016,284.4,0.021750000000000012
resnet50,0.55,10,11,0,0.1318181818181818,183.2,0.018740000000000024,283.4,0.02037000000000002
resnet50,0.55,10,11,0,0.21363636363636362,180.1,0.017920000000000026,280.3,0.019550000000000022
resnet50,0.55,10,11,0,0.2954545454545454,179.1,0.017370000000000017,279.3,0.019000000000000017
resnet50,0.55,10,11,0,0.3772727272727272,177.1,0.016700000000000027,277.3,0.018330000000000023
resnet50,0.55,10,11,0,0.459090909090909,175.1,0.016700000000000027,275.3,0.018330000000000023
resnet50,0.55,10,11,0,0.5409090909090909,173.9,0.01585000000000002,274.1,0.017480000000000016
resnet50,0.55,10,11,0,0.6227272727272727,171.9,0.01582000000000001,272.1,0.01745000000000001
resnet50,0.55,10,11,0,0.7045454545454545,169.9,0.01516000000000003,270.1,0.016790000000000027
resnet50,0.55,10,11,0,0.7863636363636363,168.9,0.014470000000000038,269.1,0.016100000000000038
resnet50,0.55,10,11,0,0.868181818181818,166.9,0.014090000000000037,267.1,0.015720000000000033
resnet50,0.55,10,11,0,0.95,164.8,0.013960000000000038,265.0,0.015590000000000038
resnet50,0.6625,10,11,0,0.05,190.2,0.019820000000000015,290.4,0.021450000000000014
resnet50,0.6625,10,11,0,0.1318181818181818,189.2,0.018850000000000023,289.4,0.02048000000000002
resnet50,0.6625,10,11,0,0.21363636363636362,168.2,0.017240000000000012,268.4,0.01887000000000001
resnet50,0.6625,10,11,0,0.2954545454545454,167.2,0.016870000000000017,267.4,0.018500000000000016
resnet50,0.6625,10,11,0,0.3772727272727272,165.2,0.01683000000000001,265.4,0.01846000000000001
resnet50,0.6625,10,11,0,0.459090909090909,154.0,0.017349999999999997,254.2,0.018979999999999997
resnet50,0.6625,10,11,0,0.5409090909090909,153.1,0.01682,253.3,0.01845
resnet50,0.6625,10,11,0,0.6227272727272727,151.2,0.01682,251.4,0.01845
resnet50,0.6625,10,11,0,0.7045454545454545,149.4,0.01596000000000001,249.6,0.017590000000000005
resnet50,0.6625,10,11,0,0.7863636363636363,148.5,0.015250000000000019,248.7,0.016880000000000017
resnet50,0.6625,10,11,0,0.868181818181818,146.7,0.014690000000000026,246.9,0.016320000000000022
resnet50,0.6625,10,11,0,0.95,139.4,0.013900000000000023,239.6,0.015530000000000021
resnet50,0.775,10,11,0,0.05,175.6,0.020190000000000007,275.8,0.021820000000000006
resnet50,0.775,10,11,0,0.1318181818181818,174.6,0.01930000000000002,274.8,0.020930000000000015
resnet50,0.775,10,11,0,0.21363636363636362,171.6,0.017820000000000023,271.8,0.019450000000000023
resnet50,0.775,10,11,0,0.2954545454545454,169.6,0.01737000000000004,269.8,0.019000000000000038
resnet50,0.775,10,11,0,0.3772727272727272,167.6,0.01646000000000003,267.8,0.01809000000000003
resnet50,0.775,10,11,0,0.459090909090909,165.6,0.015250000000000031,265.8,0.016880000000000027
resnet50,0.775,10,11,0,0.5409090909090909,164.6,0.01486000000000003,264.8,0.016490000000000025
resnet50,0.775,10,11,0,0.6227272727272727,151.9,0.013460000000000027,252.1,0.015090000000000025
resnet50,0.775,10,11,0,0.7045454545454545,149.9,0.01343000000000002,250.1,0.015060000000000018
resnet50,0.775,10,11,0,0.7863636363636363,148.9,0.01343000000000002,249.1,0.015060000000000018
resnet50,0.775,10,11,0,0.868181818181818,146.9,0.01272000000000002,247.1,0.014350000000000019
resnet50,0.775,10,11,0,0.95,138.5,0.012280000000000013,238.7,0.013910000000000011
resnet50,0.8875,10,11,0,0.05,144.3,0.012570000000000036,244.5,0.014200000000000036
resnet50,0.8875,10,11,0,0.1318181818181818,143.3,0.012250000000000039,243.5,0.013880000000000036
resnet50,0.8875,10,11,0,0.21363636363636362,129.6,0.011060000000000037,229.8,0.012690000000000035
resnet50,0.8875,10,11,0,0.2954545454545454,128.6,0.011060000000000037,228.8,0.012690000000000035
resnet50,0.8875,10,11,0,0.3772727272727272,119.9,0.010050000000000036,220.1,0.011680000000000034
resnet50,0.8875,10,11,0,0.459090909090909,117.9,0.009150000000000024,218.1,0.010780000000000022
resnet50,0.8875,10,11,0,0.5409090909090909,116.9,0.009150000000000024,217.1,0.010780000000000022
resnet50,0.8875,10,11,0,0.6227272727272727,111.6,0.008410000000000029,211.8,0.010040000000000026
resnet50,0.8875,10,11,0,0.7045454545454545,109.6,0.008150000000000013,209.8,0.009780000000000011
resnet50,0.8875,10,11,0,0.7863636363636363,108.1,0.008140000000000003,208.3,0.009770000000000001
resnet50,0.8875,10,11,0,0.868181818181818,74.3,0.007250000000000001,174.5,0.008879999999999999
resnet50,0.8875,10,11,0,0.95,72.4,0.007250000000000001,172.6,0.008879999999999999
resnet50,0,10,13,0,0.05,192.0,0.01868000000000004,292.2,0.02031000000000004
resnet50,0,10,13,0,0.1318181818181818,191.0,0.018400000000000038,291.2,0.020030000000000037
resnet50,0,10,13,0,0.21363636363636362,185.9,0.017950000000000032,286.1,0.01958000000000003
resnet50,0,10,13,0,0.2954545454545454,184.9,0.017490000000000006,285.1,0.019120000000000005
resnet50,0,10,13,0,0.3772727272727272,180.7,0.015980000000000015,280.9,0.017610000000000015
resnet50,0,10,13,0,0.459090909090909,178.7,0.01592000000000001,278.9,0.01755000000000001
resnet50,0,10,13,0,0.5409090909090909,175.7,0.01514000000000002,275.9,0.016770000000000018
resnet50,0,10,13,0,0.6227272727272727,173.7,0.014570000000000027,273.9,0.016200000000000027
resnet50,0,10,13,0,0.7045454545454545,156.0,0.012650000000000017,256.2,0.014280000000000015
resnet50,0,10,13,0,0.7863636363636363,155.0,0.012650000000000017,255.2,0.014280000000000015
resnet50,0,10,13,0,0.868181818181818,150.2,0.011970000000000026,250.4,0.013600000000000024
resnet50,0,10,13,0,0.95,140.0,0.01120000000000002,240.2,0.012830000000000018
resnet50,0.1,10,13,0,0.05,188.2,0.019830000000000025,288.4,0.021460000000000024
resnet50,0.1,10,13,0,0.1318181818181818,187.2,0.019370000000000033,287.4,0.02100000000000003
resnet50,0.1,10,13,0,0.21363636363636362,185.2,0.01910000000000004,285.4,0.020730000000000037
resnet50,0.1,10,13,0,0.2954545454545454,184.2,0.01880000000000003,284.4,0.020430000000000025
resnet50,0.1,10,13,0,0.3772727272727272,181.3,0.018220000000000024,281.5,0.019850000000000024
resnet50,0.1,10,13,0,0.459090909090909,171.3,0.016480000000000005,271.5,0.018110000000000005
resnet50,0.1,10,13,0,0.5409090909090909,170.3,0.01645000000000001,270.5,0.018080000000000006
resnet50,0.1,10,13,0,0.6227272727272727,167.7,0.01534000000000001,267.9,0.016970000000000006
resnet50,0.1,10,13,0,0.7045454545454545,165.7,0.013880000000000026,265.9,0.015510000000000024
resnet50,0.1,10,13,0,0.7863636363636363,164.7,0.01374000000000003,264.9,0.015370000000000028
resnet50,0.1,10,13,0,0.868181818181818,162.7,0.013590000000000036,262.9,0.015220000000000034
resnet50,0.1,10,13,0,0.95,144.9,0.011880000000000035,245.1,0.013510000000000032
resnet50,0.21250000000000002,10,13,0,0.05,189.3,0.01818000000000004,289.5,0.01981000000000004
resnet50,0.21250000000000002,10,13,0,0.1318181818181818,188.2,0.017930000000000047,288.4,0.019560000000000043
resnet50,0.21250000000000002,10,13,0,0.21363636363636362,174.7,0.01618000000000005,274.9,0.017810000000000048
resnet50,0.21250000000000002,10,13,0,0.2954545454545454,173.7,0.01588000000000004,273.9,0.017510000000000036
resnet50,0.21250000000000002,10,13,0,0.3772727272727272,168.0,0.014650000000000007,268.2,0.016280000000000006
resnet50,0.21250000000000002,10,13,0,0.459090909090909,158.0,0.013630000000000008,258.2,0.015260000000000006
resnet50,0.21250000000000002,10,13,0,0.5409090909090909,157.0,0.013550000000000006,257.2,0.015180000000000004
resnet50,0.21250000000000002,10,13,0,0.6227272727272727,154.4,0.012980000000000014,254.6,0.014610000000000012
resnet50,0.21250000000000002,10,13,0,0.7045454545454545,152.4,0.011870000000000025,252.6,0.013500000000000022
resnet50,0.21250000000000002,10,13,0,0.7863636363636363,151.4,0.011870000000000025,251.6,0.013500000000000022
resnet50,0.21250000000000002,10,13,0,0.868181818181818,149.4,0.011580000000000035,249.6,0.013210000000000032
resnet50,0.21250000000000002,10,13,0,0.95,139.1,0.01051000000000003,239.3,0.01214000000000003
resnet50,0.325,10,13,0,0.05,178.3,0.017040000000000045,278.5,0.01867000000000004
resnet50,0.325,10,13,0,0.1318181818181818,176.5,0.016790000000000048,276.7,0.018420000000000047
resnet50,0.325,10,13,0,0.21363636363636362,174.5,0.016650000000000043,274.7,0.01828000000000004
resnet50,0.325,10,13,0,0.2954545454545454,170.8,0.01607000000000003,271.0,0.017700000000000028
resnet50,0.325,10,13,0,0.3772727272727272,168.6,0.014880000000000015,268.8,0.016510000000000014
resnet50,0.325,10,13,0,0.459090909090909,155.7,0.01321000000000001,255.9,0.01484000000000001
resnet50,0.325,10,13,0,0.5409090909090909,154.7,0.013130000000000008,254.9,0.014760000000000006
resnet50,0.325,10,13,0,0.6227272727272727,152.7,0.012340000000000018,252.9,0.013970000000000015
resnet50,0.325,10,13,0,0.7045454545454545,150.1,0.011750000000000049,250.3,0.013380000000000048
resnet50,0.325,10,13,0,0.7863636363636363,149.1,0.011320000000000042,249.3,0.01295000000000004
resnet50,0.325,10,13,0,0.868181818181818,145.9,0.01053000000000004,246.1,0.012160000000000037
resnet50,0.325,10,13,0,0.95,130.6,0.009400000000000042,230.8,0.01103000000000004
resnet50,0.4375,10,13,0,0.05,185.0,0.01758000000000005,285.2,0.01921000000000005
resnet50,0.4375,10,13,0,0.1318181818181818,183.9,0.01758000000000005,284.1,0.01921000000000005
resnet50,0.4375,10,13,0,0.21363636363636362,181.0,0.016840000000000032,281.2,0.01847000000000003
resnet50,0.4375,10,13,0,0.2954545454545454,176.7,0.01534000000000003,276.9,0.01697000000000003
resnet50,0.4375,10,13,0,0.3772727272727272,159.0,0.014490000000000025,259.2,0.016120000000000023
resnet50,0.4375,10,13,0,0.459090909090909,142.4,0.013530000000000032,242.6,0.01516000000000003
resnet50,0.4375,10,13,0,0.5409090909090909,141.4,0.012880000000000036,241.6,0.014510000000000033
resnet50,0.4375,10,13,0,0.6227272727272727,137.8,0.012260000000000038,238.0,0.013890000000000036
resnet50,0.4375,10,13,0,0.7045454545454545,133.5,0.011980000000000046,233.7,0.013610000000000044
resnet50,0.4375,10,13,0,0.7863636363636363,131.7,0.011620000000000042,231.9,0.01325000000000004
resnet50,0.4375,10,13,0,0.868181818181818,128.6,0.010780000000000034,228.8,0.012410000000000032
resnet50,0.4375,10,13,0,0.95,120.5,0.009150000000000014,220.7,0.010780000000000012
resnet50,0.55,10,13,0,0.05,189.6,0.019020000000000058,289.8,0.020650000000000057
resnet50,0.55,10,13,0,0.1318181818181818,188.6,0.019020000000000058,288.8,0.020650000000000057
resnet50,0.55,10,13,0,0.21363636363636362,185.6,0.018130000000000035,285.8,0.019760000000000034
resnet50,0.55,10,13,0,0.2954545454545454,184.6,0.01759000000000004,284.8,0.019220000000000036
resnet50,0.55,10,13,0,0.3772727272727272,168.8,0.016620000000000034,269.0,0.018250000000000034
resnet50,0.55,10,13,0,0.459090909090909,166.8,0.015090000000000025,267.0,0.016720000000000023
resnet50,0.55,10,13,0,0.5409090909090909,165.8,0.015060000000000018,266.0,0.016690000000000017
resnet50,0.55,10,13,0,0.6227272727272727,163.4,0.014660000000000029,263.6,0.016290000000000027
resnet50,0.55,10,13,0,0.7045454545454545,146.2,0.01426000000000004,246.4,0.015890000000000036
resnet50,0.55,10,13,0,0.7863636363636363,145.3,0.013900000000000034,245.5,0.015530000000000033
resnet50,0.55,10,13,0,0.868181818181818,143.5,0.013290000000000024,243.7,0.014920000000000022
resnet50,0.55,10,13,0,0.95,107.0,0.008660000000000001,207.2,0.010289999999999999
resnet50,0.6625,10,13,0,0.05,183.4,0.017840000000000043,283.6,0.019470000000000043
resnet50,0.6625,10,13,0,0.1318181818181818,182.4,0.01759000000000005,282.6,0.01922000000000005
resnet50,0.6625,10,13,0,0.21363636363636362,177.2,0.016900000000000016,277.4,0.018530000000000012
resnet50,0.6625,10,13,0,0.2954545454545454,170.1,0.015770000000000017,270.3,0.017400000000000016
resnet50,0.6625,10,13,0,0.3772727272727272,166.0,0.015690000000000027,266.2,0.017320000000000023
resnet50,0.6625,10,13,0,0.459090909090909,159.7,0.01394000000000003,259.9,0.015570000000000028
resnet50,0.6625,10,13,0,0.5409090909090909,158.7,0.01394000000000003,258.9,0.015570000000000028
resnet50,0.6625,10,13,0,0.6227272727272727,156.7,0.013830000000000032,256.9,0.01546000000000003
resnet50,0.6625,10,13,0,0.7045454545454545,123.6,0.012170000000000037,223.8,0.013800000000000034
resnet50,0.6625,10,13,0,0.7863636363636363,120.2,0.01153000000000003,220.4,0.013160000000000028
resnet50,0.6625,10,13,0,0.868181818181818,118.4,0.01131000000000002,218.6,0.012940000000000017
resnet50,0.6625,10,13,0,0.95,105.8,0.009130000000000027,206.0,0.010760000000000025
resnet50,0.775,10,13,0,0.05,170.1,0.015720000000000022,270.3,0.01735000000000002
resnet50,0.775,10,13,0,0.1318181818181818,169.1,0.015420000000000034,269.3,0.01705000000000003
resnet50,0.775,10,13,0,0.21363636363636362,167.1,0.01536000000000003,267.3,0.016990000000000026
resnet50,0.775,10,13,0,0.2954545454545454,166.1,0.014630000000000021,266.3,0.016260000000000017
resnet50,0.775,10,13,0,0.3772727272727272,164.0,0.01433000000000002,264.2,0.01596000000000002
resnet50,0.775,10,13,0,0.459090909090909,162.0,0.013340000000000019,262.2,0.014970000000000016
resnet50,0.775,10,13,0,0.5409090909090909,150.6,0.012590000000000013,250.8,0.01422000000000001
resnet50,0.775,10,13,0,0.6227272727272727,146.5,0.012160000000000015,246.7,0.013790000000000014
resnet50,0.775,10,13,0,0.7045454545454545,121.1,0.011150000000000026,221.3,0.012780000000000024
resnet50,0.775,10,13,0,0.7863636363636363,117.7,0.01051000000000002,217.9,0.012140000000000017
resnet50,0.775,10,13,0,0.868181818181818,113.6,0.010040000000000016,213.8,0.011670000000000014
resnet50,0.775,10,13,0,0.95,107.6,0.009210000000000006,207.8,0.010840000000000006
resnet50,0.8875,10,13,0,0.05,163.7,0.013970000000000038,263.9,0.015600000000000036
resnet50,0.8875,10,13,0,0.1318181818181818,162.3,0.013920000000000043,262.5,0.015550000000000041
resnet50,0.8875,10,13,0,0.21363636363636362,159.8,0.013590000000000036,260.0,0.015220000000000034
resnet50,0.8875,10,13,0,0.2954545454545454,158.2,0.012860000000000028,258.4,0.014490000000000025
resnet50,0.8875,10,13,0,0.3772727272727272,156.2,0.012420000000000032,256.4,0.01405000000000003
resnet50,0.8875,10,13,0,0.459090909090909,154.2,0.011810000000000032,254.4,0.01344000000000003
resnet50,0.8875,10,13,0,0.5409090909090909,152.2,0.011360000000000037,252.4,0.012990000000000035
resnet50,0.8875,10,13,0,0.6227272727272727,136.5,0.010370000000000013,236.7,0.01200000000000001
resnet50,0.8875,10,13,0,0.7045454545454545,130.9,0.00987,231.1,0.0115
resnet50,0.8875,10,13,0,0.7863636363636363,129.4,0.009849999999999992,229.6,0.01147999999999999
resnet50,0.8875,10,13,0,0.868181818181818,120.7,0.009110000000000017,220.9,0.010740000000000017
resnet50,0.8875,10,13,0,0.95,97.7,0.009150000000000024,197.9,0.010780000000000022
resnet50,0,10,15,0,0.05,176.4,0.017500000000000026,276.6,0.019130000000000025
resnet50,0,10,15,0,0.1318181818181818,175.4,0.017500000000000026,275.6,0.019130000000000025
resnet50,0,10,15,0,0.21363636363636362,173.4,0.016650000000000033,273.6,0.01828000000000003
resnet50,0,10,15,0,0.2954545454545454,172.4,0.01646000000000002,272.6,0.018090000000000016
resnet50,0,10,15,0,0.3772727272727272,170.4,0.01543000000000001,270.6,0.01706000000000001
resnet50,0,10,15,0,0.459090909090909,168.4,0.014860000000000017,268.6,0.016490000000000015
resnet50,0,10,15,0,0.5409090909090909,167.0,0.014400000000000034,267.2,0.016030000000000034
resnet50,0,10,15,0,0.6227272727272727,164.3,0.014270000000000027,264.5,0.015900000000000025
resnet50,0,10,15,0,0.7045454545454545,156.6,0.013510000000000045,256.8,0.015140000000000042
resnet50,0,10,15,0,0.7863636363636363,155.6,0.013510000000000045,255.8,0.015140000000000042
resnet50,0,10,15,0,0.868181818181818,142.2,0.012060000000000015,242.4,0.013690000000000013
resnet50,0,10,15,0,0.95,87.1,0.009009999999999995,187.3,0.010639999999999993
resnet50,0.1,10,15,0,0.05,175.0,0.017290000000000028,275.2,0.018920000000000027
resnet50,0.1,10,15,0,0.1318181818181818,174.0,0.017290000000000028,274.2,0.018920000000000027
resnet50,0.1,10,15,0,0.21363636363636362,172.0,0.01644000000000003,272.2,0.01807000000000003
resnet50,0.1,10,15,0,0.2954545454545454,171.0,0.01625000000000002,271.2,0.017880000000000017
resnet50,0.1,10,15,0,0.3772727272727272,169.0,0.015220000000000011,269.2,0.01685000000000001
resnet50,0.1,10,15,0,0.459090909090909,161.0,0.014050000000000017,261.2,0.015680000000000017
resnet50,0.1,10,15,0,0.5409090909090909,160.0,0.013830000000000032,260.2,0.01546000000000003
resnet50,0.1,10,15,0,0.6227272727272727,158.0,0.013830000000000032,258.2,0.01546000000000003
resnet50,0.1,10,15,0,0.7045454545454545,156.0,0.013510000000000045,256.2,0.015140000000000042
resnet50,0.1,10,15,0,0.7863636363636363,155.0,0.013510000000000045,255.2,0.015140000000000042
resnet50,0.1,10,15,0,0.868181818181818,138.8,0.011280000000000012,239.0,0.01291000000000001
resnet50,0.1,10,15,0,0.95,96.0,0.009239999999999993,196.2,0.01086999999999999
resnet50,0.21250000000000002,10,15,0,0.05,175.0,0.015270000000000039,275.2,0.016900000000000037
resnet50,0.21250000000000002,10,15,0,0.1318181818181818,174.0,0.015270000000000039,274.2,0.016900000000000037
resnet50,0.21250000000000002,10,15,0,0.21363636363636362,172.0,0.01505000000000004,272.2,0.01668000000000004
resnet50,0.21250000000000002,10,15,0,0.2954545454545454,162.2,0.014270000000000027,262.4,0.015900000000000025
resnet50,0.21250000000000002,10,15,0,0.3772727272727272,160.2,0.013770000000000015,260.4,0.015400000000000014
resnet50,0.21250000000000002,10,15,0,0.459090909090909,157.9,0.013280000000000014,258.1,0.014910000000000012
resnet50,0.21250000000000002,10,15,0,0.5409090909090909,156.9,0.012840000000000028,257.1,0.014470000000000028
resnet50,0.21250000000000002,10,15,0,0.6227272727272727,150.6,0.012050000000000028,250.8,0.013680000000000025
resnet50,0.21250000000000002,10,15,0,0.7045454545454545,148.6,0.011580000000000045,248.8,0.013210000000000045
resnet50,0.21250000000000002,10,15,0,0.7863636363636363,147.6,0.011580000000000045,247.8,0.013210000000000045
resnet50,0.21250000000000002,10,15,0,0.868181818181818,131.2,0.010300000000000009,231.4,0.011930000000000007
resnet50,0.21250000000000002,10,15,0,0.95,128.5,0.009899999999999997,228.7,0.011529999999999995
resnet50,0.325,10,15,0,0.05,176.7,0.015910000000000035,276.9,0.017540000000000035
resnet50,0.325,10,15,0,0.1318181818181818,174.5,0.015720000000000046,274.7,0.017350000000000042
resnet50,0.325,10,15,0,0.21363636363636362,172.5,0.015610000000000035,272.7,0.017240000000000033
resnet50,0.325,10,15,0,0.2954545454545454,171.5,0.01485000000000004,271.7,0.01648000000000004
resnet50,0.325,10,15,0,0.3772727272727272,165.8,0.013410000000000033,266.0,0.01504000000000003
resnet50,0.325,10,15,0,0.459090909090909,163.4,0.013410000000000033,263.6,0.01504000000000003
resnet50,0.325,10,15,0,0.5409090909090909,162.4,0.012920000000000043,262.6,0.01455000000000004
resnet50,0.325,10,15,0,0.6227272727272727,156.2,0.012240000000000029,256.4,0.013870000000000026
resnet50,0.325,10,15,0,0.7045454545454545,154.2,0.01201000000000002,254.4,0.013640000000000018
resnet50,0.325,10,15,0,0.7863636363636363,144.3,0.010730000000000028,244.5,0.012360000000000027
resnet50,0.325,10,15,0,0.868181818181818,142.1,0.01022000000000004,242.3,0.011850000000000038
resnet50,0.325,10,15,0,0.95,110.2,0.008100000000000041,210.4,0.009730000000000039
resnet50,0.4375,10,15,0,0.05,171.5,0.015020000000000033,271.7,0.016650000000000033
resnet50,0.4375,10,15,0,0.1318181818181818,169.6,0.014920000000000034,269.8,0.01655000000000003
resnet50,0.4375,10,15,0,0.21363636363636362,167.6,0.014510000000000045,267.8,0.016140000000000043
resnet50,0.4375,10,15,0,0.2954545454545454,166.6,0.014510000000000045,266.8,0.016140000000000043
resnet50,0.4375,10,15,0,0.3772727272727272,164.6,0.013820000000000032,264.8,0.01545000000000003
resnet50,0.4375,10,15,0,0.459090909090909,158.8,0.012920000000000043,259.0,0.01455000000000004
resnet50,0.4375,10,15,0,0.5409090909090909,157.8,0.012500000000000044,258.0,0.014130000000000042
resnet50,0.4375,10,15,0,0.6227272727272727,143.2,0.010100000000000043,243.4,0.01173000000000004
resnet50,0.4375,10,15,0,0.7045454545454545,141.0,0.010080000000000044,241.2,0.011710000000000043
resnet50,0.4375,10,15,0,0.7863636363636363,140.0,0.009810000000000051,240.2,0.01144000000000005
resnet50,0.4375,10,15,0,0.868181818181818,138.0,0.009750000000000047,238.2,0.011380000000000046
resnet50,0.4375,10,15,0,0.95,113.3,0.00831000000000004,213.5,0.009940000000000037
resnet50,0.55,10,15,0,0.05,180.7,0.01753000000000001,280.9,0.01916000000000001
resnet50,0.55,10,15,0,0.1318181818181818,179.7,0.01753000000000001,279.9,0.01916000000000001
resnet50,0.55,10,15,0,0.21363636363636362,177.7,0.016830000000000022,277.9,0.01846000000000002
resnet50,0.55,10,15,0,0.2954545454545454,176.7,0.016830000000000022,276.9,0.01846000000000002
resnet50,0.55,10,15,0,0.3772727272727272,173.8,0.015880000000000016,274.0,0.017510000000000015
resnet50,0.55,10,15,0,0.459090909090909,171.8,0.015800000000000026,272.0,0.017430000000000022
resnet50,0.55,10,15,0,0.5409090909090909,170.8,0.015180000000000027,271.0,0.016810000000000026
resnet50,0.55,10,15,0,0.6227272727272727,149.9,0.012890000000000023,250.1,0.014520000000000022
resnet50,0.55,10,15,0,0.7045454545454545,147.4,0.01234000000000004,247.6,0.013970000000000038
resnet50,0.55,10,15,0,0.7863636363636363,146.4,0.011980000000000036,246.6,0.013610000000000034
resnet50,0.55,10,15,0,0.868181818181818,144.4,0.011850000000000038,244.6,0.013480000000000037
resnet50,0.55,10,15,0,0.95,111.7,0.01072000000000003,211.9,0.012350000000000028
resnet50,0.6625,10,15,0,0.05,185.4,0.01756000000000001,285.6,0.019190000000000006
resnet50,0.6625,10,15,0,0.1318181818181818,175.7,0.016820000000000022,275.9,0.018450000000000022
resnet50,0.6625,10,15,0,0.21363636363636362,173.7,0.016170000000000028,273.9,0.017800000000000028
resnet50,0.6625,10,15,0,0.2954545454545454,171.8,0.016020000000000034,272.0,0.017650000000000034
resnet50,0.6625,10,15,0,0.3772727272727272,169.0,0.01547000000000004,269.2,0.01710000000000004
resnet50,0.6625,10,15,0,0.459090909090909,167.0,0.015390000000000048,267.2,0.017020000000000046
resnet50,0.6625,10,15,0,0.5409090909090909,166.0,0.014630000000000042,266.2,0.016260000000000042
resnet50,0.6625,10,15,0,0.6227272727272727,156.0,0.013190000000000035,256.2,0.014820000000000033
resnet50,0.6625,10,15,0,0.7045454545454545,141.8,0.011960000000000037,242.0,0.013590000000000036
resnet50,0.6625,10,15,0,0.7863636363636363,140.8,0.011850000000000038,241.0,0.013480000000000037
resnet50,0.6625,10,15,0,0.868181818181818,123.6,0.01060000000000002,223.8,0.012230000000000019
resnet50,0.6625,10,15,0,0.95,121.6,0.00989000000000002,221.8,0.01152000000000002
resnet50,0.775,10,15,0,0.05,173.3,0.015540000000000009,273.5,0.017170000000000008
resnet50,0.775,10,15,0,0.1318181818181818,158.2,0.014310000000000022,258.4,0.01594000000000002
resnet50,0.775,10,15,0,0.21363636363636362,156.2,0.01354000000000003,256.4,0.015170000000000027
resnet50,0.775,10,15,0,0.2954545454545454,154.0,0.012570000000000026,254.2,0.014200000000000023
resnet50,0.775,10,15,0,0.3772727272727272,152.0,0.012550000000000028,252.2,0.014180000000000026
resnet50,0.775,10,15,0,0.459090909090909,149.5,0.012110000000000032,249.7,0.01374000000000003
resnet50,0.775,10,15,0,0.5409090909090909,134.5,0.011000000000000032,234.7,0.01263000000000003
resnet50,0.775,10,15,0,0.6227272727272727,126.7,0.010260000000000024,226.9,0.011890000000000022
resnet50,0.775,10,15,0,0.7045454545454545,117.0,0.009470000000000024,217.2,0.011100000000000021
resnet50,0.775,10,15,0,0.7863636363636363,116.0,0.009200000000000019,216.2,0.010830000000000017
resnet50,0.775,10,15,0,0.868181818181818,113.2,0.009160000000000024,213.4,0.010790000000000022
resnet50,0.775,10,15,0,0.95,110.5,0.008830000000000015,210.7,0.010460000000000014
resnet50,0.8875,10,15,0,0.05,128.2,0.008080000000000032,228.4,0.00971000000000003
resnet50,0.8875,10,15,0,0.1318181818181818,127.2,0.007870000000000021,227.4,0.009500000000000019
resnet50,0.8875,10,15,0,0.21363636363636362,125.2,0.007870000000000021,225.4,0.009500000000000019
resnet50,0.8875,10,15,0,0.2954545454545454,124.0,0.007310000000000016,224.2,0.008940000000000014
resnet50,0.8875,10,15,0,0.3772727272727272,122.0,0.007200000000000017,222.2,0.008830000000000015
resnet50,0.8875,10,15,0,0.459090909090909,120.0,0.007160000000000011,220.2,0.00879000000000001
resnet50,0.8875,10,15,0,0.5409090909090909,111.6,0.005940000000000012,211.8,0.00757000000000001
resnet50,0.8875,10,15,0,0.6227272727272727,109.6,0.005850000000000011,209.8,0.007480000000000009
resnet50,0.8875,10,15,0,0.7045454545454545,107.6,0.005850000000000011,207.8,0.007480000000000009
resnet50,0.8875,10,15,0,0.7863636363636363,92.3,0.00534,192.5,0.006969999999999999
resnet50,0.8875,10,15,0,0.868181818181818,63.4,0.0035399999999999876,163.6,0.005169999999999985
resnet50,0.8875,10,15,0,0.95,59.1,0.0033599999999999962,159.3,0.0049899999999999944
resnet50,0,10,17,0,0.05,158.1,0.012870000000000026,258.3,0.014500000000000023
resnet50,0,10,17,0,0.1318181818181818,157.1,0.012760000000000016,257.3,0.014390000000000014
resnet50,0,10,17,0,0.21363636363636362,155.1,0.01201000000000002,255.3,0.013640000000000018
resnet50,0,10,17,0,0.2954545454545454,154.1,0.011820000000000008,254.3,0.013450000000000007
resnet50,0,10,17,0,0.3772727272727272,149.7,0.011440000000000016,249.9,0.013070000000000016
resnet50,0,10,17,0,0.459090909090909,147.7,0.010620000000000029,247.9,0.012250000000000028
resnet50,0,10,17,0,0.5409090909090909,133.1,0.00962000000000004,233.3,0.011250000000000038
resnet50,0,10,17,0,0.6227272727272727,128.0,0.009270000000000023,228.2,0.01090000000000002
resnet50,0,10,17,0,0.7045454545454545,126.0,0.009010000000000008,226.2,0.010640000000000005
resnet50,0,10,17,0,0.7863636363636363,125.0,0.008900000000000009,225.2,0.010530000000000006
resnet50,0,10,17,0,0.868181818181818,111.1,0.00727000000000001,211.3,0.008900000000000009
resnet50,0,10,17,0,0.95,89.9,0.006340000000000001,190.1,0.00797
resnet50,0.1,10,17,0,0.05,155.5,0.012280000000000024,255.7,0.013910000000000023
resnet50,0.1,10,17,0,0.1318181818181818,154.5,0.012170000000000014,254.7,0.013800000000000012
resnet50,0.1,10,17,0,0.21363636363636362,152.5,0.011660000000000014,252.7,0.013290000000000014
resnet50,0.1,10,17,0,0.2954545454545454,151.5,0.011470000000000003,251.7,0.0131
resnet50,0.1,10,17,0,0.3772727272727272,147.0,0.011090000000000011,247.2,0.012720000000000009
resnet50,0.1,10,17,0,0.459090909090909,130.9,0.009270000000000023,231.1,0.01090000000000002
resnet50,0.1,10,17,0,0.5409090909090909,126.8,0.009250000000000036,227.0,0.010880000000000034
resnet50,0.1,10,17,0,0.6227272727272727,124.8,0.009030000000000028,225.0,0.010660000000000025
resnet50,0.1,10,17,0,0.7045454545454545,122.8,0.008110000000000006,223.0,0.009740000000000004
resnet50,0.1,10,17,0,0.7863636363636363,121.8,0.008110000000000006,222.0,0.009740000000000004
resnet50,0.1,10,17,0,0.868181818181818,108.4,0.006480000000000008,208.6,0.008110000000000006
resnet50,0.1,10,17,0,0.95,106.4,0.006480000000000008,206.6,0.008110000000000006
resnet50,0.21250000000000002,10,17,0,0.05,170.3,0.01506000000000004,270.5,0.016690000000000038
resnet50,0.21250000000000002,10,17,0,0.1318181818181818,169.3,0.01495000000000003,269.5,0.01658000000000003
resnet50,0.21250000000000002,10,17,0,0.21363636363636362,133.9,0.01092000000000003,234.1,0.012550000000000028
resnet50,0.21250000000000002,10,17,0,0.2954545454545454,132.5,0.010730000000000017,232.7,0.012360000000000015
resnet50,0.21250000000000002,10,17,0,0.3772727272727272,130.1,0.010670000000000013,230.3,0.01230000000000001
resnet50,0.21250000000000002,10,17,0,0.459090909090909,128.1,0.009680000000000012,228.3,0.01131000000000001
resnet50,0.21250000000000002,10,17,0,0.5409090909090909,127.1,0.009660000000000024,227.3,0.011290000000000022
resnet50,0.21250000000000002,10,17,0,0.6227272727272727,125.1,0.009450000000000014,225.3,0.011080000000000012
resnet50,0.21250000000000002,10,17,0,0.7045454545454545,123.1,0.009179999999999989,223.3,0.010809999999999986
resnet50,0.21250000000000002,10,17,0,0.7863636363636363,122.1,0.009179999999999989,222.3,0.010809999999999986
resnet50,0.21250000000000002,10,17,0,0.868181818181818,92.2,0.007789999999999986,192.4,0.009419999999999984
resnet50,0.21250000000000002,10,17,0,0.95,90.4,0.007789999999999986,190.6,0.009419999999999984
resnet50,0.325,10,17,0,0.05,175.2,0.014350000000000019,275.4,0.015980000000000015
resnet50,0.325,10,17,0,0.1318181818181818,174.2,0.014350000000000019,274.4,0.015980000000000015
resnet50,0.325,10,17,0,0.21363636363636362,161.2,0.011950000000000016,261.4,0.013580000000000014
resnet50,0.325,10,17,0,0.2954545454545454,160.2,0.011950000000000016,260.4,0.013580000000000014
resnet50,0.325,10,17,0,0.3772727272727272,140.8,0.010220000000000007,241.0,0.011850000000000005
resnet50,0.325,10,17,0,0.459090909090909,138.8,0.009410000000000019,239.0,0.011040000000000017
resnet50,0.325,10,17,0,0.5409090909090909,131.2,0.00910000000000002,231.4,0.010730000000000017
resnet50,0.325,10,17,0,0.6227272727272727,129.2,0.008970000000000011,229.4,0.010600000000000009
resnet50,0.325,10,17,0,0.7045454545454545,127.2,0.00865999999999999,227.4,0.010289999999999988
resnet50,0.325,10,17,0,0.7863636363636363,106.8,0.007139999999999991,207.0,0.00876999999999999
resnet50,0.325,10,17,0,0.868181818181818,60.4,0.004239999999999999,160.6,0.005869999999999998
resnet50,0.325,10,17,0,0.95,55.7,0.0041900000000000045,155.9,0.005820000000000003
resnet50,0.4375,10,17,0,0.05,159.0,0.015220000000000001,259.2,0.016849999999999997
resnet50,0.4375,10,17,0,0.1318181818181818,158.0,0.014729999999999998,258.2,0.016359999999999996
resnet50,0.4375,10,17,0,0.21363636363636362,155.5,0.01401,255.7,0.015639999999999998
resnet50,0.4375,10,17,0,0.2954545454545454,148.2,0.012680000000000014,248.4,0.014310000000000012
resnet50,0.4375,10,17,0,0.3772727272727272,145.6,0.01243000000000003,245.8,0.014060000000000027
resnet50,0.4375,10,17,0,0.459090909090909,143.6,0.011560000000000037,243.8,0.013190000000000035
resnet50,0.4375,10,17,0,0.5409090909090909,142.6,0.011080000000000024,242.8,0.012710000000000022
resnet50,0.4375,10,17,0,0.6227272727272727,113.6,0.00877000000000001,213.8,0.01040000000000001
resnet50,0.4375,10,17,0,0.7045454545454545,111.6,0.008760000000000013,211.8,0.01039000000000001
resnet50,0.4375,10,17,0,0.7863636363636363,97.8,0.008910000000000019,198.0,0.010540000000000016
resnet50,0.4375,10,17,0,0.868181818181818,89.3,0.009200000000000031,189.5,0.010830000000000029
resnet50,0.4375,10,17,0,0.95,62.7,0.007940000000000036,162.9,0.009570000000000033
resnet50,0.55,10,17,0,0.05,174.3,0.016130000000000012,274.5,0.01776000000000001
resnet50,0.55,10,17,0,0.1318181818181818,173.3,0.01606000000000002,273.5,0.017690000000000018
resnet50,0.55,10,17,0,0.21363636363636362,171.3,0.014810000000000012,271.5,0.01644000000000001
resnet50,0.55,10,17,0,0.2954545454545454,166.7,0.01456000000000004,266.9,0.016190000000000038
resnet50,0.55,10,17,0,0.3772727272727272,163.6,0.013600000000000034,263.8,0.015230000000000032
resnet50,0.55,10,17,0,0.459090909090909,153.8,0.01254000000000004,254.0,0.014170000000000038
resnet50,0.55,10,17,0,0.5409090909090909,148.6,0.012040000000000028,248.8,0.013670000000000026
resnet50,0.55,10,17,0,0.6227272727272727,127.0,0.010620000000000008,227.2,0.012250000000000006
resnet50,0.55,10,17,0,0.7045454545454545,114.1,0.00979000000000001,214.3,0.011420000000000008
resnet50,0.55,10,17,0,0.7863636363636363,101.4,0.00867,201.6,0.010299999999999998
resnet50,0.55,10,17,0,0.868181818181818,99.2,0.008650000000000014,199.4,0.010280000000000011
resnet50,0.55,10,17,0,0.95,95.5,0.008450000000000023,195.7,0.010080000000000023
resnet50,0.6625,10,17,0,0.05,153.7,0.011150000000000016,253.9,0.012780000000000014
resnet50,0.6625,10,17,0,0.1318181818181818,152.7,0.011150000000000016,252.9,0.012780000000000014
resnet50,0.6625,10,17,0,0.21363636363636362,147.4,0.010780000000000001,247.6,0.01241
resnet50,0.6625,10,17,0,0.2954545454545454,137.1,0.010160000000000025,237.3,0.011790000000000023
resnet50,0.6625,10,17,0,0.3772727272727272,134.7,0.009530000000000028,234.9,0.011160000000000026
resnet50,0.6625,10,17,0,0.459090909090909,132.7,0.008640000000000026,232.9,0.010270000000000024
resnet50,0.6625,10,17,0,0.5409090909090909,131.7,0.008640000000000026,231.9,0.010270000000000024
resnet50,0.6625,10,17,0,0.6227272727272727,129.7,0.008600000000000019,229.9,0.010230000000000017
resnet50,0.6625,10,17,0,0.7045454545454545,117.4,0.008080000000000021,217.6,0.009710000000000019
resnet50,0.6625,10,17,0,0.7863636363636363,116.0,0.007830000000000026,216.2,0.009460000000000024
resnet50,0.6625,10,17,0,0.868181818181818,88.7,0.005650000000000021,188.9,0.00728000000000002
resnet50,0.6625,10,17,0,0.95,68.0,0.0045400000000000214,168.2,0.00617000000000002
resnet50,0.775,10,17,0,0.05,163.2,0.013119999999999998,263.4,0.014749999999999996
resnet50,0.775,10,17,0,0.1318181818181818,161.6,0.012780000000000014,261.8,0.014410000000000011
resnet50,0.775,10,17,0,0.21363636363636362,159.6,0.012230000000000019,259.8,0.013860000000000016
resnet50,0.775,10,17,0,0.2954545454545454,158.6,0.012170000000000037,258.8,0.013800000000000034
resnet50,0.775,10,17,0,0.3772727272727272,156.2,0.01171000000000002,256.4,0.013340000000000019
resnet50,0.775,10,17,0,0.459090909090909,154.2,0.010660000000000025,254.4,0.012290000000000023
resnet50,0.775,10,17,0,0.5409090909090909,121.7,0.009330000000000005,221.9,0.010960000000000003
resnet50,0.775,10,17,0,0.6227272727272727,88.5,0.0069900000000000075,188.7,0.008620000000000006
resnet50,0.775,10,17,0,0.7045454545454545,83.0,0.0066099999999999935,183.2,0.008239999999999992
resnet50,0.775,10,17,0,0.7863636363636363,65.6,0.005779999999999996,165.8,0.007409999999999995
resnet50,0.775,10,17,0,0.868181818181818,56.4,0.004759999999999998,156.6,0.0063899999999999955
resnet50,0.775,10,17,0,0.95,48.7,0.0045699999999999855,148.9,0.006199999999999983
resnet50,0.8875,10,17,0,0.05,138.2,0.010520000000000019,238.4,0.012150000000000017
resnet50,0.8875,10,17,0,0.1318181818181818,137.2,0.010520000000000019,237.4,0.012150000000000017
resnet50,0.8875,10,17,0,0.21363636363636362,135.2,0.009660000000000024,235.4,0.011290000000000022
resnet50,0.8875,10,17,0,0.2954545454545454,134.2,0.009650000000000025,234.4,0.011280000000000023
resnet50,0.8875,10,17,0,0.3772727272727272,132.2,0.009550000000000025,232.4,0.011180000000000023
resnet50,0.8875,10,17,0,0.459090909090909,117.4,0.007370000000000021,217.6,0.009000000000000018
resnet50,0.8875,10,17,0,0.5409090909090909,116.4,0.007370000000000021,216.6,0.009000000000000018
resnet50,0.8875,10,17,0,0.6227272727272727,114.4,0.007370000000000021,214.6,0.009000000000000018
resnet50,0.8875,10,17,0,0.7045454545454545,105.9,0.006670000000000009,206.1,0.008300000000000007
resnet50,0.8875,10,17,0,0.7863636363636363,89.4,0.005710000000000015,189.6,0.007340000000000013
resnet50,0.8875,10,17,0,0.868181818181818,87.3,0.005600000000000016,187.5,0.007230000000000014
resnet50,0.8875,10,17,0,0.95,85.3,0.005510000000000015,185.5,0.007140000000000013
resnet50,0,10,19,0,0.05,142.2,0.011250000000000015,242.4,0.012880000000000013
resnet50,0,10,19,0,0.1318181818181818,141.2,0.01082000000000003,241.4,0.012450000000000027
resnet50,0,10,19,0,0.21363636363636362,139.2,0.01041000000000002,239.4,0.012040000000000018
resnet50,0,10,19,0,0.2954545454545454,137.8,0.01008,238.0,0.011709999999999998
resnet50,0,10,19,0,0.3772727272727272,135.8,0.01008,236.0,0.011709999999999998
resnet50,0,10,19,0,0.459090909090909,129.9,0.009420000000000017,230.1,0.011050000000000015
resnet50,0,10,19,0,0.5409090909090909,96.4,0.008330000000000037,196.6,0.009960000000000035
resnet50,0,10,19,0,0.6227272727272727,94.6,0.008080000000000032,194.8,0.00971000000000003
resnet50,0,10,19,0,0.7045454545454545,79.2,0.0070200000000000375,179.4,0.008650000000000036
resnet50,0,10,19,0,0.7863636363636363,78.3,0.00689000000000004,178.5,0.008520000000000038
resnet50,0,10,19,0,0.868181818181818,64.6,0.004870000000000041,164.8,0.006500000000000039
resnet50,0,10,19,0,0.95,62.8,0.004870000000000041,163.0,0.006500000000000039
resnet50,0.1,10,19,0,0.05,144.3,0.010630000000000018,244.5,0.012260000000000016
resnet50,0.1,10,19,0,0.1318181818181818,143.3,0.010630000000000018,243.5,0.012260000000000016
resnet50,0.1,10,19,0,0.21363636363636362,137.4,0.010040000000000016,237.6,0.011670000000000014
resnet50,0.1,10,19,0,0.2954545454545454,136.4,0.009850000000000003,236.6,0.01148
resnet50,0.1,10,19,0,0.3772727272727272,134.4,0.009430000000000004,234.6,0.011060000000000004
resnet50,0.1,10,19,0,0.459090909090909,128.5,0.008770000000000023,228.7,0.01040000000000002
resnet50,0.1,10,19,0,0.5409090909090909,127.5,0.008750000000000036,227.7,0.010380000000000033
resnet50,0.1,10,19,0,0.6227272727272727,125.5,0.00850000000000003,225.7,0.010130000000000028
resnet50,0.1,10,19,0,0.7045454545454545,108.9,0.0067900000000000295,209.1,0.008420000000000028
resnet50,0.1,10,19,0,0.7863636363636363,107.9,0.006650000000000022,208.1,0.00828000000000002
resnet50,0.1,10,19,0,0.868181818181818,105.6,0.006370000000000031,205.8,0.00800000000000003
resnet50,0.1,10,19,0,0.95,103.6,0.006370000000000031,203.8,0.00800000000000003
resnet50,0.21250000000000002,10,19,0,0.05,127.1,0.008930000000000026,227.3,0.010560000000000024
resnet50,0.21250000000000002,10,19,0,0.1318181818181818,126.1,0.008930000000000026,226.3,0.010560000000000024
resnet50,0.21250000000000002,10,19,0,0.21363636363636362,124.1,0.008650000000000024,224.3,0.010280000000000022
resnet50,0.21250000000000002,10,19,0,0.2954545454545454,106.9,0.007440000000000035,207.1,0.009070000000000033
resnet50,0.21250000000000002,10,19,0,0.3772727272727272,104.9,0.0072200000000000155,205.1,0.008850000000000014
resnet50,0.21250000000000002,10,19,0,0.459090909090909,69.5,0.004780000000000018,169.7,0.0064100000000000155
resnet50,0.21250000000000002,10,19,0,0.5409090909090909,68.5,0.004780000000000018,168.7,0.0064100000000000155
resnet50,0.21250000000000002,10,19,0,0.6227272727272727,66.5,0.004510000000000014,166.7,0.006140000000000012
resnet50,0.21250000000000002,10,19,0,0.7045454545454545,64.5,0.004000000000000015,164.7,0.005630000000000013
resnet50,0.21250000000000002,10,19,0,0.7863636363636363,63.5,0.004000000000000015,163.7,0.005630000000000013
resnet50,0.21250000000000002,10,19,0,0.868181818181818,61.5,0.0038800000000000167,161.7,0.005510000000000015
resnet50,0.21250000000000002,10,19,0,0.95,59.5,0.0036900000000000045,159.7,0.005320000000000003
resnet50,0.325,10,19,0,0.05,133.5,0.009799999999999986,233.7,0.011429999999999985
resnet50,0.325,10,19,0,0.1318181818181818,132.5,0.009599999999999997,232.7,0.011229999999999995
resnet50,0.325,10,19,0,0.21363636363636362,130.5,0.009230000000000016,230.7,0.010860000000000014
resnet50,0.325,10,19,0,0.2954545454545454,128.3,0.009070000000000022,228.5,0.01070000000000002
resnet50,0.325,10,19,0,0.3772727272727272,126.3,0.00888000000000001,226.5,0.010510000000000009
resnet50,0.325,10,19,0,0.459090909090909,98.8,0.007450000000000012,199.0,0.00908000000000001
resnet50,0.325,10,19,0,0.5409090909090909,79.4,0.00575000000000001,179.6,0.007380000000000009
resnet50,0.325,10,19,0,0.6227272727272727,77.4,0.005730000000000024,177.6,0.007360000000000022
resnet50,0.325,10,19,0,0.7045454545454545,75.1,0.005610000000000015,175.3,0.007240000000000013
resnet50,0.325,10,19,0,0.7863636363636363,74.1,0.005610000000000015,174.3,0.007240000000000013
resnet50,0.325,10,19,0,0.868181818181818,71.8,0.0054900000000000174,172.0,0.007120000000000015
resnet50,0.325,10,19,0,0.95,44.2,0.0038300000000000113,144.4,0.005460000000000009
resnet50,0.4375,10,19,0,0.05,121.1,0.010460000000000002,221.3,0.01209
resnet50,0.4375,10,19,0,0.1318181818181818,120.1,0.010460000000000002,220.3,0.01209
resnet50,0.4375,10,19,0,0.21363636363636362,118.1,0.010170000000000002,218.3,0.0118
resnet50,0.4375,10,19,0,0.2954545454545454,115.9,0.00989,216.1,0.011519999999999997
resnet50,0.4375,10,19,0,0.3772727272727272,112.7,0.009170000000000001,212.9,0.010799999999999999
resnet50,0.4375,10,19,0,0.459090909090909,85.8,0.006669999999999998,186.0,0.008299999999999997
resnet50,0.4375,10,19,0,0.5409090909090909,84.8,0.006369999999999998,185.0,0.007999999999999997
resnet50,0.4375,10,19,0,0.6227272727272727,82.8,0.006310000000000015,183.0,0.007940000000000013
resnet50,0.4375,10,19,0,0.7045454545454545,80.8,0.005930000000000013,181.0,0.007560000000000011
resnet50,0.4375,10,19,0,0.7863636363636363,62.8,0.004740000000000022,163.0,0.00637000000000002
resnet50,0.4375,10,19,0,0.868181818181818,51.7,0.004569999999999996,151.9,0.006199999999999995
resnet50,0.4375,10,19,0,0.95,39.1,0.00344000000000001,139.3,0.005070000000000008
resnet50,0.55,10,19,0,0.05,146.0,0.012380000000000013,246.2,0.014010000000000012
resnet50,0.55,10,19,0,0.1318181818181818,145.0,0.012320000000000008,245.2,0.013950000000000008
resnet50,0.55,10,19,0,0.21363636363636362,141.8,0.011890000000000012,242.0,0.01352000000000001
resnet50,0.55,10,19,0,0.2954545454545454,140.8,0.011890000000000012,241.0,0.01352000000000001
resnet50,0.55,10,19,0,0.3772727272727272,138.8,0.010560000000000024,239.0,0.012190000000000024
resnet50,0.55,10,19,0,0.459090909090909,136.6,0.010250000000000026,236.8,0.011880000000000024
resnet50,0.55,10,19,0,0.5409090909090909,135.6,0.009950000000000025,235.8,0.011580000000000024
resnet50,0.55,10,19,0,0.6227272727272727,133.6,0.009830000000000016,233.8,0.011460000000000015
resnet50,0.55,10,19,0,0.7045454545454545,129.2,0.009520000000000028,229.4,0.011150000000000026
resnet50,0.55,10,19,0,0.7863636363636363,128.2,0.009520000000000028,228.4,0.011150000000000026
resnet50,0.55,10,19,0,0.868181818181818,125.9,0.009380000000000032,226.1,0.01101000000000003
resnet50,0.55,10,19,0,0.95,109.4,0.007860000000000044,209.6,0.009490000000000044
resnet50,0.6625,10,19,0,0.05,144.5,0.011950000000000016,244.7,0.013580000000000014
resnet50,0.6625,10,19,0,0.1318181818181818,143.5,0.011770000000000048,243.7,0.013400000000000046
resnet50,0.6625,10,19,0,0.21363636363636362,124.3,0.00960000000000003,224.5,0.011230000000000028
resnet50,0.6625,10,19,0,0.2954545454545454,123.3,0.00960000000000003,223.5,0.011230000000000028
resnet50,0.6625,10,19,0,0.3772727272727272,121.3,0.008850000000000035,221.5,0.010480000000000034
resnet50,0.6625,10,19,0,0.459090909090909,119.3,0.008430000000000026,219.5,0.010060000000000024
resnet50,0.6625,10,19,0,0.5409090909090909,118.3,0.008380000000000021,218.5,0.010010000000000019
resnet50,0.6625,10,19,0,0.6227272727272727,116.3,0.00828000000000001,216.5,0.009910000000000007
resnet50,0.6625,10,19,0,0.7045454545454545,114.3,0.007960000000000012,214.5,0.00959000000000001
resnet50,0.6625,10,19,0,0.7863636363636363,108.4,0.007900000000000008,208.6,0.009530000000000005
resnet50,0.6625,10,19,0,0.868181818181818,78.9,0.006910000000000016,179.1,0.008540000000000015
resnet50,0.6625,10,19,0,0.95,61.0,0.006020000000000014,161.2,0.007650000000000013
resnet50,0.775,10,19,0,0.05,93.4,0.00870000000000003,193.6,0.010330000000000028
resnet50,0.775,10,19,0,0.1318181818181818,92.5,0.008520000000000038,192.7,0.010150000000000037
resnet50,0.775,10,19,0,0.21363636363636362,88.6,0.007240000000000024,188.8,0.008870000000000022
resnet50,0.775,10,19,0,0.2954545454545454,87.7,0.007240000000000024,187.9,0.008870000000000022
resnet50,0.775,10,19,0,0.3772727272727272,68.6,0.006550000000000023,168.8,0.00818000000000002
resnet50,0.775,10,19,0,0.459090909090909,66.2,0.006330000000000025,166.4,0.007960000000000023
resnet50,0.775,10,19,0,0.5409090909090909,65.3,0.006330000000000025,165.5,0.007960000000000023
resnet50,0.775,10,19,0,0.6227272727272727,63.5,0.006230000000000013,163.7,0.007860000000000011
resnet50,0.775,10,19,0,0.7045454545454545,61.7,0.006030000000000024,161.9,0.007660000000000023
resnet50,0.775,10,19,0,0.7863636363636363,54.4,0.006340000000000035,154.6,0.007970000000000033
resnet50,0.775,10,19,0,0.868181818181818,52.5,0.006300000000000039,152.7,0.007930000000000038
resnet50,0.775,10,19,0,0.95,37.0,0.0046800000000000504,137.2,0.006310000000000049
resnet50,0.8875,10,19,0,0.05,53.7,0.003870000000000018,153.9,0.005500000000000016
resnet50,0.8875,10,19,0,0.1318181818181818,52.7,0.003870000000000018,152.9,0.005500000000000016
resnet50,0.8875,10,19,0,0.21363636363636362,50.7,0.0035800000000000163,150.9,0.005210000000000015
resnet50,0.8875,10,19,0,0.2954545454545454,49.7,0.0035400000000000097,149.9,0.005170000000000008
resnet50,0.8875,10,19,0,0.3772727272727272,47.7,0.0035400000000000097,147.9,0.005170000000000008
resnet50,0.8875,10,19,0,0.459090909090909,45.7,0.003530000000000011,145.9,0.005160000000000009
resnet50,0.8875,10,19,0,0.5409090909090909,44.7,0.003530000000000011,144.9,0.005160000000000009
resnet50,0.8875,10,19,0,0.6227272727272727,42.0,0.003390000000000004,142.2,0.005020000000000002
resnet50,0.8875,10,19,0,0.7045454545454545,33.4,0.002849999999999997,133.6,0.004479999999999995
resnet50,0.8875,10,19,0,0.7863636363636363,32.4,0.0026699999999999836,132.6,0.004299999999999982
resnet50,0.8875,10,19,0,0.868181818181818,30.4,0.0026599999999999957,130.6,0.0042899999999999935
resnet50,0.8875,10,19,0,0.95,20.5,0.0026599999999999957,120.7,0.0042899999999999935
