resnet101,0,10,5,0,0.05,133.0,0.018089999999999995,261.7,0.02007000000000001
resnet101,0,10,5,0,0.1318181818181818,132.0,0.017669999999999984,260.7,0.01965
resnet101,0,10,5,0,0.21363636363636362,129.0,0.016289999999999992,257.7,0.01827000000000001
resnet101,0,10,5,0,0.2954545454545454,128.0,0.016179999999999993,256.7,0.01816000000000001
resnet101,0,10,5,0,0.3772727272727272,126.0,0.015459999999999996,254.7,0.01744000000000001
resnet101,0,10,5,0,0.459090909090909,123.8,0.014640000000000009,252.5,0.016620000000000024
resnet101,0,10,5,0,0.5409090909090909,122.8,0.014400000000000013,251.5,0.016380000000000026
resnet101,0,10,5,0,0.6227272727272727,80.3,0.011770000000000003,209.0,0.013750000000000017
resnet101,0,10,5,0,0.7045454545454545,73.9,0.009619999999999995,202.6,0.01160000000000001
resnet101,0,10,5,0,0.7863636363636363,73.0,0.009619999999999995,201.7,0.01160000000000001
resnet101,0,10,5,0,0.868181818181818,71.2,0.009529999999999993,199.9,0.01151000000000001
resnet101,0,10,5,0,0.95,29.1,0.006459999999999977,157.8,0.008439999999999993
resnet101,0.1,10,5,0,0.05,151.6,0.024359999999999972,280.3,0.026339999999999985
resnet101,0.1,10,5,0,0.1318181818181818,150.6,0.023119999999999953,279.3,0.025099999999999966
resnet101,0.1,10,5,0,0.21363636363636362,148.3,0.02123999999999996,277.0,0.023219999999999973
resnet101,0.1,10,5,0,0.2954545454545454,146.7,0.019869999999999978,275.4,0.02184999999999999
resnet101,0.1,10,5,0,0.3772727272727272,144.0,0.018979999999999997,272.7,0.020960000000000013
resnet101,0.1,10,5,0,0.459090909090909,139.6,0.016679999999999983,268.3,0.01866
resnet101,0.1,10,5,0,0.5409090909090909,138.6,0.016210000000000002,267.3,0.01819000000000002
resnet101,0.1,10,5,0,0.6227272727272727,130.1,0.014170000000000006,258.8,0.01615000000000002
resnet101,0.1,10,5,0,0.7045454545454545,127.1,0.013739999999999974,255.8,0.01571999999999999
resnet101,0.1,10,5,0,0.7863636363636363,95.8,0.011580000000000002,224.5,0.013560000000000016
resnet101,0.1,10,5,0,0.868181818181818,91.0,0.010930000000000006,219.7,0.012910000000000022
resnet101,0.1,10,5,0,0.95,59.6,0.009189999999999976,188.3,0.01116999999999999
resnet101,0.21250000000000002,10,5,0,0.05,166.6,0.028089999999999993,295.3,0.030070000000000006
resnet101,0.21250000000000002,10,5,0,0.1318181818181818,165.6,0.026009999999999978,294.3,0.027989999999999994
resnet101,0.21250000000000002,10,5,0,0.21363636363636362,161.6,0.02403999999999996,290.3,0.026019999999999977
resnet101,0.21250000000000002,10,5,0,0.2954545454545454,160.6,0.023319999999999962,289.3,0.02529999999999998
resnet101,0.21250000000000002,10,5,0,0.3772727272727272,158.6,0.021009999999999973,287.3,0.02298999999999999
resnet101,0.21250000000000002,10,5,0,0.459090909090909,155.6,0.01952999999999997,284.3,0.021509999999999984
resnet101,0.21250000000000002,10,5,0,0.5409090909090909,154.6,0.019369999999999978,283.3,0.02134999999999999
resnet101,0.21250000000000002,10,5,0,0.6227272727272727,144.0,0.01761999999999999,272.7,0.019600000000000006
resnet101,0.21250000000000002,10,5,0,0.7045454545454545,142.0,0.016649999999999998,270.7,0.018630000000000015
resnet101,0.21250000000000002,10,5,0,0.7863636363636363,136.5,0.014849999999999985,265.2,0.01683
resnet101,0.21250000000000002,10,5,0,0.868181818181818,124.5,0.014209999999999978,253.2,0.016189999999999993
resnet101,0.21250000000000002,10,5,0,0.95,101.2,0.01085999999999997,229.9,0.012839999999999985
resnet101,0.325,10,5,0,0.05,140.7,0.018329999999999957,269.4,0.020309999999999974
resnet101,0.325,10,5,0,0.1318181818181818,139.7,0.018169999999999964,268.4,0.02014999999999998
resnet101,0.325,10,5,0,0.21363636363636362,136.8,0.016629999999999957,265.5,0.01860999999999997
resnet101,0.325,10,5,0,0.2954545454545454,135.8,0.01639999999999997,264.5,0.018379999999999987
resnet101,0.325,10,5,0,0.3772727272727272,124.6,0.01499999999999999,253.3,0.016980000000000006
resnet101,0.325,10,5,0,0.459090909090909,122.4,0.014339999999999986,251.1,0.01632
resnet101,0.325,10,5,0,0.5409090909090909,121.4,0.014179999999999993,250.1,0.016160000000000008
resnet101,0.325,10,5,0,0.6227272727272727,119.4,0.013859999999999994,248.1,0.01584000000000001
resnet101,0.325,10,5,0,0.7045454545454545,112.9,0.013219999999999999,241.6,0.015200000000000014
resnet101,0.325,10,5,0,0.7863636363636363,106.3,0.012150000000000005,235.0,0.014130000000000021
resnet101,0.325,10,5,0,0.868181818181818,85.7,0.010259999999999969,214.4,0.012239999999999984
resnet101,0.325,10,5,0,0.95,40.7,0.00686,169.4,0.008840000000000015
resnet101,0.4375,10,5,0,0.05,152.2,0.021719999999999972,280.9,0.02369999999999999
resnet101,0.4375,10,5,0,0.1318181818181818,151.2,0.02081999999999996,279.9,0.022799999999999977
resnet101,0.4375,10,5,0,0.21363636363636362,149.2,0.01934999999999998,277.9,0.021329999999999995
resnet101,0.4375,10,5,0,0.2954545454545454,147.7,0.01821999999999998,276.4,0.020199999999999996
resnet101,0.4375,10,5,0,0.3772727272727272,145.7,0.01741999999999998,274.4,0.019399999999999994
resnet101,0.4375,10,5,0,0.459090909090909,143.5,0.016359999999999986,272.2,0.018340000000000002
resnet101,0.4375,10,5,0,0.5409090909090909,142.5,0.016179999999999983,271.2,0.01816
resnet101,0.4375,10,5,0,0.6227272727272727,135.5,0.015429999999999966,264.2,0.01740999999999998
resnet101,0.4375,10,5,0,0.7045454545454545,95.5,0.011689999999999968,224.2,0.013669999999999983
resnet101,0.4375,10,5,0,0.7863636363636363,92.1,0.010299999999999965,220.8,0.01227999999999998
resnet101,0.4375,10,5,0,0.868181818181818,54.9,0.007979999999999965,183.6,0.00995999999999998
resnet101,0.4375,10,5,0,0.95,31.0,0.0051099999999999705,159.7,0.007089999999999985
resnet101,0.55,10,5,0,0.05,163.7,0.026959999999999963,292.4,0.028939999999999976
resnet101,0.55,10,5,0,0.1318181818181818,161.8,0.024819999999999943,290.5,0.026799999999999956
resnet101,0.55,10,5,0,0.21363636363636362,159.8,0.023399999999999956,288.5,0.02537999999999997
resnet101,0.55,10,5,0,0.2954545454545454,157.9,0.022909999999999965,286.6,0.024889999999999978
resnet101,0.55,10,5,0,0.3772727272727272,155.9,0.02091999999999994,284.6,0.022899999999999955
resnet101,0.55,10,5,0,0.459090909090909,153.7,0.019919999999999972,282.4,0.021899999999999985
resnet101,0.55,10,5,0,0.5409090909090909,150.4,0.017569999999999985,279.1,0.01955
resnet101,0.55,10,5,0,0.6227272727272727,147.4,0.016589999999999983,276.1,0.018569999999999996
resnet101,0.55,10,5,0,0.7045454545454545,145.4,0.016169999999999997,274.1,0.01815000000000001
resnet101,0.55,10,5,0,0.7863636363636363,144.4,0.016049999999999988,273.1,0.01803
resnet101,0.55,10,5,0,0.868181818181818,142.4,0.015829999999999966,271.1,0.017809999999999982
resnet101,0.55,10,5,0,0.95,81.7,0.010629999999999983,210.4,0.01261
resnet101,0.6625,10,5,0,0.05,162.5,0.02798999999999998,291.2,0.029969999999999997
resnet101,0.6625,10,5,0,0.1318181818181818,161.5,0.02674999999999996,290.2,0.028729999999999978
resnet101,0.6625,10,5,0,0.21363636363636362,159.5,0.02555999999999996,288.2,0.027539999999999974
resnet101,0.6625,10,5,0,0.2954545454545454,154.1,0.023239999999999962,282.8,0.025219999999999975
resnet101,0.6625,10,5,0,0.3772727272727272,143.6,0.01869999999999996,272.3,0.020679999999999976
resnet101,0.6625,10,5,0,0.459090909090909,141.6,0.017559999999999975,270.3,0.01953999999999999
resnet101,0.6625,10,5,0,0.5409090909090909,140.6,0.017149999999999988,269.3,0.01913
resnet101,0.6625,10,5,0,0.6227272727272727,121.9,0.015539999999999988,250.6,0.01752
resnet101,0.6625,10,5,0,0.7045454545454545,116.1,0.01469999999999998,244.8,0.016679999999999993
resnet101,0.6625,10,5,0,0.7863636363636363,107.0,0.01288999999999998,235.7,0.014869999999999994
resnet101,0.6625,10,5,0,0.868181818181818,102.7,0.010689999999999977,231.4,0.012669999999999992
resnet101,0.6625,10,5,0,0.95,84.6,0.009399999999999986,213.3,0.011380000000000001
resnet101,0.775,10,5,0,0.05,157.5,0.027959999999999985,286.2,0.02994
resnet101,0.775,10,5,0,0.1318181818181818,156.5,0.026239999999999965,285.2,0.028219999999999978
resnet101,0.775,10,5,0,0.21363636363636362,154.5,0.025509999999999967,283.2,0.02748999999999998
resnet101,0.775,10,5,0,0.2954545454545454,153.5,0.024939999999999973,282.2,0.02691999999999999
resnet101,0.775,10,5,0,0.3772727272727272,130.6,0.021479999999999954,259.3,0.02345999999999997
resnet101,0.775,10,5,0,0.459090909090909,128.8,0.019869999999999964,257.5,0.02184999999999998
resnet101,0.775,10,5,0,0.5409090909090909,118.8,0.016589999999999973,247.5,0.018569999999999986
resnet101,0.775,10,5,0,0.6227272727272727,116.8,0.015469999999999973,245.5,0.017449999999999986
resnet101,0.775,10,5,0,0.7045454545454545,115.0,0.015439999999999976,243.7,0.01741999999999999
resnet101,0.775,10,5,0,0.7863636363636363,114.1,0.015199999999999958,242.8,0.017179999999999973
resnet101,0.775,10,5,0,0.868181818181818,94.2,0.013329999999999943,222.9,0.015309999999999957
resnet101,0.775,10,5,0,0.95,80.3,0.010219999999999951,209.0,0.012199999999999966
resnet101,0.8875,10,5,0,0.05,148.1,0.023729999999999963,276.8,0.025709999999999976
resnet101,0.8875,10,5,0,0.1318181818181818,147.1,0.022609999999999953,275.8,0.024589999999999966
resnet101,0.8875,10,5,0,0.21363636363636362,116.4,0.021249999999999946,245.1,0.023229999999999962
resnet101,0.8875,10,5,0,0.2954545454545454,115.5,0.021139999999999947,244.2,0.023119999999999963
resnet101,0.8875,10,5,0,0.3772727272727272,110.0,0.017209999999999958,238.7,0.019189999999999974
resnet101,0.8875,10,5,0,0.459090909090909,108.2,0.016729999999999957,236.9,0.01870999999999997
resnet101,0.8875,10,5,0,0.5409090909090909,107.3,0.01648999999999996,236.0,0.018469999999999976
resnet101,0.8875,10,5,0,0.6227272727272727,103.3,0.01587999999999997,232.0,0.017859999999999987
resnet101,0.8875,10,5,0,0.7045454545454545,67.3,0.010569999999999979,196.0,0.012549999999999995
resnet101,0.8875,10,5,0,0.7863636363636363,58.0,0.009919999999999984,186.7,0.011899999999999999
resnet101,0.8875,10,5,0,0.868181818181818,41.6,0.006779999999999953,170.3,0.008759999999999967
resnet101,0.8875,10,5,0,0.95,23.3,0.005579999999999951,152.0,0.007559999999999967
resnet101,0,10,7,0,0.05,140.3,0.016919999999999956,269.0,0.018899999999999972
resnet101,0,10,7,0,0.1318181818181818,139.3,0.01639999999999997,268.0,0.018379999999999987
resnet101,0,10,7,0,0.21363636363636362,137.3,0.015859999999999985,266.0,0.01784
resnet101,0,10,7,0,0.2954545454545454,136.3,0.015149999999999986,265.0,0.01713
resnet101,0,10,7,0,0.3772727272727272,112.8,0.013419999999999987,241.5,0.015400000000000002
resnet101,0,10,7,0,0.459090909090909,110.8,0.012860000000000005,239.5,0.01484000000000002
resnet101,0,10,7,0,0.5409090909090909,109.8,0.012719999999999999,238.5,0.014700000000000013
resnet101,0,10,7,0,0.6227272727272727,102.7,0.011489999999999978,231.4,0.013469999999999992
resnet101,0,10,7,0,0.7045454545454545,88.9,0.009419999999999974,217.6,0.011399999999999988
resnet101,0,10,7,0,0.7863636363636363,87.9,0.00884999999999998,216.6,0.010829999999999996
resnet101,0,10,7,0,0.868181818181818,83.3,0.007999999999999974,212.0,0.009979999999999989
resnet101,0,10,7,0,0.95,14.7,0.00571999999999997,143.4,0.007699999999999985
resnet101,0.1,10,7,0,0.05,138.6,0.01799999999999998,267.3,0.019979999999999998
resnet101,0.1,10,7,0,0.1318181818181818,137.6,0.01799999999999998,266.3,0.019979999999999998
resnet101,0.1,10,7,0,0.21363636363636362,135.6,0.01740999999999998,264.3,0.019389999999999998
resnet101,0.1,10,7,0,0.2954545454545454,121.0,0.014069999999999982,249.7,0.01605
resnet101,0.1,10,7,0,0.3772727272727272,116.6,0.012429999999999986,245.3,0.014410000000000001
resnet101,0.1,10,7,0,0.459090909090909,114.6,0.012039999999999995,243.3,0.01402000000000001
resnet101,0.1,10,7,0,0.5409090909090909,113.6,0.011959999999999981,242.3,0.013939999999999998
resnet101,0.1,10,7,0,0.6227272727272727,111.6,0.011629999999999963,240.3,0.013609999999999978
resnet101,0.1,10,7,0,0.7045454545454545,109.6,0.01154999999999995,238.3,0.013529999999999964
resnet101,0.1,10,7,0,0.7863636363636363,108.6,0.010889999999999955,237.3,0.01286999999999997
resnet101,0.1,10,7,0,0.868181818181818,106.6,0.010289999999999966,235.3,0.01226999999999998
resnet101,0.1,10,7,0,0.95,79.3,0.007089999999999963,208.0,0.009069999999999977
resnet101,0.21250000000000002,10,7,0,0.05,155.5,0.021389999999999965,284.2,0.02336999999999998
resnet101,0.21250000000000002,10,7,0,0.1318181818181818,154.5,0.020939999999999993,283.2,0.022920000000000006
resnet101,0.21250000000000002,10,7,0,0.21363636363636362,152.5,0.019419999999999972,281.2,0.021399999999999985
resnet101,0.21250000000000002,10,7,0,0.2954545454545454,151.1,0.01909999999999997,279.8,0.021079999999999988
resnet101,0.21250000000000002,10,7,0,0.3772727272727272,148.5,0.017979999999999996,277.2,0.019960000000000012
resnet101,0.21250000000000002,10,7,0,0.459090909090909,146.5,0.017719999999999993,275.2,0.019700000000000006
resnet101,0.21250000000000002,10,7,0,0.5409090909090909,145.5,0.016969999999999985,274.2,0.01895
resnet101,0.21250000000000002,10,7,0,0.6227272727272727,127.1,0.013849999999999973,255.8,0.01582999999999999
resnet101,0.21250000000000002,10,7,0,0.7045454545454545,125.1,0.013629999999999975,253.8,0.01560999999999999
resnet101,0.21250000000000002,10,7,0,0.7863636363636363,123.6,0.013229999999999974,252.3,0.015209999999999991
resnet101,0.21250000000000002,10,7,0,0.868181818181818,104.6,0.01114999999999997,233.3,0.013129999999999985
resnet101,0.21250000000000002,10,7,0,0.95,59.4,0.005629999999999957,188.1,0.007609999999999973
resnet101,0.325,10,7,0,0.05,134.1,0.020509999999999973,262.8,0.02248999999999999
resnet101,0.325,10,7,0,0.1318181818181818,133.1,0.02015,261.8,0.022130000000000018
resnet101,0.325,10,7,0,0.21363636363636362,128.3,0.01630999999999998,257.0,0.018289999999999994
resnet101,0.325,10,7,0,0.2954545454545454,127.3,0.01559999999999997,256.0,0.017579999999999985
resnet101,0.325,10,7,0,0.3772727272727272,115.2,0.013139999999999995,243.9,0.015120000000000012
resnet101,0.325,10,7,0,0.459090909090909,112.6,0.012809999999999998,241.3,0.014790000000000015
resnet101,0.325,10,7,0,0.5409090909090909,111.6,0.012779999999999991,240.3,0.014760000000000006
resnet101,0.325,10,7,0,0.6227272727272727,104.8,0.011900000000000011,233.5,0.013880000000000026
resnet101,0.325,10,7,0,0.7045454545454545,102.8,0.011359999999999992,231.5,0.013340000000000008
resnet101,0.325,10,7,0,0.7863636363636363,101.8,0.010639999999999993,230.5,0.01262000000000001
resnet101,0.325,10,7,0,0.868181818181818,89.6,0.009289999999999975,218.3,0.011269999999999992
resnet101,0.325,10,7,0,0.95,70.3,0.006789999999999974,199.0,0.00876999999999999
resnet101,0.4375,10,7,0,0.05,154.9,0.02103999999999997,283.6,0.023019999999999985
resnet101,0.4375,10,7,0,0.1318181818181818,152.9,0.02013999999999997,281.6,0.022119999999999983
resnet101,0.4375,10,7,0,0.21363636363636362,150.9,0.018669999999999975,279.6,0.02064999999999999
resnet101,0.4375,10,7,0,0.2954545454545454,149.9,0.018049999999999965,278.6,0.020029999999999982
resnet101,0.4375,10,7,0,0.3772727272727272,147.9,0.016379999999999995,276.6,0.018360000000000008
resnet101,0.4375,10,7,0,0.459090909090909,134.0,0.014329999999999987,262.7,0.01631
resnet101,0.4375,10,7,0,0.5409090909090909,133.0,0.014029999999999987,261.7,0.016010000000000003
resnet101,0.4375,10,7,0,0.6227272727272727,107.0,0.010729999999999984,235.7,0.012709999999999999
resnet101,0.4375,10,7,0,0.7045454545454545,102.4,0.009339999999999982,231.1,0.011319999999999997
resnet101,0.4375,10,7,0,0.7863636363636363,101.4,0.009129999999999994,230.1,0.011110000000000009
resnet101,0.4375,10,7,0,0.868181818181818,98.3,0.007999999999999985,227.0,0.00998
resnet101,0.4375,10,7,0,0.95,20.0,0.00409999999999996,148.7,0.006079999999999974
resnet101,0.55,10,7,0,0.05,156.8,0.021689999999999966,285.5,0.02366999999999998
resnet101,0.55,10,7,0,0.1318181818181818,153.2,0.020209999999999985,281.9,0.022189999999999998
resnet101,0.55,10,7,0,0.21363636363636362,151.2,0.01850999999999997,279.9,0.020489999999999987
resnet101,0.55,10,7,0,0.2954545454545454,150.0,0.01850999999999997,278.7,0.020489999999999987
resnet101,0.55,10,7,0,0.3772727272727272,148.0,0.016719999999999992,276.7,0.018700000000000005
resnet101,0.55,10,7,0,0.459090909090909,146.0,0.01592999999999998,274.7,0.017909999999999992
resnet101,0.55,10,7,0,0.5409090909090909,145.0,0.01581999999999998,273.7,0.017799999999999993
resnet101,0.55,10,7,0,0.6227272727272727,123.7,0.012569999999999993,252.4,0.014550000000000007
resnet101,0.55,10,7,0,0.7045454545454545,115.6,0.010739999999999982,244.3,0.012719999999999999
resnet101,0.55,10,7,0,0.7863636363636363,114.6,0.010529999999999994,243.3,0.01251000000000001
resnet101,0.55,10,7,0,0.868181818181818,93.6,0.007769999999999999,222.3,0.009750000000000014
resnet101,0.55,10,7,0,0.95,69.6,0.006579999999999986,198.3,0.008560000000000002
resnet101,0.6625,10,7,0,0.05,141.7,0.017329999999999967,270.4,0.019309999999999983
resnet101,0.6625,10,7,0,0.1318181818181818,140.7,0.017329999999999967,269.4,0.019309999999999983
resnet101,0.6625,10,7,0,0.21363636363636362,137.7,0.01629999999999997,266.4,0.018279999999999984
resnet101,0.6625,10,7,0,0.2954545454545454,135.6,0.015449999999999964,264.3,0.01742999999999998
resnet101,0.6625,10,7,0,0.3772727272727272,133.6,0.014249999999999974,262.3,0.016229999999999987
resnet101,0.6625,10,7,0,0.459090909090909,131.6,0.013799999999999979,260.3,0.015779999999999995
resnet101,0.6625,10,7,0,0.5409090909090909,100.5,0.012689999999999969,229.2,0.014669999999999983
resnet101,0.6625,10,7,0,0.6227272727272727,83.2,0.010729999999999995,211.9,0.01271000000000001
resnet101,0.6625,10,7,0,0.7045454545454545,80.4,0.009550000000000013,209.1,0.01153000000000003
resnet101,0.6625,10,7,0,0.7863636363636363,75.4,0.008900000000000009,204.1,0.010880000000000023
resnet101,0.6625,10,7,0,0.868181818181818,53.1,0.006369999999999998,181.8,0.008350000000000014
resnet101,0.6625,10,7,0,0.95,27.1,0.0038699999999999846,155.8,0.005849999999999999
resnet101,0.775,10,7,0,0.05,121.4,0.011349999999999982,250.1,0.013329999999999998
resnet101,0.775,10,7,0,0.1318181818181818,120.4,0.011349999999999982,249.1,0.013329999999999998
resnet101,0.775,10,7,0,0.21363636363636362,117.4,0.010470000000000002,246.1,0.012450000000000017
resnet101,0.775,10,7,0,0.2954545454545454,116.4,0.010470000000000002,245.1,0.012450000000000017
resnet101,0.775,10,7,0,0.3772727272727272,106.4,0.009649999999999992,235.1,0.011630000000000007
resnet101,0.775,10,7,0,0.459090909090909,104.4,0.00864999999999998,233.1,0.010629999999999995
resnet101,0.775,10,7,0,0.5409090909090909,99.0,0.008209999999999985,227.7,0.01019
resnet101,0.775,10,7,0,0.6227272727272727,65.6,0.006900000000000006,194.3,0.008880000000000022
resnet101,0.775,10,7,0,0.7045454545454545,55.9,0.006579999999999986,184.6,0.008560000000000002
resnet101,0.775,10,7,0,0.7863636363636363,55.0,0.006419999999999981,183.7,0.008399999999999996
resnet101,0.775,10,7,0,0.868181818181818,27.9,0.006019999999999981,156.6,0.007999999999999997
resnet101,0.775,10,7,0,0.95,26.3,0.005839999999999979,155.0,0.007819999999999994
resnet101,0.8875,10,7,0,0.05,122.4,0.017179999999999983,251.1,0.01916
resnet101,0.8875,10,7,0,0.1318181818181818,121.4,0.016780000000000007,250.1,0.01876000000000002
resnet101,0.8875,10,7,0,0.21363636363636362,112.9,0.013049999999999996,241.6,0.01503000000000001
resnet101,0.8875,10,7,0,0.2954545454545454,111.9,0.013049999999999996,240.6,0.01503000000000001
resnet101,0.8875,10,7,0,0.3772727272727272,108.7,0.011569999999999992,237.4,0.013550000000000006
resnet101,0.8875,10,7,0,0.459090909090909,101.8,0.010749999999999982,230.5,0.012729999999999997
resnet101,0.8875,10,7,0,0.5409090909090909,100.8,0.010729999999999972,229.5,0.012709999999999989
resnet101,0.8875,10,7,0,0.6227272727272727,78.1,0.006269999999999975,206.8,0.00824999999999999
resnet101,0.8875,10,7,0,0.7045454545454545,76.1,0.006109999999999971,204.8,0.008089999999999986
resnet101,0.8875,10,7,0,0.7863636363636363,75.1,0.006109999999999971,203.8,0.008089999999999986
resnet101,0.8875,10,7,0,0.868181818181818,38.6,0.005639999999999978,167.3,0.007619999999999993
resnet101,0.8875,10,7,0,0.95,-35.4,0.002539999999999998,93.3,0.004520000000000013
resnet101,0,10,9,0,0.05,121.0,0.01258999999999998,249.7,0.014569999999999994
resnet101,0,10,9,0,0.1318181818181818,120.0,0.012529999999999986,248.7,0.01451
resnet101,0,10,9,0,0.21363636363636362,118.0,0.011849999999999994,246.7,0.013830000000000009
resnet101,0,10,9,0,0.2954545454545454,117.0,0.011759999999999993,245.7,0.013740000000000007
resnet101,0,10,9,0,0.3772727272727272,115.0,0.011239999999999983,243.7,0.013219999999999999
resnet101,0,10,9,0,0.459090909090909,112.3,0.010789999999999989,241.0,0.012770000000000004
resnet101,0,10,9,0,0.5409090909090909,111.3,0.010749999999999982,240.0,0.012729999999999997
resnet101,0,10,9,0,0.6227272727272727,99.6,0.009679999999999977,228.3,0.011659999999999993
resnet101,0,10,9,0,0.7045454545454545,86.7,0.009069999999999977,215.4,0.011049999999999994
resnet101,0,10,9,0,0.7863636363636363,85.7,0.009069999999999977,214.4,0.011049999999999994
resnet101,0,10,9,0,0.868181818181818,83.7,0.007940000000000003,212.4,0.009920000000000017
resnet101,0,10,9,0,0.95,41.1,0.004249999999999987,169.8,0.006230000000000002
resnet101,0.1,10,9,0,0.05,135.9,0.015359999999999952,264.6,0.017339999999999967
resnet101,0.1,10,9,0,0.1318181818181818,134.9,0.015299999999999958,263.6,0.017279999999999972
resnet101,0.1,10,9,0,0.21363636363636362,132.9,0.014129999999999976,261.6,0.016109999999999992
resnet101,0.1,10,9,0,0.2954545454545454,131.9,0.014129999999999976,260.6,0.016109999999999992
resnet101,0.1,10,9,0,0.3772727272727272,129.9,0.013439999999999962,258.6,0.015419999999999979
resnet101,0.1,10,9,0,0.459090909090909,123.8,0.012359999999999982,252.5,0.014339999999999997
resnet101,0.1,10,9,0,0.5409090909090909,122.8,0.012359999999999982,251.5,0.014339999999999997
resnet101,0.1,10,9,0,0.6227272727272727,120.8,0.011859999999999959,249.5,0.013839999999999974
resnet101,0.1,10,9,0,0.7045454545454545,108.2,0.010169999999999967,236.9,0.012149999999999984
resnet101,0.1,10,9,0,0.7863636363636363,107.2,0.010169999999999967,235.9,0.012149999999999984
resnet101,0.1,10,9,0,0.868181818181818,79.6,0.008600000000000007,208.3,0.010580000000000023
resnet101,0.1,10,9,0,0.95,62.4,0.005420000000000003,191.1,0.007400000000000018
resnet101,0.21250000000000002,10,9,0,0.05,153.1,0.01959999999999995,281.8,0.021579999999999967
resnet101,0.21250000000000002,10,9,0,0.1318181818181818,152.1,0.019539999999999957,280.8,0.021519999999999973
resnet101,0.21250000000000002,10,9,0,0.21363636363636362,150.1,0.018079999999999975,278.8,0.020059999999999988
resnet101,0.21250000000000002,10,9,0,0.2954545454545454,149.1,0.017799999999999983,277.8,0.01978
resnet101,0.21250000000000002,10,9,0,0.3772727272727272,147.1,0.01710999999999997,275.8,0.019089999999999985
resnet101,0.21250000000000002,10,9,0,0.459090909090909,140.6,0.01641999999999999,269.3,0.018400000000000007
resnet101,0.21250000000000002,10,9,0,0.5409090909090909,139.6,0.015449999999999986,268.3,0.01743
resnet101,0.21250000000000002,10,9,0,0.6227272727272727,137.6,0.014809999999999967,266.3,0.016789999999999982
resnet101,0.21250000000000002,10,9,0,0.7045454545454545,128.5,0.012859999999999983,257.2,0.014839999999999997
resnet101,0.21250000000000002,10,9,0,0.7863636363636363,123.9,0.012859999999999983,252.6,0.014839999999999997
resnet101,0.21250000000000002,10,9,0,0.868181818181818,121.9,0.012700000000000012,250.6,0.014680000000000026
resnet101,0.21250000000000002,10,9,0,0.95,64.0,0.00813999999999998,192.7,0.010119999999999995
resnet101,0.325,10,9,0,0.05,147.8,0.019419999999999972,276.5,0.021399999999999985
resnet101,0.325,10,9,0,0.1318181818181818,146.8,0.019419999999999972,275.5,0.021399999999999985
resnet101,0.325,10,9,0,0.21363636363636362,143.7,0.018069999999999965,272.4,0.020049999999999978
resnet101,0.325,10,9,0,0.2954545454545454,142.7,0.017789999999999973,271.4,0.01976999999999999
resnet101,0.325,10,9,0,0.3772727272727272,140.5,0.017189999999999973,269.2,0.019169999999999986
resnet101,0.325,10,9,0,0.459090909090909,134.7,0.015669999999999996,263.4,0.01765000000000001
resnet101,0.325,10,9,0,0.5409090909090909,133.5,0.014569999999999982,262.2,0.01655
resnet101,0.325,10,9,0,0.6227272727272727,127.5,0.01277999999999998,256.2,0.014759999999999995
resnet101,0.325,10,9,0,0.7045454545454545,112.8,0.011029999999999984,241.5,0.013009999999999999
resnet101,0.325,10,9,0,0.7863636363636363,109.1,0.011029999999999984,237.8,0.013009999999999999
resnet101,0.325,10,9,0,0.868181818181818,107.0,0.010770000000000002,235.7,0.012750000000000017
resnet101,0.325,10,9,0,0.95,74.8,0.007829999999999981,203.5,0.009809999999999996
resnet101,0.4375,10,9,0,0.05,134.2,0.016039999999999954,262.9,0.01801999999999997
resnet101,0.4375,10,9,0,0.1318181818181818,129.3,0.015659999999999962,258.0,0.01763999999999998
resnet101,0.4375,10,9,0,0.21363636363636362,119.6,0.012239999999999973,248.3,0.014219999999999988
resnet101,0.4375,10,9,0,0.2954545454545454,118.6,0.012149999999999972,247.3,0.014129999999999986
resnet101,0.4375,10,9,0,0.3772727272727272,116.6,0.011619999999999997,245.3,0.013600000000000011
resnet101,0.4375,10,9,0,0.459090909090909,111.9,0.009979999999999989,240.6,0.011960000000000004
resnet101,0.4375,10,9,0,0.5409090909090909,96.8,0.007989999999999987,225.5,0.009970000000000001
resnet101,0.4375,10,9,0,0.6227272727272727,94.8,0.007909999999999995,223.5,0.00989000000000001
resnet101,0.4375,10,9,0,0.7045454545454545,89.5,0.007359999999999989,218.2,0.009340000000000005
resnet101,0.4375,10,9,0,0.7863636363636363,88.5,0.007359999999999989,217.2,0.009340000000000005
resnet101,0.4375,10,9,0,0.868181818181818,86.5,0.006989999999999996,215.2,0.008970000000000011
resnet101,0.4375,10,9,0,0.95,81.5,0.006509999999999993,210.2,0.008490000000000008
resnet101,0.55,10,9,0,0.05,135.5,0.016319999999999956,264.2,0.018299999999999973
resnet101,0.55,10,9,0,0.1318181818181818,124.4,0.015939999999999965,253.1,0.01791999999999998
resnet101,0.55,10,9,0,0.21363636363636362,109.7,0.013299999999999968,238.4,0.015279999999999983
resnet101,0.55,10,9,0,0.2954545454545454,107.2,0.013019999999999976,235.9,0.01499999999999999
resnet101,0.55,10,9,0,0.3772727272727272,104.6,0.011889999999999989,233.3,0.013870000000000004
resnet101,0.55,10,9,0,0.459090909090909,87.0,0.01119,215.7,0.013170000000000015
resnet101,0.55,10,9,0,0.5409090909090909,74.2,0.008389999999999986,202.9,0.01037
resnet101,0.55,10,9,0,0.6227272727272727,57.5,0.006299999999999995,186.2,0.00828000000000001
resnet101,0.55,10,9,0,0.7045454545454545,52.6,0.005470000000000008,181.3,0.0074500000000000234
resnet101,0.55,10,9,0,0.7863636363636363,51.7,0.005470000000000008,180.4,0.0074500000000000234
resnet101,0.55,10,9,0,0.868181818181818,46.3,0.005459999999999998,175.0,0.0074400000000000134
resnet101,0.55,10,9,0,0.95,25.3,0.004809999999999992,154.0,0.006790000000000007
resnet101,0.6625,10,9,0,0.05,109.4,0.012879999999999992,238.1,0.014860000000000007
resnet101,0.6625,10,9,0,0.1318181818181818,108.4,0.012879999999999992,237.1,0.014860000000000007
resnet101,0.6625,10,9,0,0.21363636363636362,95.3,0.010859999999999991,224.0,0.012840000000000008
resnet101,0.6625,10,9,0,0.2954545454545454,88.0,0.009929999999999994,216.7,0.011910000000000009
resnet101,0.6625,10,9,0,0.3772727272727272,85.8,0.009929999999999994,214.5,0.011910000000000009
resnet101,0.6625,10,9,0,0.459090909090909,83.6,0.009219999999999983,212.3,0.011199999999999998
resnet101,0.6625,10,9,0,0.5409090909090909,82.6,0.008409999999999973,211.3,0.010389999999999988
resnet101,0.6625,10,9,0,0.6227272727272727,63.9,0.0068499999999999785,192.6,0.008829999999999994
resnet101,0.6625,10,9,0,0.7045454545454545,62.1,0.00632999999999998,190.8,0.008309999999999994
resnet101,0.6625,10,9,0,0.7863636363636363,61.2,0.00632999999999998,189.9,0.008309999999999994
resnet101,0.6625,10,9,0,0.868181818181818,52.8,0.005259999999999987,181.5,0.007240000000000002
resnet101,0.6625,10,9,0,0.95,-10.5,0.002059999999999973,118.2,0.004039999999999988
resnet101,0.775,10,9,0,0.05,93.1,0.01106999999999998,221.8,0.013049999999999996
resnet101,0.775,10,9,0,0.1318181818181818,92.1,0.01098999999999999,220.8,0.012970000000000004
resnet101,0.775,10,9,0,0.21363636363636362,87.6,0.010039999999999993,216.3,0.012020000000000008
resnet101,0.775,10,9,0,0.2954545454545454,86.6,0.009949999999999981,215.3,0.011929999999999996
resnet101,0.775,10,9,0,0.3772727272727272,84.6,0.009709999999999996,213.3,0.011690000000000011
resnet101,0.775,10,9,0,0.459090909090909,66.1,0.007219999999999993,194.8,0.009200000000000009
resnet101,0.775,10,9,0,0.5409090909090909,65.1,0.007219999999999993,193.8,0.009200000000000009
resnet101,0.775,10,9,0,0.6227272727272727,56.4,0.006959999999999989,185.1,0.008940000000000003
resnet101,0.775,10,9,0,0.7045454545454545,54.6,0.006889999999999985,183.3,0.00887
resnet101,0.775,10,9,0,0.7863636363636363,53.7,0.006809999999999983,182.4,0.008789999999999997
resnet101,0.775,10,9,0,0.868181818181818,38.7,0.005699999999999983,167.4,0.007679999999999998
resnet101,0.775,10,9,0,0.95,-8.0,0.003849999999999998,120.7,0.005830000000000013
resnet101,0.8875,10,9,0,0.05,134.7,0.016069999999999973,263.4,0.01804999999999999
resnet101,0.8875,10,9,0,0.1318181818181818,133.6,0.015369999999999972,262.3,0.017349999999999987
resnet101,0.8875,10,9,0,0.21363636363636362,130.2,0.013959999999999995,258.9,0.01594000000000001
resnet101,0.8875,10,9,0,0.2954545454545454,110.3,0.012199999999999989,239.0,0.014180000000000003
resnet101,0.8875,10,9,0,0.3772727272727272,94.0,0.008549999999999992,222.7,0.010530000000000006
resnet101,0.8875,10,9,0,0.459090909090909,79.5,0.007619999999999971,208.2,0.009599999999999987
resnet101,0.8875,10,9,0,0.5409090909090909,78.3,0.007619999999999971,207.0,0.009599999999999987
resnet101,0.8875,10,9,0,0.6227272727272727,76.3,0.007619999999999971,205.0,0.009599999999999987
resnet101,0.8875,10,9,0,0.7045454545454545,74.3,0.007359999999999978,203.0,0.009339999999999992
resnet101,0.8875,10,9,0,0.7863636363636363,73.3,0.007359999999999978,202.0,0.009339999999999992
resnet101,0.8875,10,9,0,0.868181818181818,71.3,0.007359999999999978,200.0,0.009339999999999992
resnet101,0.8875,10,9,0,0.95,58.4,0.006109999999999971,187.1,0.008089999999999986
resnet101,0,10,11,0,0.05,137.9,0.014859999999999962,266.6,0.016839999999999977
resnet101,0,10,11,0,0.1318181818181818,136.9,0.014249999999999985,265.6,0.01623
resnet101,0,10,11,0,0.21363636363636362,130.4,0.012630000000000008,259.1,0.014610000000000022
resnet101,0,10,11,0,0.2954545454545454,128.5,0.011829999999999997,257.2,0.013810000000000012
resnet101,0,10,11,0,0.3772727272727272,126.5,0.011099999999999966,255.2,0.01307999999999998
resnet101,0,10,11,0,0.459090909090909,119.1,0.010209999999999964,247.8,0.012189999999999979
resnet101,0,10,11,0,0.5409090909090909,118.1,0.010209999999999964,246.8,0.012189999999999979
resnet101,0,10,11,0,0.6227272727272727,109.0,0.008949999999999968,237.7,0.010929999999999985
resnet101,0,10,11,0,0.7045454545454545,107.0,0.008699999999999975,235.7,0.01067999999999999
resnet101,0,10,11,0,0.7863636363636363,106.0,0.008609999999999974,234.7,0.010589999999999988
resnet101,0,10,11,0,0.868181818181818,104.0,0.008469999999999978,232.7,0.010449999999999992
resnet101,0,10,11,0,0.95,99.1,0.008159999999999978,227.8,0.010139999999999993
resnet101,0.1,10,11,0,0.05,142.2,0.015959999999999974,270.9,0.01793999999999999
resnet101,0.1,10,11,0,0.1318181818181818,141.2,0.015479999999999994,269.9,0.01746000000000001
resnet101,0.1,10,11,0,0.21363636363636362,133.8,0.013579999999999991,262.5,0.015560000000000008
resnet101,0.1,10,11,0,0.2954545454545454,131.9,0.012999999999999989,260.6,0.014980000000000004
resnet101,0.1,10,11,0,0.3772727272727272,129.8,0.012469999999999959,258.5,0.014449999999999973
resnet101,0.1,10,11,0,0.459090909090909,127.8,0.011919999999999964,256.5,0.013899999999999978
resnet101,0.1,10,11,0,0.5409090909090909,126.8,0.011879999999999969,255.5,0.013859999999999983
resnet101,0.1,10,11,0,0.6227272727272727,109.9,0.009469999999999968,238.6,0.011449999999999983
resnet101,0.1,10,11,0,0.7045454545454545,107.9,0.009019999999999983,236.6,0.011
resnet101,0.1,10,11,0,0.7863636363636363,106.9,0.008789999999999987,235.6,0.010770000000000002
resnet101,0.1,10,11,0,0.868181818181818,104.9,0.008630000000000004,233.6,0.010610000000000019
resnet101,0.1,10,11,0,0.95,90.0,0.007259999999999977,218.7,0.009239999999999993
resnet101,0.21250000000000002,10,11,0,0.05,118.0,0.012159999999999982,246.7,0.014139999999999996
resnet101,0.21250000000000002,10,11,0,0.1318181818181818,116.1,0.01207999999999999,244.8,0.014060000000000007
resnet101,0.21250000000000002,10,11,0,0.21363636363636362,110.0,0.010279999999999978,238.7,0.012259999999999993
resnet101,0.21250000000000002,10,11,0,0.2954545454545454,109.0,0.01006999999999999,237.7,0.012050000000000005
resnet101,0.21250000000000002,10,11,0,0.3772727272727272,106.1,0.008549999999999957,234.8,0.010529999999999973
resnet101,0.21250000000000002,10,11,0,0.459090909090909,104.0,0.008499999999999952,232.7,0.010479999999999967
resnet101,0.21250000000000002,10,11,0,0.5409090909090909,103.0,0.008499999999999952,231.7,0.010479999999999967
resnet101,0.21250000000000002,10,11,0,0.6227272727272727,91.7,0.007099999999999973,220.4,0.009079999999999987
resnet101,0.21250000000000002,10,11,0,0.7045454545454545,86.5,0.00611999999999997,215.2,0.008099999999999986
resnet101,0.21250000000000002,10,11,0,0.7863636363636363,83.2,0.00602999999999998,211.9,0.008009999999999995
resnet101,0.21250000000000002,10,11,0,0.868181818181818,81.2,0.005529999999999991,209.9,0.007510000000000005
resnet101,0.21250000000000002,10,11,0,0.95,79.2,0.005529999999999991,207.9,0.007510000000000005
resnet101,0.325,10,11,0,0.05,126.5,0.018750000000000024,255.2,0.020730000000000037
resnet101,0.325,10,11,0,0.1318181818181818,125.5,0.01746000000000001,254.2,0.019440000000000023
resnet101,0.325,10,11,0,0.21363636363636362,123.3,0.01584,252.0,0.017820000000000013
resnet101,0.325,10,11,0,0.2954545454545454,122.3,0.01584,251.0,0.017820000000000013
resnet101,0.325,10,11,0,0.3772727272727272,120.2,0.015039999999999987,248.9,0.01702
resnet101,0.325,10,11,0,0.459090909090909,118.2,0.015039999999999987,246.9,0.01702
resnet101,0.325,10,11,0,0.5409090909090909,117.2,0.014719999999999988,245.9,0.016700000000000003
resnet101,0.325,10,11,0,0.6227272727272727,115.2,0.013989999999999992,243.9,0.015970000000000005
resnet101,0.325,10,11,0,0.7045454545454545,113.2,0.012359999999999982,241.9,0.014339999999999997
resnet101,0.325,10,11,0,0.7863636363636363,87.0,0.008940000000000003,215.7,0.010920000000000018
resnet101,0.325,10,11,0,0.868181818181818,70.4,0.008569999999999989,199.1,0.010550000000000004
resnet101,0.325,10,11,0,0.95,40.6,0.006469999999999987,169.3,0.008450000000000003
resnet101,0.4375,10,11,0,0.05,128.0,0.015209999999999979,256.7,0.017189999999999993
resnet101,0.4375,10,11,0,0.1318181818181818,126.9,0.014889999999999981,255.6,0.016869999999999996
resnet101,0.4375,10,11,0,0.21363636363636362,121.8,0.012349999999999983,250.5,0.014329999999999999
resnet101,0.4375,10,11,0,0.2954545454545454,120.8,0.012349999999999983,249.5,0.014329999999999999
resnet101,0.4375,10,11,0,0.3772727272727272,118.8,0.011299999999999977,247.5,0.013279999999999991
resnet101,0.4375,10,11,0,0.459090909090909,116.8,0.01127999999999999,245.5,0.013260000000000004
resnet101,0.4375,10,11,0,0.5409090909090909,115.6,0.010999999999999987,244.3,0.012980000000000002
resnet101,0.4375,10,11,0,0.6227272727272727,107.0,0.009660000000000002,235.7,0.011640000000000017
resnet101,0.4375,10,11,0,0.7045454545454545,97.7,0.008879999999999999,226.4,0.010860000000000014
resnet101,0.4375,10,11,0,0.7863636363636363,96.7,0.008879999999999999,225.4,0.010860000000000014
resnet101,0.4375,10,11,0,0.868181818181818,94.7,0.008709999999999985,223.4,0.01069
resnet101,0.4375,10,11,0,0.95,78.1,0.006639999999999979,206.8,0.008619999999999994
resnet101,0.55,10,11,0,0.05,131.3,0.015390000000000004,260.0,0.017370000000000017
resnet101,0.55,10,11,0,0.1318181818181818,130.2,0.014749999999999996,258.9,0.016730000000000012
resnet101,0.55,10,11,0,0.21363636363636362,128.2,0.013609999999999978,256.9,0.015589999999999993
resnet101,0.55,10,11,0,0.2954545454545454,126.9,0.013439999999999975,255.6,0.01541999999999999
resnet101,0.55,10,11,0,0.3772727272727272,112.8,0.011719999999999975,241.5,0.01369999999999999
resnet101,0.55,10,11,0,0.459090909090909,110.8,0.010789999999999977,239.5,0.012769999999999993
resnet101,0.55,10,11,0,0.5409090909090909,102.9,0.009939999999999971,231.6,0.011919999999999986
resnet101,0.55,10,11,0,0.6227272727272727,70.9,0.008879999999999976,199.6,0.010859999999999991
resnet101,0.55,10,11,0,0.7045454545454545,27.8,0.006769999999999998,156.5,0.008750000000000013
resnet101,0.55,10,11,0,0.7863636363636363,27.0,0.006769999999999998,155.7,0.008750000000000013
resnet101,0.55,10,11,0,0.868181818181818,25.4,0.006769999999999998,154.1,0.008750000000000013
resnet101,0.55,10,11,0,0.95,-23.9,0.006619999999999982,104.8,0.008599999999999997
resnet101,0.6625,10,11,0,0.05,124.7,0.013549999999999996,253.4,0.01553000000000001
resnet101,0.6625,10,11,0,0.1318181818181818,123.7,0.012909999999999987,252.4,0.014890000000000004
resnet101,0.6625,10,11,0,0.21363636363636362,121.7,0.011889999999999967,250.4,0.013869999999999983
resnet101,0.6625,10,11,0,0.2954545454545454,120.4,0.011539999999999972,249.1,0.013519999999999987
resnet101,0.6625,10,11,0,0.3772727272727272,109.1,0.00985999999999997,237.8,0.011839999999999984
resnet101,0.6625,10,11,0,0.459090909090909,84.0,0.00955999999999998,212.7,0.011539999999999995
resnet101,0.6625,10,11,0,0.5409090909090909,83.1,0.00955999999999998,211.8,0.011539999999999995
resnet101,0.6625,10,11,0,0.6227272727272727,55.7,0.0069399999999999904,184.4,0.008920000000000006
resnet101,0.6625,10,11,0,0.7045454545454545,53.9,0.006589999999999996,182.6,0.008570000000000012
resnet101,0.6625,10,11,0,0.7863636363636363,47.0,0.005279999999999996,175.7,0.007260000000000011
resnet101,0.6625,10,11,0,0.868181818181818,45.2,0.005279999999999996,173.9,0.007260000000000011
resnet101,0.6625,10,11,0,0.95,14.6,0.004839999999999978,143.3,0.006819999999999993
resnet101,0.775,10,11,0,0.05,84.6,0.006129999999999991,213.3,0.008110000000000006
resnet101,0.775,10,11,0,0.1318181818181818,83.6,0.006129999999999991,212.3,0.008110000000000006
resnet101,0.775,10,11,0,0.21363636363636362,81.6,0.006009999999999993,210.3,0.007990000000000008
resnet101,0.775,10,11,0,0.2954545454545454,80.6,0.006009999999999993,209.3,0.007990000000000008
resnet101,0.775,10,11,0,0.3772727272727272,78.6,0.005999999999999983,207.3,0.007979999999999998
resnet101,0.775,10,11,0,0.459090909090909,70.5,0.0053399999999999784,199.2,0.007319999999999993
resnet101,0.775,10,11,0,0.5409090909090909,69.5,0.0053399999999999784,198.2,0.007319999999999993
resnet101,0.775,10,11,0,0.6227272727272727,43.7,0.00462999999999999,172.4,0.006610000000000005
resnet101,0.775,10,11,0,0.7045454545454545,41.9,0.004879999999999984,170.6,0.00686
resnet101,0.775,10,11,0,0.7863636363636363,13.2,0.0035599999999999855,141.9,0.005540000000000001
resnet101,0.775,10,11,0,0.868181818181818,11.4,0.0035599999999999855,140.1,0.005540000000000001
resnet101,0.775,10,11,0,0.95,7.0,0.0032299999999999885,135.7,0.005210000000000004
resnet101,0.8875,10,11,0,0.05,112.9,0.012429999999999952,241.6,0.014409999999999968
resnet101,0.8875,10,11,0,0.1318181818181818,111.9,0.011429999999999963,240.6,0.013409999999999977
resnet101,0.8875,10,11,0,0.21363636363636362,109.9,0.011089999999999956,238.6,0.01306999999999997
resnet101,0.8875,10,11,0,0.2954545454545454,108.1,0.011089999999999956,236.8,0.01306999999999997
resnet101,0.8875,10,11,0,0.3772727272727272,98.0,0.009299999999999965,226.7,0.01127999999999998
resnet101,0.8875,10,11,0,0.459090909090909,83.8,0.007349999999999968,212.5,0.009329999999999982
resnet101,0.8875,10,11,0,0.5409090909090909,81.2,0.007349999999999968,209.9,0.009329999999999982
resnet101,0.8875,10,11,0,0.6227272727272727,70.9,0.006779999999999975,199.6,0.00875999999999999
resnet101,0.8875,10,11,0,0.7045454545454545,56.6,0.006479999999999986,185.3,0.00846
resnet101,0.8875,10,11,0,0.7863636363636363,6.6,0.00452999999999999,135.3,0.0065100000000000045
resnet101,0.8875,10,11,0,0.868181818181818,4.6,0.00452999999999999,133.3,0.0065100000000000045
resnet101,0.8875,10,11,0,0.95,-2.6,0.0030299999999999884,126.1,0.005010000000000003
resnet101,0,10,13,0,0.05,133.4,0.011239999999999983,262.1,0.013219999999999999
resnet101,0,10,13,0,0.1318181818181818,132.4,0.011239999999999983,261.1,0.013219999999999999
resnet101,0,10,13,0,0.21363636363636362,130.4,0.01088,259.1,0.012860000000000016
resnet101,0,10,13,0,0.2954545454545454,129.4,0.010709999999999997,258.1,0.012690000000000012
resnet101,0,10,13,0,0.3772727272727272,127.4,0.010329999999999983,256.1,0.012309999999999998
resnet101,0,10,13,0,0.459090909090909,124.9,0.009969999999999968,253.6,0.011949999999999983
resnet101,0,10,13,0,0.5409090909090909,123.9,0.00986999999999998,252.6,0.011849999999999994
resnet101,0,10,13,0,0.6227272727272727,121.6,0.00986999999999998,250.3,0.011849999999999994
resnet101,0,10,13,0,0.7045454545454545,119.6,0.009469999999999989,248.3,0.011450000000000005
resnet101,0,10,13,0,0.7863636363636363,118.6,0.009289999999999998,247.3,0.011270000000000013
resnet101,0,10,13,0,0.868181818181818,88.1,0.00716,216.8,0.009140000000000014
resnet101,0,10,13,0,0.95,82.7,0.006820000000000004,211.4,0.00880000000000002
resnet101,0.1,10,13,0,0.05,125.5,0.010799999999999987,254.2,0.012780000000000003
resnet101,0.1,10,13,0,0.1318181818181818,124.5,0.010639999999999993,253.2,0.01262000000000001
resnet101,0.1,10,13,0,0.21363636363636362,122.2,0.010499999999999987,250.9,0.012480000000000002
resnet101,0.1,10,13,0,0.2954545454545454,121.2,0.010499999999999987,249.9,0.012480000000000002
resnet101,0.1,10,13,0,0.3772727272727272,105.5,0.009889999999999977,234.2,0.011869999999999992
resnet101,0.1,10,13,0,0.459090909090909,98.3,0.009729999999999983,227.0,0.011709999999999998
resnet101,0.1,10,13,0,0.5409090909090909,97.3,0.009689999999999987,226.0,0.011670000000000003
resnet101,0.1,10,13,0,0.6227272727272727,95.3,0.009619999999999995,224.0,0.01160000000000001
resnet101,0.1,10,13,0,0.7045454545454545,93.3,0.00938,222.0,0.011360000000000014
resnet101,0.1,10,13,0,0.7863636363636363,92.3,0.009060000000000012,221.0,0.011040000000000027
resnet101,0.1,10,13,0,0.868181818181818,89.4,0.008610000000000007,218.1,0.010590000000000021
resnet101,0.1,10,13,0,0.95,71.5,0.007799999999999996,200.2,0.009780000000000011
resnet101,0.21250000000000002,10,13,0,0.05,128.6,0.011809999999999977,257.3,0.013789999999999992
resnet101,0.21250000000000002,10,13,0,0.1318181818181818,127.6,0.011639999999999994,256.3,0.01362000000000001
resnet101,0.21250000000000002,10,13,0,0.21363636363636362,125.6,0.011049999999999982,254.3,0.013029999999999996
resnet101,0.21250000000000002,10,13,0,0.2954545454545454,124.6,0.011049999999999982,253.3,0.013029999999999996
resnet101,0.21250000000000002,10,13,0,0.3772727272727272,122.2,0.010399999999999965,250.9,0.01237999999999998
resnet101,0.21250000000000002,10,13,0,0.459090909090909,120.2,0.010229999999999961,248.9,0.012209999999999976
resnet101,0.21250000000000002,10,13,0,0.5409090909090909,118.9,0.010189999999999966,247.6,0.012169999999999981
resnet101,0.21250000000000002,10,13,0,0.6227272727272727,116.6,0.010119999999999973,245.3,0.01209999999999999
resnet101,0.21250000000000002,10,13,0,0.7045454545454545,114.6,0.009879999999999977,243.3,0.011859999999999992
resnet101,0.21250000000000002,10,13,0,0.7863636363636363,113.6,0.00955999999999999,242.3,0.011540000000000005
resnet101,0.21250000000000002,10,13,0,0.868181818181818,106.3,0.008479999999999988,235.0,0.010460000000000002
resnet101,0.21250000000000002,10,13,0,0.95,50.6,0.006249999999999989,179.3,0.008230000000000005
resnet101,0.325,10,13,0,0.05,130.0,0.012629999999999975,258.7,0.01460999999999999
resnet101,0.325,10,13,0,0.1318181818181818,129.0,0.012499999999999978,257.7,0.014479999999999993
resnet101,0.325,10,13,0,0.21363636363636362,127.0,0.012019999999999965,255.7,0.01399999999999998
resnet101,0.325,10,13,0,0.2954545454545454,126.0,0.012019999999999965,254.7,0.01399999999999998
resnet101,0.325,10,13,0,0.3772727272727272,120.5,0.01144999999999996,249.2,0.013429999999999975
resnet101,0.325,10,13,0,0.459090909090909,118.5,0.01053999999999996,247.2,0.012519999999999976
resnet101,0.325,10,13,0,0.5409090909090909,111.2,0.01013999999999996,239.9,0.012119999999999975
resnet101,0.325,10,13,0,0.6227272727272727,109.2,0.010049999999999958,237.9,0.012029999999999975
resnet101,0.325,10,13,0,0.7045454545454545,107.2,0.00963999999999996,235.9,0.011619999999999974
resnet101,0.325,10,13,0,0.7863636363636363,106.2,0.009459999999999968,234.9,0.011439999999999983
resnet101,0.325,10,13,0,0.868181818181818,104.1,0.009259999999999968,232.8,0.011239999999999983
resnet101,0.325,10,13,0,0.95,86.0,0.00782999999999997,214.7,0.009809999999999985
resnet101,0.4375,10,13,0,0.05,129.5,0.011609999999999964,258.2,0.01358999999999998
resnet101,0.4375,10,13,0,0.1318181818181818,128.5,0.011609999999999964,257.2,0.01358999999999998
resnet101,0.4375,10,13,0,0.21363636363636362,112.9,0.00953999999999997,241.6,0.011519999999999985
resnet101,0.4375,10,13,0,0.2954545454545454,111.9,0.009509999999999963,240.6,0.011489999999999978
resnet101,0.4375,10,13,0,0.3772727272727272,109.9,0.009309999999999975,238.6,0.01128999999999999
resnet101,0.4375,10,13,0,0.459090909090909,107.9,0.009299999999999965,236.6,0.01127999999999998
resnet101,0.4375,10,13,0,0.5409090909090909,96.8,0.008779999999999977,225.5,0.010759999999999992
resnet101,0.4375,10,13,0,0.6227272727272727,94.4,0.00854999999999998,223.1,0.010529999999999994
resnet101,0.4375,10,13,0,0.7045454545454545,92.4,0.008289999999999974,221.1,0.010269999999999991
resnet101,0.4375,10,13,0,0.7863636363636363,91.4,0.008289999999999974,220.1,0.010269999999999991
resnet101,0.4375,10,13,0,0.868181818181818,64.9,0.006639999999999979,193.6,0.008619999999999994
resnet101,0.4375,10,13,0,0.95,59.6,0.0067499999999999895,188.3,0.008730000000000005
resnet101,0.55,10,13,0,0.05,127.7,0.012149999999999972,256.4,0.014129999999999986
resnet101,0.55,10,13,0,0.1318181818181818,125.3,0.011629999999999963,254.0,0.013609999999999978
resnet101,0.55,10,13,0,0.21363636363636362,97.2,0.009169999999999966,225.9,0.011149999999999983
resnet101,0.55,10,13,0,0.2954545454545454,96.2,0.009169999999999966,224.9,0.011149999999999983
resnet101,0.55,10,13,0,0.3772727272727272,92.1,0.009019999999999972,220.8,0.010999999999999987
resnet101,0.55,10,13,0,0.459090909090909,89.8,0.008309999999999962,218.5,0.010289999999999976
resnet101,0.55,10,13,0,0.5409090909090909,78.7,0.00773999999999998,207.4,0.009719999999999996
resnet101,0.55,10,13,0,0.6227272727272727,76.7,0.00724999999999999,205.4,0.009230000000000006
resnet101,0.55,10,13,0,0.7045454545454545,74.7,0.006999999999999984,203.4,0.008979999999999998
resnet101,0.55,10,13,0,0.7863636363636363,67.4,0.006759999999999977,196.1,0.008739999999999993
resnet101,0.55,10,13,0,0.868181818181818,65.1,0.0065999999999999835,193.8,0.008579999999999999
resnet101,0.55,10,13,0,0.95,50.4,0.0061599999999999875,179.1,0.008140000000000003
resnet101,0.6625,10,13,0,0.05,106.2,0.008919999999999983,234.9,0.010899999999999998
resnet101,0.6625,10,13,0,0.1318181818181818,105.2,0.00873999999999998,233.9,0.010719999999999997
resnet101,0.6625,10,13,0,0.21363636363636362,102.7,0.007889999999999963,231.4,0.00986999999999998
resnet101,0.6625,10,13,0,0.2954545454545454,101.7,0.007889999999999963,230.4,0.00986999999999998
resnet101,0.6625,10,13,0,0.3772727272727272,78.5,0.006989999999999963,207.2,0.008969999999999978
resnet101,0.6625,10,13,0,0.459090909090909,62.9,0.006319999999999981,191.6,0.008299999999999997
resnet101,0.6625,10,13,0,0.5409090909090909,61.9,0.006319999999999981,190.6,0.008299999999999997
resnet101,0.6625,10,13,0,0.6227272727272727,59.9,0.006239999999999979,188.6,0.008219999999999995
resnet101,0.6625,10,13,0,0.7045454545454545,50.7,0.006389999999999984,179.4,0.008369999999999999
resnet101,0.6625,10,13,0,0.7863636363636363,49.8,0.006389999999999984,178.5,0.008369999999999999
resnet101,0.6625,10,13,0,0.868181818181818,38.0,0.004930000000000001,166.7,0.006910000000000016
resnet101,0.6625,10,13,0,0.95,15.1,0.004930000000000001,143.8,0.006910000000000016
resnet101,0.775,10,13,0,0.05,77.3,0.007459999999999978,206.0,0.009439999999999994
resnet101,0.775,10,13,0,0.1318181818181818,76.3,0.007459999999999978,205.0,0.009439999999999994
resnet101,0.775,10,13,0,0.21363636363636362,73.8,0.0071599999999999555,202.5,0.009139999999999971
resnet101,0.775,10,13,0,0.2954545454545454,72.8,0.0071599999999999555,201.5,0.009139999999999971
resnet101,0.775,10,13,0,0.3772727272727272,66.6,0.0063899999999999626,195.3,0.008369999999999978
resnet101,0.775,10,13,0,0.459090909090909,64.6,0.00631999999999997,193.3,0.008299999999999984
resnet101,0.775,10,13,0,0.5409090909090909,63.6,0.005979999999999974,192.3,0.00795999999999999
resnet101,0.775,10,13,0,0.6227272727272727,61.6,0.005969999999999975,190.3,0.00794999999999999
resnet101,0.775,10,13,0,0.7045454545454545,48.9,0.0048499999999999654,177.6,0.00682999999999998
resnet101,0.775,10,13,0,0.7863636363636363,43.0,0.0048399999999999554,171.7,0.00681999999999997
resnet101,0.775,10,13,0,0.868181818181818,12.7,0.003699999999999959,141.4,0.005679999999999974
resnet101,0.775,10,13,0,0.95,10.9,0.003699999999999959,139.6,0.005679999999999974
resnet101,0.8875,10,13,0,0.05,103.3,0.009609999999999962,232.0,0.011589999999999979
resnet101,0.8875,10,13,0,0.1318181818181818,93.9,0.009249999999999958,222.6,0.011229999999999973
resnet101,0.8875,10,13,0,0.21363636363636362,85.3,0.008779999999999965,214.0,0.010759999999999981
resnet101,0.8875,10,13,0,0.2954545454545454,84.3,0.008609999999999961,213.0,0.010589999999999978
resnet101,0.8875,10,13,0,0.3772727272727272,73.4,0.007859999999999945,202.1,0.00983999999999996
resnet101,0.8875,10,13,0,0.459090909090909,71.4,0.006989999999999941,200.1,0.008969999999999955
resnet101,0.8875,10,13,0,0.5409090909090909,70.4,0.006989999999999941,199.1,0.008969999999999955
resnet101,0.8875,10,13,0,0.6227272727272727,58.0,0.005869999999999964,186.7,0.007849999999999979
resnet101,0.8875,10,13,0,0.7045454545454545,55.6,0.005639999999999956,184.3,0.007619999999999971
resnet101,0.8875,10,13,0,0.7863636363636363,54.6,0.005639999999999956,183.3,0.007619999999999971
resnet101,0.8875,10,13,0,0.868181818181818,48.3,0.004819999999999958,177.0,0.006799999999999973
resnet101,0.8875,10,13,0,0.95,40.4,0.004359999999999964,169.1,0.006339999999999979
resnet101,0,10,15,0,0.05,100.4,0.010839999999999983,229.1,0.012819999999999998
resnet101,0,10,15,0,0.1318181818181818,99.4,0.010839999999999983,228.1,0.012819999999999998
resnet101,0,10,15,0,0.21363636363636362,97.4,0.010189999999999977,226.1,0.012169999999999992
resnet101,0,10,15,0,0.2954545454545454,96.4,0.010179999999999977,225.1,0.012159999999999994
resnet101,0,10,15,0,0.3772727272727272,94.4,0.009809999999999996,223.1,0.011790000000000012
resnet101,0,10,15,0,0.459090909090909,92.4,0.009809999999999996,221.1,0.011790000000000012
resnet101,0,10,15,0,0.5409090909090909,91.4,0.009809999999999996,220.1,0.011790000000000012
resnet101,0,10,15,0,0.6227272727272727,77.8,0.007939999999999992,206.5,0.009920000000000007
resnet101,0,10,15,0,0.7045454545454545,75.8,0.007420000000000005,204.5,0.00940000000000002
resnet101,0,10,15,0,0.7863636363636363,74.8,0.006900000000000006,203.5,0.008880000000000022
resnet101,0,10,15,0,0.868181818181818,67.1,0.005990000000000007,195.8,0.007970000000000022
resnet101,0,10,15,0,0.95,52.0,0.004999999999999993,180.7,0.006980000000000009
resnet101,0.1,10,15,0,0.05,115.5,0.010379999999999978,244.2,0.012359999999999993
resnet101,0.1,10,15,0,0.1318181818181818,114.5,0.010379999999999978,243.2,0.012359999999999993
resnet101,0.1,10,15,0,0.21363636363636362,112.5,0.009679999999999966,241.2,0.011659999999999981
resnet101,0.1,10,15,0,0.2954545454545454,111.5,0.009679999999999966,240.2,0.011659999999999981
resnet101,0.1,10,15,0,0.3772727272727272,109.5,0.009129999999999982,238.2,0.011109999999999998
resnet101,0.1,10,15,0,0.459090909090909,107.5,0.009129999999999982,236.2,0.011109999999999998
resnet101,0.1,10,15,0,0.5409090909090909,95.8,0.007989999999999987,224.5,0.009970000000000001
resnet101,0.1,10,15,0,0.6227272727272727,93.5,0.007369999999999988,222.2,0.009350000000000002
resnet101,0.1,10,15,0,0.7045454545454545,91.5,0.007129999999999981,220.2,0.009109999999999997
resnet101,0.1,10,15,0,0.7863636363636363,83.1,0.00612999999999998,211.8,0.008109999999999996
resnet101,0.1,10,15,0,0.868181818181818,81.1,0.00562999999999998,209.8,0.007609999999999994
resnet101,0.1,10,15,0,0.95,61.3,0.004829999999999978,190.0,0.006809999999999994
resnet101,0.21250000000000002,10,15,0,0.05,111.8,0.009469999999999978,240.5,0.011449999999999993
resnet101,0.21250000000000002,10,15,0,0.1318181818181818,110.8,0.009339999999999982,239.5,0.011319999999999997
resnet101,0.21250000000000002,10,15,0,0.21363636363636362,108.8,0.008659999999999978,237.5,0.010639999999999993
resnet101,0.21250000000000002,10,15,0,0.2954545454545454,107.8,0.008659999999999978,236.5,0.010639999999999993
resnet101,0.21250000000000002,10,15,0,0.3772727272727272,95.1,0.006959999999999989,223.8,0.008940000000000003
resnet101,0.21250000000000002,10,15,0,0.459090909090909,93.1,0.006729999999999991,221.8,0.008710000000000006
resnet101,0.21250000000000002,10,15,0,0.5409090909090909,92.1,0.006729999999999991,220.8,0.008710000000000006
resnet101,0.21250000000000002,10,15,0,0.6227272727272727,90.1,0.006589999999999985,218.8,0.00857
resnet101,0.21250000000000002,10,15,0,0.7045454545454545,88.1,0.006249999999999989,216.8,0.008230000000000005
resnet101,0.21250000000000002,10,15,0,0.7863636363636363,83.0,0.006199999999999995,211.7,0.00818000000000001
resnet101,0.21250000000000002,10,15,0,0.868181818181818,81.0,0.0061599999999999875,209.7,0.008140000000000003
resnet101,0.21250000000000002,10,15,0,0.95,74.7,0.0061599999999999875,203.4,0.008140000000000003
resnet101,0.325,10,15,0,0.05,130.4,0.011639999999999973,259.1,0.013619999999999988
resnet101,0.325,10,15,0,0.1318181818181818,129.4,0.011639999999999973,258.1,0.013619999999999988
resnet101,0.325,10,15,0,0.21363636363636362,127.4,0.010829999999999961,256.1,0.012809999999999978
resnet101,0.325,10,15,0,0.2954545454545454,126.4,0.010829999999999961,255.1,0.012809999999999978
resnet101,0.325,10,15,0,0.3772727272727272,120.0,0.01019,248.7,0.012170000000000014
resnet101,0.325,10,15,0,0.459090909090909,118.0,0.009919999999999984,246.7,0.011899999999999999
resnet101,0.325,10,15,0,0.5409090909090909,117.0,0.009919999999999984,245.7,0.011899999999999999
resnet101,0.325,10,15,0,0.6227272727272727,108.5,0.008519999999999995,237.2,0.01050000000000001
resnet101,0.325,10,15,0,0.7045454545454545,97.7,0.006709999999999971,226.4,0.008689999999999986
resnet101,0.325,10,15,0,0.7863636363636363,92.3,0.006659999999999977,221.0,0.008639999999999991
resnet101,0.325,10,15,0,0.868181818181818,90.3,0.006659999999999977,219.0,0.008639999999999991
resnet101,0.325,10,15,0,0.95,58.3,0.005849999999999978,187.0,0.007829999999999993
resnet101,0.4375,10,15,0,0.05,120.6,0.010389999999999988,249.3,0.012370000000000003
resnet101,0.4375,10,15,0,0.1318181818181818,117.9,0.01005999999999999,246.6,0.012040000000000006
resnet101,0.4375,10,15,0,0.21363636363636362,113.5,0.009119999999999984,242.2,0.011099999999999999
resnet101,0.4375,10,15,0,0.2954545454545454,112.5,0.009009999999999985,241.2,0.01099
resnet101,0.4375,10,15,0,0.3772727272727272,105.4,0.008499999999999997,234.1,0.010480000000000012
resnet101,0.4375,10,15,0,0.459090909090909,103.4,0.008239999999999992,232.1,0.010220000000000007
resnet101,0.4375,10,15,0,0.5409090909090909,102.4,0.008239999999999992,231.1,0.010220000000000007
resnet101,0.4375,10,15,0,0.6227272727272727,100.4,0.00815999999999999,229.1,0.010140000000000005
resnet101,0.4375,10,15,0,0.7045454545454545,89.6,0.006469999999999976,218.3,0.00844999999999999
resnet101,0.4375,10,15,0,0.7863636363636363,85.9,0.006419999999999981,214.6,0.008399999999999996
resnet101,0.4375,10,15,0,0.868181818181818,58.7,0.005399999999999983,187.4,0.007379999999999998
resnet101,0.4375,10,15,0,0.95,15.9,0.003190000000000004,144.6,0.005170000000000019
resnet101,0.55,10,15,0,0.05,107.6,0.008419999999999993,236.3,0.01040000000000001
resnet101,0.55,10,15,0,0.1318181818181818,106.6,0.008389999999999998,235.3,0.010370000000000013
resnet101,0.55,10,15,0,0.21363636363636362,104.6,0.007509999999999984,233.3,0.009489999999999998
resnet101,0.55,10,15,0,0.2954545454545454,103.6,0.0071999999999999955,232.3,0.009180000000000011
resnet101,0.55,10,15,0,0.3772727272727272,97.0,0.0066500000000000005,225.7,0.008630000000000016
resnet101,0.55,10,15,0,0.459090909090909,95.0,0.0066399999999999905,223.7,0.008620000000000006
resnet101,0.55,10,15,0,0.5409090909090909,94.0,0.0066399999999999905,222.7,0.008620000000000006
resnet101,0.55,10,15,0,0.6227272727272727,92.0,0.00612999999999998,220.7,0.008109999999999996
resnet101,0.55,10,15,0,0.7045454545454545,90.0,0.006079999999999986,218.7,0.008060000000000001
resnet101,0.55,10,15,0,0.7863636363636363,89.0,0.006079999999999986,217.7,0.008060000000000001
resnet101,0.55,10,15,0,0.868181818181818,76.3,0.005669999999999975,205.0,0.00764999999999999
resnet101,0.55,10,15,0,0.95,69.2,0.005459999999999976,197.9,0.007439999999999991
resnet101,0.6625,10,15,0,0.05,97.1,0.008479999999999977,225.8,0.010459999999999992
resnet101,0.6625,10,15,0,0.1318181818181818,96.1,0.008069999999999976,224.8,0.010049999999999993
resnet101,0.6625,10,15,0,0.21363636363636362,94.1,0.007589999999999974,222.8,0.00956999999999999
resnet101,0.6625,10,15,0,0.2954545454545454,82.5,0.007169999999999977,211.2,0.009149999999999991
resnet101,0.6625,10,15,0,0.3772727272727272,75.8,0.0063200000000000036,204.5,0.00830000000000002
resnet101,0.6625,10,15,0,0.459090909090909,71.4,0.005969999999999998,200.1,0.007950000000000013
resnet101,0.6625,10,15,0,0.5409090909090909,70.4,0.005889999999999995,199.1,0.00787000000000001
resnet101,0.6625,10,15,0,0.6227272727272727,41.9,0.00421999999999999,170.6,0.006200000000000006
resnet101,0.6625,10,15,0,0.7045454545454545,39.9,0.003999999999999992,168.6,0.005980000000000008
resnet101,0.6625,10,15,0,0.7863636363636363,38.9,0.003949999999999998,167.6,0.005930000000000013
resnet101,0.6625,10,15,0,0.868181818181818,-0.3,0.002729999999999977,128.4,0.004709999999999992
resnet101,0.6625,10,15,0,0.95,-18.2,0.002159999999999973,110.5,0.004139999999999988
resnet101,0.775,10,15,0,0.05,68.9,0.009029999999999972,197.6,0.011009999999999987
resnet101,0.775,10,15,0,0.1318181818181818,68.0,0.008699999999999986,196.7,0.01068
resnet101,0.775,10,15,0,0.21363636363636362,66.2,0.007819999999999983,194.9,0.009799999999999998
resnet101,0.775,10,15,0,0.2954545454545454,65.3,0.007819999999999983,194.0,0.009799999999999998
resnet101,0.775,10,15,0,0.3772727272727272,55.6,0.00625,184.3,0.008230000000000015
resnet101,0.775,10,15,0,0.459090909090909,53.5,0.005449999999999988,182.2,0.0074300000000000034
resnet101,0.775,10,15,0,0.5409090909090909,52.6,0.00524,181.3,0.0072200000000000155
resnet101,0.775,10,15,0,0.6227272727272727,50.8,0.004739999999999999,179.5,0.006720000000000015
resnet101,0.775,10,15,0,0.7045454545454545,49.0,0.004719999999999991,177.7,0.006700000000000006
resnet101,0.775,10,15,0,0.7863636363636363,48.1,0.004719999999999991,176.8,0.006700000000000006
resnet101,0.775,10,15,0,0.868181818181818,40.4,0.0045099999999999914,169.1,0.006490000000000007
resnet101,0.775,10,15,0,0.95,37.8,0.004489999999999994,166.5,0.006470000000000009
resnet101,0.8875,10,15,0,0.05,45.0,0.005999999999999983,173.7,0.007979999999999998
resnet101,0.8875,10,15,0,0.1318181818181818,42.9,0.005939999999999968,171.6,0.007919999999999983
resnet101,0.8875,10,15,0,0.21363636363636362,41.1,0.00518999999999995,169.8,0.0071699999999999655
resnet101,0.8875,10,15,0,0.2954545454545454,40.2,0.005139999999999955,168.9,0.007119999999999971
resnet101,0.8875,10,15,0,0.3772727272727272,38.4,0.005029999999999956,167.1,0.007009999999999972
resnet101,0.8875,10,15,0,0.459090909090909,36.5,0.0048399999999999554,165.2,0.00681999999999997
resnet101,0.8875,10,15,0,0.5409090909090909,35.6,0.004699999999999959,164.3,0.006679999999999975
resnet101,0.8875,10,15,0,0.6227272727272727,33.8,0.004699999999999959,162.5,0.006679999999999975
resnet101,0.8875,10,15,0,0.7045454545454545,32.0,0.004659999999999953,160.7,0.006639999999999968
resnet101,0.8875,10,15,0,0.7863636363636363,31.1,0.004659999999999953,159.8,0.006639999999999968
resnet101,0.8875,10,15,0,0.868181818181818,29.3,0.004639999999999955,158.0,0.0066199999999999705
resnet101,0.8875,10,15,0,0.95,27.5,0.004339999999999955,156.2,0.00631999999999997
resnet101,0,10,17,0,0.05,95.6,0.010579999999999968,224.3,0.012559999999999983
resnet101,0,10,17,0,0.1318181818181818,94.6,0.010559999999999958,223.3,0.012539999999999973
resnet101,0,10,17,0,0.21363636363636362,92.6,0.010199999999999964,221.3,0.012179999999999979
resnet101,0,10,17,0,0.2954545454545454,91.6,0.010099999999999975,220.3,0.01207999999999999
resnet101,0,10,17,0,0.3772727272727272,72.2,0.008699999999999986,200.9,0.01068
resnet101,0,10,17,0,0.459090909090909,69.4,0.008479999999999998,198.1,0.010460000000000014
resnet101,0,10,17,0,0.5409090909090909,68.4,0.007880000000000009,197.1,0.009860000000000025
resnet101,0,10,17,0,0.6227272727272727,66.4,0.007769999999999999,195.1,0.009750000000000014
resnet101,0,10,17,0,0.7045454545454545,61.4,0.007680000000000009,190.1,0.009660000000000024
resnet101,0,10,17,0,0.7863636363636363,58.7,0.00777000000000001,187.4,0.009750000000000026
resnet101,0,10,17,0,0.868181818181818,45.3,0.006229999999999991,174.0,0.008210000000000005
resnet101,0,10,17,0,0.95,43.5,0.00575,172.2,0.007730000000000015
resnet101,0.1,10,17,0,0.05,120.3,0.011949999999999983,249.0,0.013929999999999998
resnet101,0.1,10,17,0,0.1318181818181818,119.3,0.011139999999999973,248.0,0.013119999999999988
resnet101,0.1,10,17,0,0.21363636363636362,117.2,0.011139999999999973,245.9,0.013119999999999988
resnet101,0.1,10,17,0,0.2954545454545454,107.8,0.00995999999999998,236.5,0.011939999999999996
resnet101,0.1,10,17,0,0.3772727272727272,102.8,0.009579999999999977,231.5,0.011559999999999992
resnet101,0.1,10,17,0,0.459090909090909,100.8,0.008679999999999976,229.5,0.010659999999999992
resnet101,0.1,10,17,0,0.5409090909090909,99.8,0.008539999999999982,228.5,0.010519999999999996
resnet101,0.1,10,17,0,0.6227272727272727,97.8,0.008489999999999987,226.5,0.010470000000000002
resnet101,0.1,10,17,0,0.7045454545454545,95.8,0.008099999999999996,224.5,0.01008000000000001
resnet101,0.1,10,17,0,0.7863636363636363,94.8,0.008099999999999996,223.5,0.01008000000000001
resnet101,0.1,10,17,0,0.868181818181818,80.9,0.007640000000000003,209.6,0.009620000000000017
resnet101,0.1,10,17,0,0.95,48.3,0.0044699999999999965,177.0,0.006450000000000011
resnet101,0.21250000000000002,10,17,0,0.05,120.3,0.011659999999999993,249.0,0.013640000000000008
resnet101,0.21250000000000002,10,17,0,0.1318181818181818,116.2,0.010789999999999977,244.9,0.012769999999999993
resnet101,0.21250000000000002,10,17,0,0.21363636363636362,107.7,0.009459999999999968,236.4,0.011439999999999983
resnet101,0.21250000000000002,10,17,0,0.2954545454545454,106.1,0.009179999999999976,234.8,0.011159999999999993
resnet101,0.21250000000000002,10,17,0,0.3772727272727272,104.1,0.009179999999999976,232.8,0.011159999999999993
resnet101,0.21250000000000002,10,17,0,0.459090909090909,102.1,0.008989999999999975,230.8,0.01096999999999999
resnet101,0.21250000000000002,10,17,0,0.5409090909090909,101.1,0.00884999999999998,229.8,0.010829999999999996
resnet101,0.21250000000000002,10,17,0,0.6227272727272727,99.1,0.008039999999999981,227.8,0.010019999999999996
resnet101,0.21250000000000002,10,17,0,0.7045454545454545,97.1,0.007909999999999983,225.8,0.00989
resnet101,0.21250000000000002,10,17,0,0.7863636363636363,45.8,0.004719999999999991,174.5,0.006700000000000006
resnet101,0.21250000000000002,10,17,0,0.868181818181818,43.8,0.004699999999999993,172.5,0.006680000000000008
resnet101,0.21250000000000002,10,17,0,0.95,41.8,0.003839999999999988,170.5,0.005820000000000003
resnet101,0.325,10,17,0,0.05,121.4,0.011319999999999974,250.1,0.013299999999999989
resnet101,0.325,10,17,0,0.1318181818181818,120.4,0.01104999999999996,249.1,0.013029999999999976
resnet101,0.325,10,17,0,0.21363636363636362,98.0,0.009029999999999972,226.7,0.011009999999999987
resnet101,0.325,10,17,0,0.2954545454545454,97.0,0.008929999999999983,225.7,0.010909999999999998
resnet101,0.325,10,17,0,0.3772727272727272,94.4,0.008629999999999981,223.1,0.010609999999999998
resnet101,0.325,10,17,0,0.459090909090909,92.4,0.00843999999999998,221.1,0.010419999999999995
resnet101,0.325,10,17,0,0.5409090909090909,78.6,0.00822999999999997,207.3,0.010209999999999986
resnet101,0.325,10,17,0,0.6227272727272727,76.8,0.00723999999999998,205.5,0.009219999999999996
resnet101,0.325,10,17,0,0.7045454545454545,64.3,0.006399999999999994,193.0,0.008380000000000009
resnet101,0.325,10,17,0,0.7863636363636363,27.3,0.0036099999999999687,156.0,0.005589999999999984
resnet101,0.325,10,17,0,0.868181818181818,11.7,0.0031299999999999883,140.4,0.005110000000000003
resnet101,0.325,10,17,0,0.95,-0.4,0.0023599999999999845,128.3,0.004339999999999999
resnet101,0.4375,10,17,0,0.05,124.7,0.010729999999999984,253.4,0.012709999999999999
resnet101,0.4375,10,17,0,0.1318181818181818,117.5,0.009399999999999986,246.2,0.011380000000000001
resnet101,0.4375,10,17,0,0.21363636363636362,99.2,0.0071999999999999955,227.9,0.009180000000000011
resnet101,0.4375,10,17,0,0.2954545454545454,92.2,0.0071999999999999955,220.9,0.009180000000000011
resnet101,0.4375,10,17,0,0.3772727272727272,58.4,0.006200000000000006,187.1,0.00818000000000002
resnet101,0.4375,10,17,0,0.459090909090909,56.6,0.005929999999999991,185.3,0.007910000000000006
resnet101,0.4375,10,17,0,0.5409090909090909,55.7,0.005779999999999985,184.4,0.00776
resnet101,0.4375,10,17,0,0.6227272727272727,53.9,0.005449999999999988,182.6,0.0074300000000000034
resnet101,0.4375,10,17,0,0.7045454545454545,47.1,0.005049999999999999,175.8,0.007030000000000014
resnet101,0.4375,10,17,0,0.7863636363636363,16.7,0.003939999999999999,145.4,0.005920000000000014
resnet101,0.4375,10,17,0,0.868181818181818,1.2,0.003410000000000013,129.9,0.0053900000000000284
resnet101,0.4375,10,17,0,0.95,-21.4,0.002190000000000014,107.3,0.00417000000000003
resnet101,0.55,10,17,0,0.05,89.0,0.0071699999999999655,217.7,0.009149999999999981
resnet101,0.55,10,17,0,0.1318181818181818,88.0,0.0071699999999999655,216.7,0.009149999999999981
resnet101,0.55,10,17,0,0.21363636363636362,86.0,0.0066299999999999805,214.7,0.008609999999999996
resnet101,0.55,10,17,0,0.2954545454545454,85.0,0.006479999999999986,213.7,0.00846
resnet101,0.55,10,17,0,0.3772727272727272,83.0,0.005849999999999999,211.7,0.007830000000000014
resnet101,0.55,10,17,0,0.459090909090909,56.2,0.0050300000000000015,184.9,0.007010000000000016
resnet101,0.55,10,17,0,0.5409090909090909,55.2,0.0048799999999999955,183.9,0.00686000000000001
resnet101,0.55,10,17,0,0.6227272727272727,53.2,0.00383,181.9,0.005810000000000015
resnet101,0.55,10,17,0,0.7045454545454545,40.7,0.003399999999999992,169.4,0.005380000000000007
resnet101,0.55,10,17,0,0.7863636363636363,39.7,0.0033199999999999896,168.4,0.005300000000000004
resnet101,0.55,10,17,0,0.868181818181818,37.7,0.0033199999999999896,166.4,0.005300000000000004
resnet101,0.55,10,17,0,0.95,35.7,0.0031200000000000004,164.4,0.005100000000000016
resnet101,0.6625,10,17,0,0.05,85.9,0.006649999999999989,214.6,0.008630000000000004
resnet101,0.6625,10,17,0,0.1318181818181818,84.9,0.006649999999999989,213.6,0.008630000000000004
resnet101,0.6625,10,17,0,0.21363636363636362,65.6,0.005389999999999983,194.3,0.007369999999999999
resnet101,0.6625,10,17,0,0.2954545454545454,64.6,0.005289999999999994,193.3,0.00727000000000001
resnet101,0.6625,10,17,0,0.3772727272727272,62.6,0.005289999999999994,191.3,0.00727000000000001
resnet101,0.6625,10,17,0,0.459090909090909,60.6,0.005209999999999992,189.3,0.007190000000000007
resnet101,0.6625,10,17,0,0.5409090909090909,59.6,0.005209999999999992,188.3,0.007190000000000007
resnet101,0.6625,10,17,0,0.6227272727272727,57.6,0.005059999999999998,186.3,0.007040000000000013
resnet101,0.6625,10,17,0,0.7045454545454545,55.6,0.005059999999999998,184.3,0.007040000000000013
resnet101,0.6625,10,17,0,0.7863636363636363,36.7,0.004109999999999991,165.4,0.006090000000000007
resnet101,0.6625,10,17,0,0.868181818181818,9.4,0.002639999999999987,138.1,0.004620000000000002
resnet101,0.6625,10,17,0,0.95,7.4,0.002639999999999987,136.1,0.004620000000000002
resnet101,0.775,10,17,0,0.05,75.8,0.008339999999999959,204.5,0.010319999999999973
resnet101,0.775,10,17,0,0.1318181818181818,61.4,0.008009999999999962,190.1,0.009989999999999976
resnet101,0.775,10,17,0,0.21363636363636362,59.4,0.007189999999999963,188.1,0.009169999999999979
resnet101,0.775,10,17,0,0.2954545454545454,58.4,0.007089999999999974,187.1,0.00906999999999999
resnet101,0.775,10,17,0,0.3772727272727272,56.3,0.006789999999999974,185.0,0.00876999999999999
resnet101,0.775,10,17,0,0.459090909090909,32.9,0.005969999999999975,161.6,0.00794999999999999
resnet101,0.775,10,17,0,0.5409090909090909,31.9,0.005969999999999975,160.6,0.00794999999999999
resnet101,0.775,10,17,0,0.6227272727272727,29.5,0.00541999999999998,158.2,0.007399999999999995
resnet101,0.775,10,17,0,0.7045454545454545,27.5,0.005399999999999983,156.2,0.007379999999999998
resnet101,0.775,10,17,0,0.7863636363636363,22.3,0.004829999999999968,151.0,0.006809999999999983
resnet101,0.775,10,17,0,0.868181818181818,-8.5,0.003979999999999972,120.2,0.005959999999999988
resnet101,0.775,10,17,0,0.95,-36.9,0.0007999999999999896,91.8,0.0027800000000000047
resnet101,0.8875,10,17,0,0.05,73.8,0.007859999999999978,202.5,0.009839999999999993
resnet101,0.8875,10,17,0,0.1318181818181818,72.8,0.00743999999999998,201.5,0.009419999999999994
resnet101,0.8875,10,17,0,0.21363636363636362,62.7,0.005959999999999977,191.4,0.007939999999999992
resnet101,0.8875,10,17,0,0.2954545454545454,61.7,0.005959999999999977,190.4,0.007939999999999992
resnet101,0.8875,10,17,0,0.3772727272727272,59.7,0.005959999999999977,188.4,0.007939999999999992
resnet101,0.8875,10,17,0,0.459090909090909,57.3,0.00562999999999998,186.0,0.007609999999999994
resnet101,0.8875,10,17,0,0.5409090909090909,56.3,0.00562999999999998,185.0,0.007609999999999994
resnet101,0.8875,10,17,0,0.6227272727272727,54.3,0.004859999999999987,183.0,0.0068400000000000015
resnet101,0.8875,10,17,0,0.7045454545454545,52.3,0.004859999999999987,181.0,0.0068400000000000015
resnet101,0.8875,10,17,0,0.7863636363636363,51.3,0.004839999999999988,180.0,0.006820000000000004
resnet101,0.8875,10,17,0,0.868181818181818,46.7,0.004339999999999988,175.4,0.0063200000000000036
resnet101,0.8875,10,17,0,0.95,40.0,0.0030299999999999884,168.7,0.005010000000000003
resnet101,0,10,19,0,0.05,61.4,0.006209999999999982,190.1,0.008189999999999998
resnet101,0,10,19,0,0.1318181818181818,60.4,0.006169999999999976,189.1,0.00814999999999999
resnet101,0,10,19,0,0.21363636363636362,58.4,0.006169999999999976,187.1,0.00814999999999999
resnet101,0,10,19,0,0.2954545454545454,52.4,0.005479999999999974,181.1,0.007459999999999989
resnet101,0,10,19,0,0.3772727272727272,37.0,0.005699999999999972,165.7,0.007679999999999987
resnet101,0,10,19,0,0.459090909090909,5.6,0.0042799999999999835,134.3,0.006259999999999999
resnet101,0,10,19,0,0.5409090909090909,4.7,0.0042799999999999835,133.4,0.006259999999999999
resnet101,0,10,19,0,0.6227272727272727,2.5,0.004159999999999986,131.2,0.006140000000000001
resnet101,0,10,19,0,0.7045454545454545,0.7,0.00410999999999997,129.4,0.006089999999999984
resnet101,0,10,19,0,0.7863636363636363,-2.9,0.0038999999999999703,125.8,0.005879999999999985
resnet101,0,10,19,0,0.868181818181818,-76.6,0.002269999999999983,52.1,0.004249999999999999
resnet101,0,10,19,0,0.95,-78.0,0.002269999999999983,50.7,0.004249999999999999
resnet101,0.1,10,19,0,0.05,96.3,0.00966999999999999,225.0,0.011650000000000004
resnet101,0.1,10,19,0,0.1318181818181818,90.2,0.009019999999999983,218.9,0.011
resnet101,0.1,10,19,0,0.21363636363636362,88.2,0.008960000000000001,216.9,0.010940000000000016
resnet101,0.1,10,19,0,0.2954545454545454,87.2,0.007689999999999997,215.9,0.009670000000000012
resnet101,0.1,10,19,0,0.3772727272727272,82.0,0.007440000000000002,210.7,0.009420000000000017
resnet101,0.1,10,19,0,0.459090909090909,60.7,0.005169999999999985,189.4,0.007150000000000001
resnet101,0.1,10,19,0,0.5409090909090909,59.7,0.005169999999999985,188.4,0.007150000000000001
resnet101,0.1,10,19,0,0.6227272727272727,57.7,0.004589999999999972,186.4,0.006569999999999987
resnet101,0.1,10,19,0,0.7045454545454545,55.7,0.004589999999999972,184.4,0.006569999999999987
resnet101,0.1,10,19,0,0.7863636363636363,54.7,0.004589999999999972,183.4,0.006569999999999987
resnet101,0.1,10,19,0,0.868181818181818,1.1,0.003059999999999996,129.8,0.0050400000000000115
resnet101,0.1,10,19,0,0.95,-0.5,0.003059999999999996,128.2,0.0050400000000000115
resnet101,0.21250000000000002,10,19,0,0.05,87.7,0.007699999999999952,216.4,0.009679999999999966
resnet101,0.21250000000000002,10,19,0,0.1318181818181818,86.7,0.007669999999999955,215.4,0.00964999999999997
resnet101,0.21250000000000002,10,19,0,0.21363636363636362,84.7,0.007609999999999973,213.4,0.009589999999999987
resnet101,0.21250000000000002,10,19,0,0.2954545454545454,83.7,0.006789999999999974,212.4,0.00876999999999999
resnet101,0.21250000000000002,10,19,0,0.3772727272727272,81.2,0.006679999999999975,209.9,0.00865999999999999
resnet101,0.21250000000000002,10,19,0,0.459090909090909,74.3,0.0060499999999999885,203.0,0.008030000000000004
resnet101,0.21250000000000002,10,19,0,0.5409090909090909,73.3,0.0060499999999999885,202.0,0.008030000000000004
resnet101,0.21250000000000002,10,19,0,0.6227272727272727,71.3,0.005029999999999968,200.0,0.007009999999999983
resnet101,0.21250000000000002,10,19,0,0.7045454545454545,69.3,0.005029999999999968,198.0,0.007009999999999983
resnet101,0.21250000000000002,10,19,0,0.7863636363636363,68.3,0.005029999999999968,197.0,0.007009999999999983
resnet101,0.21250000000000002,10,19,0,0.868181818181818,38.7,0.004479999999999984,167.4,0.006459999999999999
resnet101,0.21250000000000002,10,19,0,0.95,36.9,0.004469999999999974,165.6,0.006449999999999989
resnet101,0.325,10,19,0,0.05,98.8,0.008689999999999976,227.5,0.01066999999999999
resnet101,0.325,10,19,0,0.1318181818181818,97.8,0.008459999999999978,226.5,0.010439999999999994
resnet101,0.325,10,19,0,0.21363636363636362,95.3,0.008399999999999996,224.0,0.01038000000000001
resnet101,0.325,10,19,0,0.2954545454545454,94.3,0.007720000000000005,223.0,0.00970000000000002
resnet101,0.325,10,19,0,0.3772727272727272,92.3,0.007610000000000006,221.0,0.00959000000000002
resnet101,0.325,10,19,0,0.459090909090909,90.3,0.007050000000000001,219.0,0.009030000000000015
resnet101,0.325,10,19,0,0.5409090909090909,89.3,0.007050000000000001,218.0,0.009030000000000015
resnet101,0.325,10,19,0,0.6227272727272727,84.7,0.005879999999999985,213.4,0.00786
resnet101,0.325,10,19,0,0.7045454545454545,82.7,0.005799999999999983,211.4,0.007779999999999998
resnet101,0.325,10,19,0,0.7863636363636363,81.7,0.005799999999999983,210.4,0.007779999999999998
resnet101,0.325,10,19,0,0.868181818181818,55.7,0.0050099999999999815,184.4,0.006989999999999996
resnet101,0.325,10,19,0,0.95,50.6,0.00531999999999998,179.3,0.007299999999999996
resnet101,0.4375,10,19,0,0.05,71.1,0.006899999999999984,199.8,0.008879999999999999
resnet101,0.4375,10,19,0,0.1318181818181818,70.1,0.006789999999999985,198.8,0.00877
resnet101,0.4375,10,19,0,0.21363636363636362,68.1,0.0067300000000000025,196.8,0.008710000000000018
resnet101,0.4375,10,19,0,0.2954545454545454,67.1,0.005799999999999994,195.8,0.007780000000000009
resnet101,0.4375,10,19,0,0.3772727272727272,58.8,0.005689999999999995,187.5,0.00767000000000001
resnet101,0.4375,10,19,0,0.459090909090909,50.5,0.0049899999999999944,179.2,0.006970000000000009
resnet101,0.4375,10,19,0,0.5409090909090909,48.6,0.0049899999999999944,177.3,0.006970000000000009
resnet101,0.4375,10,19,0,0.6227272727272727,38.3,0.0037699999999999956,167.0,0.00575000000000001
resnet101,0.4375,10,19,0,0.7045454545454545,33.7,0.0037599999999999856,162.4,0.00574
resnet101,0.4375,10,19,0,0.7863636363636363,32.7,0.0037599999999999856,161.4,0.00574
resnet101,0.4375,10,19,0,0.868181818181818,28.2,0.0042099999999999915,156.9,0.006190000000000006
resnet101,0.4375,10,19,0,0.95,26.4,0.0041999999999999815,155.1,0.006179999999999996
resnet101,0.55,10,19,0,0.05,52.8,0.00522999999999999,181.5,0.0072100000000000055
resnet101,0.55,10,19,0,0.1318181818181818,51.8,0.005079999999999996,180.5,0.007060000000000011
resnet101,0.55,10,19,0,0.21363636363636362,49.8,0.005079999999999996,178.5,0.007060000000000011
resnet101,0.55,10,19,0,0.2954545454545454,48.8,0.00462999999999999,177.5,0.006610000000000005
resnet101,0.55,10,19,0,0.3772727272727272,45.4,0.004479999999999995,174.1,0.00646000000000001
resnet101,0.55,10,19,0,0.459090909090909,41.5,0.00391999999999999,170.2,0.005900000000000005
resnet101,0.55,10,19,0,0.5409090909090909,36.6,0.003499999999999992,165.3,0.0054800000000000074
resnet101,0.55,10,19,0,0.6227272727272727,21.8,0.0023599999999999953,150.5,0.0043400000000000105
resnet101,0.55,10,19,0,0.7045454545454545,19.8,0.0023599999999999953,148.5,0.0043400000000000105
resnet101,0.55,10,19,0,0.7863636363636363,12.7,0.0021199999999999886,141.4,0.004100000000000004
resnet101,0.55,10,19,0,0.868181818181818,-47.9,0.0022499999999999855,80.8,0.00423
resnet101,0.55,10,19,0,0.95,-58.0,0.0022099999999999898,70.7,0.0041900000000000045
resnet101,0.6625,10,19,0,0.05,87.8,0.007019999999999982,216.5,0.008999999999999998
resnet101,0.6625,10,19,0,0.1318181818181818,86.8,0.006979999999999975,215.5,0.00895999999999999
resnet101,0.6625,10,19,0,0.21363636363636362,84.8,0.006979999999999975,213.5,0.00895999999999999
resnet101,0.6625,10,19,0,0.2954545454545454,83.8,0.00632999999999998,212.5,0.008309999999999994
resnet101,0.6625,10,19,0,0.3772727272727272,80.4,0.00632999999999998,209.1,0.008309999999999994
resnet101,0.6625,10,19,0,0.459090909090909,48.1,0.005509999999999982,176.8,0.007489999999999997
resnet101,0.6625,10,19,0,0.5409090909090909,46.6,0.005099999999999982,175.3,0.007079999999999998
resnet101,0.6625,10,19,0,0.6227272727272727,44.3,0.004999999999999993,173.0,0.006980000000000009
resnet101,0.6625,10,19,0,0.7045454545454545,37.3,0.004369999999999996,166.0,0.006350000000000011
resnet101,0.6625,10,19,0,0.7863636363636363,7.1,0.003699999999999981,135.8,0.005679999999999996
resnet101,0.6625,10,19,0,0.868181818181818,-35.0,0.0024599999999999735,93.7,0.004439999999999988
resnet101,0.6625,10,19,0,0.95,-44.2,0.0024199999999999777,84.5,0.0043999999999999925
resnet101,0.775,10,19,0,0.05,52.0,0.0042899999999999605,180.7,0.006269999999999975
resnet101,0.775,10,19,0,0.1318181818181818,51.0,0.00410999999999997,179.7,0.006089999999999984
resnet101,0.775,10,19,0,0.21363636363636362,49.0,0.00410999999999997,177.7,0.006089999999999984
resnet101,0.775,10,19,0,0.2954545454545454,48.0,0.00410999999999997,176.7,0.006089999999999984
resnet101,0.775,10,19,0,0.3772727272727272,45.5,0.00410999999999997,174.2,0.006089999999999984
resnet101,0.775,10,19,0,0.459090909090909,40.2,0.00410999999999997,168.9,0.006089999999999984
resnet101,0.775,10,19,0,0.5409090909090909,38.7,0.00410999999999997,167.4,0.006089999999999984
resnet101,0.775,10,19,0,0.6227272727272727,29.3,0.0038999999999999924,158.0,0.005880000000000008
resnet101,0.775,10,19,0,0.7045454545454545,27.3,0.003739999999999999,156.0,0.005720000000000014
resnet101,0.775,10,19,0,0.7863636363636363,25.2,0.0033699999999999954,153.9,0.00535000000000001
resnet101,0.775,10,19,0,0.868181818181818,-51.1,0.002649999999999997,77.6,0.004630000000000012
resnet101,0.775,10,19,0,0.95,-52.5,0.002649999999999997,76.2,0.004630000000000012
resnet101,0.8875,10,19,0,0.05,69.8,0.00531999999999998,198.5,0.007299999999999996
resnet101,0.8875,10,19,0,0.1318181818181818,68.8,0.005109999999999981,197.5,0.0070899999999999965
resnet101,0.8875,10,19,0,0.21363636363636362,61.1,0.004439999999999977,189.8,0.0064199999999999926
resnet101,0.8875,10,19,0,0.2954545454545454,59.6,0.0044199999999999795,188.3,0.006399999999999994
resnet101,0.8875,10,19,0,0.3772727272727272,57.6,0.004229999999999979,186.3,0.006209999999999993
resnet101,0.8875,10,19,0,0.459090909090909,55.6,0.004229999999999979,184.3,0.006209999999999993
resnet101,0.8875,10,19,0,0.5409090909090909,54.6,0.004229999999999979,183.3,0.006209999999999993
resnet101,0.8875,10,19,0,0.6227272727272727,22.8,0.0029199999999999894,151.5,0.004900000000000004
resnet101,0.8875,10,19,0,0.7045454545454545,-15.2,0.0028799999999999716,113.5,0.004859999999999987
resnet101,0.8875,10,19,0,0.7863636363636363,-16.0,0.0028799999999999716,112.7,0.004859999999999987
resnet101,0.8875,10,19,0,0.868181818181818,-47.7,0.0019499999999999739,81.0,0.003929999999999989
resnet101,0.8875,10,19,0,0.95,-69.0,0.002629999999999977,59.7,0.004609999999999992
