fc2,0,10,5,0,0.05,89.2,0.006889999999999996,226.2,0.00939000000000002
fc2,0,10,5,0,0.1318181818181818,88.4,0.006889999999999996,225.4,0.00939000000000002
fc2,0,10,5,0,0.21363636363636362,86.0,0.0068699999999999985,223.0,0.009370000000000022
fc2,0,10,5,0,0.2954545454545454,85.2,0.0067300000000000025,222.2,0.009230000000000026
fc2,0,10,5,0,0.3772727272727272,83.6,0.0062900000000000065,220.6,0.00879000000000003
fc2,0,10,5,0,0.459090909090909,80.4,0.005810000000000004,217.4,0.00831000000000003
fc2,0,10,5,0,0.5409090909090909,79.2,0.0050000000000000044,216.2,0.007500000000000029
fc2,0,10,5,0,0.6227272727272727,76.6,0.004530000000000006,213.6,0.007030000000000031
fc2,0,10,5,0,0.7045454545454545,41.8,0.0036900000000000045,178.8,0.006190000000000029
fc2,0,10,5,0,0.7863636363636363,40.8,0.0036900000000000045,177.8,0.006190000000000029
fc2,0,10,5,0,0.868181818181818,38.9,0.0038200000000000066,175.9,0.006320000000000031
fc2,0,10,5,0,0.95,14.4,0.0033300000000000053,151.4,0.00583000000000003
fc2,0.1,10,5,0,0.05,97.5,0.007970000000000005,234.5,0.01047000000000003
fc2,0.1,10,5,0,0.1318181818181818,88.0,0.007290000000000007,225.0,0.009790000000000031
fc2,0.1,10,5,0,0.21363636363636362,86.6,0.007150000000000006,223.6,0.00965000000000003
fc2,0.1,10,5,0,0.2954545454545454,85.5,0.006490000000000007,222.5,0.008990000000000031
fc2,0.1,10,5,0,0.3772727272727272,83.3,0.0063300000000000075,220.3,0.008830000000000032
fc2,0.1,10,5,0,0.459090909090909,81.4,0.006220000000000003,218.4,0.008720000000000028
fc2,0.1,10,5,0,0.5409090909090909,76.2,0.005080000000000001,213.2,0.007580000000000026
fc2,0.1,10,5,0,0.6227272727272727,71.6,0.004120000000000007,208.6,0.006620000000000031
fc2,0.1,10,5,0,0.7045454545454545,69.6,0.003590000000000004,206.6,0.0060900000000000286
fc2,0.1,10,5,0,0.7863636363636363,65.3,0.0034400000000000043,202.3,0.005940000000000029
fc2,0.1,10,5,0,0.868181818181818,56.2,0.0033799999999999998,193.2,0.005880000000000024
fc2,0.1,10,5,0,0.95,25.6,0.0024899999999999922,162.6,0.004990000000000017
fc2,0.21250000000000002,10,5,0,0.05,98.3,0.007590000000000002,235.3,0.010090000000000026
fc2,0.21250000000000002,10,5,0,0.1318181818181818,97.4,0.007590000000000002,234.4,0.010090000000000026
fc2,0.21250000000000002,10,5,0,0.21363636363636362,95.6,0.007590000000000002,232.6,0.010090000000000026
fc2,0.21250000000000002,10,5,0,0.2954545454545454,94.7,0.007590000000000002,231.7,0.010090000000000026
fc2,0.21250000000000002,10,5,0,0.3772727272727272,92.9,0.006960000000000005,229.9,0.00946000000000003
fc2,0.21250000000000002,10,5,0,0.459090909090909,86.0,0.006,223.0,0.008500000000000025
fc2,0.21250000000000002,10,5,0,0.5409090909090909,85.0,0.006,222.0,0.008500000000000025
fc2,0.21250000000000002,10,5,0,0.6227272727272727,77.6,0.005010000000000003,214.6,0.007510000000000028
fc2,0.21250000000000002,10,5,0,0.7045454545454545,75.2,0.004870000000000002,212.2,0.007370000000000027
fc2,0.21250000000000002,10,5,0,0.7863636363636363,65.6,0.003679999999999989,202.6,0.006180000000000014
fc2,0.21250000000000002,10,5,0,0.868181818181818,62.4,0.003559999999999991,199.4,0.006060000000000015
fc2,0.21250000000000002,10,5,0,0.95,42.7,0.003229999999999994,179.7,0.005730000000000018
fc2,0.325,10,5,0,0.05,74.5,0.007269999999999999,211.5,0.009770000000000023
fc2,0.325,10,5,0,0.1318181818181818,73.7,0.007269999999999999,210.7,0.009770000000000023
fc2,0.325,10,5,0,0.21363636363636362,70.6,0.0071599999999999945,207.6,0.00966000000000002
fc2,0.325,10,5,0,0.2954545454545454,69.8,0.0071599999999999945,206.8,0.00966000000000002
fc2,0.325,10,5,0,0.3772727272727272,67.2,0.006569999999999998,204.2,0.009070000000000022
fc2,0.325,10,5,0,0.459090909090909,64.8,0.005970000000000003,201.8,0.008470000000000028
fc2,0.325,10,5,0,0.5409090909090909,63.1,0.005870000000000003,200.1,0.008370000000000027
fc2,0.325,10,5,0,0.6227272727272727,60.2,0.004930000000000006,197.2,0.007430000000000031
fc2,0.325,10,5,0,0.7045454545454545,57.0,0.004530000000000006,194.0,0.007030000000000031
fc2,0.325,10,5,0,0.7863636363636363,56.0,0.003920000000000002,193.0,0.0064200000000000255
fc2,0.325,10,5,0,0.868181818181818,54.0,0.0034000000000000085,191.0,0.005900000000000033
fc2,0.325,10,5,0,0.95,34.4,0.0030700000000000115,171.4,0.005570000000000036
fc2,0.4375,10,5,0,0.05,96.5,0.007560000000000006,233.5,0.01006000000000003
fc2,0.4375,10,5,0,0.1318181818181818,95.6,0.007560000000000006,232.6,0.01006000000000003
fc2,0.4375,10,5,0,0.21363636363636362,93.8,0.006860000000000005,230.8,0.00936000000000003
fc2,0.4375,10,5,0,0.2954545454545454,92.9,0.006860000000000005,229.9,0.00936000000000003
fc2,0.4375,10,5,0,0.3772727272727272,90.9,0.006860000000000005,227.9,0.00936000000000003
fc2,0.4375,10,5,0,0.459090909090909,89.1,0.006720000000000009,226.1,0.009220000000000034
fc2,0.4375,10,5,0,0.5409090909090909,88.2,0.0064300000000000026,225.2,0.008930000000000026
fc2,0.4375,10,5,0,0.6227272727272727,73.9,0.005530000000000002,210.9,0.008030000000000027
fc2,0.4375,10,5,0,0.7045454545454545,70.8,0.004599999999999998,207.8,0.007100000000000023
fc2,0.4375,10,5,0,0.7863636363636363,69.8,0.0043999999999999985,206.8,0.0069000000000000224
fc2,0.4375,10,5,0,0.868181818181818,67.8,0.003810000000000008,204.8,0.006310000000000033
fc2,0.4375,10,5,0,0.95,65.3,0.003810000000000008,202.3,0.006310000000000033
fc2,0.55,10,5,0,0.05,108.0,0.008790000000000015,245.0,0.01129000000000004
fc2,0.55,10,5,0,0.1318181818181818,107.3,0.008790000000000015,244.3,0.01129000000000004
fc2,0.55,10,5,0,0.21363636363636362,105.6,0.008790000000000015,242.6,0.01129000000000004
fc2,0.55,10,5,0,0.2954545454545454,104.8,0.008790000000000015,241.8,0.01129000000000004
fc2,0.55,10,5,0,0.3772727272727272,103.2,0.008160000000000018,240.2,0.010660000000000041
fc2,0.55,10,5,0,0.459090909090909,100.8,0.007590000000000013,237.8,0.010090000000000038
fc2,0.55,10,5,0,0.5409090909090909,99.9,0.007300000000000006,236.9,0.009800000000000031
fc2,0.55,10,5,0,0.6227272727272727,94.3,0.006720000000000004,231.3,0.009220000000000029
fc2,0.55,10,5,0,0.7045454545454545,91.2,0.005980000000000002,228.2,0.008480000000000026
fc2,0.55,10,5,0,0.7863636363636363,90.2,0.005319999999999997,227.2,0.007820000000000021
fc2,0.55,10,5,0,0.868181818181818,81.7,0.0048099999999999974,218.7,0.007310000000000022
fc2,0.55,10,5,0,0.95,76.3,0.004159999999999997,213.3,0.006660000000000022
fc2,0.6625,10,5,0,0.05,93.6,0.008100000000000001,230.6,0.010600000000000026
fc2,0.6625,10,5,0,0.1318181818181818,92.8,0.008100000000000001,229.8,0.010600000000000026
fc2,0.6625,10,5,0,0.21363636363636362,91.2,0.008100000000000001,228.2,0.010600000000000026
fc2,0.6625,10,5,0,0.2954545454545454,90.4,0.008100000000000001,227.4,0.010600000000000026
fc2,0.6625,10,5,0,0.3772727272727272,81.4,0.006640000000000002,218.4,0.009140000000000027
fc2,0.6625,10,5,0,0.459090909090909,73.2,0.005490000000000006,210.2,0.00799000000000003
fc2,0.6625,10,5,0,0.5409090909090909,72.2,0.005490000000000006,209.2,0.00799000000000003
fc2,0.6625,10,5,0,0.6227272727272727,69.8,0.005490000000000006,206.8,0.00799000000000003
fc2,0.6625,10,5,0,0.7045454545454545,67.8,0.005350000000000005,204.8,0.007850000000000029
fc2,0.6625,10,5,0,0.7863636363636363,66.5,0.00489,203.5,0.007390000000000024
fc2,0.6625,10,5,0,0.868181818181818,60.3,0.004570000000000002,197.3,0.007070000000000026
fc2,0.6625,10,5,0,0.95,36.7,0.003539999999999999,173.7,0.006040000000000023
fc2,0.775,10,5,0,0.05,84.4,0.006230000000000002,221.4,0.008730000000000026
fc2,0.775,10,5,0,0.1318181818181818,83.5,0.005980000000000002,220.5,0.008480000000000026
fc2,0.775,10,5,0,0.21363636363636362,81.4,0.00565,218.4,0.008150000000000024
fc2,0.775,10,5,0,0.2954545454545454,80.4,0.00565,217.4,0.008150000000000024
fc2,0.775,10,5,0,0.3772727272727272,78.4,0.005470000000000003,215.4,0.007970000000000027
fc2,0.775,10,5,0,0.459090909090909,76.4,0.005330000000000007,213.4,0.007830000000000031
fc2,0.775,10,5,0,0.5409090909090909,75.4,0.005240000000000006,212.4,0.00774000000000003
fc2,0.775,10,5,0,0.6227272727272727,67.7,0.004760000000000009,204.7,0.007260000000000033
fc2,0.775,10,5,0,0.7045454545454545,61.6,0.004030000000000006,198.6,0.006530000000000031
fc2,0.775,10,5,0,0.7863636363636363,60.6,0.004030000000000006,197.6,0.006530000000000031
fc2,0.775,10,5,0,0.868181818181818,58.6,0.0035600000000000132,195.6,0.006060000000000038
fc2,0.775,10,5,0,0.95,23.4,0.0023600000000000123,160.4,0.004860000000000036
fc2,0.8875,10,5,0,0.05,77.7,0.00736,214.7,0.009860000000000025
fc2,0.8875,10,5,0,0.1318181818181818,76.9,0.00736,213.9,0.009860000000000025
fc2,0.8875,10,5,0,0.21363636363636362,75.3,0.006899999999999995,212.3,0.00940000000000002
fc2,0.8875,10,5,0,0.2954545454545454,71.3,0.006899999999999995,208.3,0.00940000000000002
fc2,0.8875,10,5,0,0.3772727272727272,69.5,0.006709999999999994,206.5,0.009210000000000019
fc2,0.8875,10,5,0,0.459090909090909,65.0,0.0064599999999999935,202.0,0.008960000000000018
fc2,0.8875,10,5,0,0.5409090909090909,64.1,0.0064599999999999935,201.1,0.008960000000000018
fc2,0.8875,10,5,0,0.6227272727272727,59.9,0.005909999999999999,196.9,0.008410000000000023
fc2,0.8875,10,5,0,0.7045454545454545,56.1,0.004390000000000005,193.1,0.00689000000000003
fc2,0.8875,10,5,0,0.7863636363636363,55.1,0.004390000000000005,192.1,0.00689000000000003
fc2,0.8875,10,5,0,0.868181818181818,-18.0,0.0023800000000000097,119.0,0.0048800000000000345
fc2,0.8875,10,5,0,0.95,-29.8,0.00208000000000001,107.2,0.004580000000000034
fc2,0,10,7,0,0.05,84.3,0.005969999999999998,221.3,0.008470000000000023
fc2,0,10,7,0,0.1318181818181818,70.3,0.005209999999999998,207.3,0.007710000000000022
fc2,0,10,7,0,0.21363636363636362,68.2,0.004709999999999992,205.2,0.007210000000000017
fc2,0,10,7,0,0.2954545454545454,67.2,0.004709999999999992,204.2,0.007210000000000017
fc2,0,10,7,0,0.3772727272727272,65.2,0.004589999999999994,202.2,0.007090000000000018
fc2,0,10,7,0,0.459090909090909,63.2,0.00379000000000001,200.2,0.006290000000000034
fc2,0,10,7,0,0.5409090909090909,62.2,0.00379000000000001,199.2,0.006290000000000034
fc2,0,10,7,0,0.6227272727272727,60.2,0.0035400000000000097,197.2,0.006040000000000034
fc2,0,10,7,0,0.7045454545454545,42.2,0.0025900000000000033,179.2,0.005090000000000028
fc2,0,10,7,0,0.7863636363636363,41.2,0.0025900000000000033,178.2,0.005090000000000028
fc2,0,10,7,0,0.868181818181818,39.2,0.002390000000000009,176.2,0.004890000000000033
fc2,0,10,7,0,0.95,-3.5,0.003140000000000015,133.5,0.005640000000000039
fc2,0.1,10,7,0,0.05,99.3,0.006750000000000006,236.3,0.00925000000000003
fc2,0.1,10,7,0,0.1318181818181818,98.6,0.006520000000000003,235.6,0.009020000000000028
fc2,0.1,10,7,0,0.21363636363636362,94.9,0.006110000000000004,231.9,0.008610000000000029
fc2,0.1,10,7,0,0.2954545454545454,93.7,0.006110000000000004,230.7,0.008610000000000029
fc2,0.1,10,7,0,0.3772727272727272,91.9,0.005990000000000007,228.9,0.00849000000000003
fc2,0.1,10,7,0,0.459090909090909,90.1,0.00560000000000001,227.1,0.008100000000000034
fc2,0.1,10,7,0,0.5409090909090909,89.2,0.00560000000000001,226.2,0.008100000000000034
fc2,0.1,10,7,0,0.6227272727272727,86.7,0.005080000000000006,223.7,0.007580000000000031
fc2,0.1,10,7,0,0.7045454545454545,80.1,0.00479,217.1,0.007290000000000024
fc2,0.1,10,7,0,0.7863636363636363,77.8,0.00479,214.8,0.007290000000000024
fc2,0.1,10,7,0,0.868181818181818,72.1,0.0043300000000000005,209.1,0.006830000000000025
fc2,0.1,10,7,0,0.95,49.2,0.0036400000000000043,186.2,0.006140000000000029
fc2,0.21250000000000002,10,7,0,0.05,99.3,0.006870000000000004,236.3,0.009370000000000028
fc2,0.21250000000000002,10,7,0,0.1318181818181818,98.7,0.006870000000000004,235.7,0.009370000000000028
fc2,0.21250000000000002,10,7,0,0.21363636363636362,88.5,0.005940000000000006,225.5,0.00844000000000003
fc2,0.21250000000000002,10,7,0,0.2954545454545454,87.3,0.005940000000000006,224.3,0.00844000000000003
fc2,0.21250000000000002,10,7,0,0.3772727272727272,85.5,0.005940000000000006,222.5,0.00844000000000003
fc2,0.21250000000000002,10,7,0,0.459090909090909,81.6,0.005650000000000011,218.6,0.008150000000000036
fc2,0.21250000000000002,10,7,0,0.5409090909090909,80.7,0.005650000000000011,217.7,0.008150000000000036
fc2,0.21250000000000002,10,7,0,0.6227272727272727,78.2,0.004930000000000001,215.2,0.007430000000000025
fc2,0.21250000000000002,10,7,0,0.7045454545454545,64.0,0.003849999999999998,201.0,0.006350000000000022
fc2,0.21250000000000002,10,7,0,0.7863636363636363,41.2,0.002859999999999996,178.2,0.00536000000000002
fc2,0.21250000000000002,10,7,0,0.868181818181818,21.3,0.0025599999999999954,158.3,0.00506000000000002
fc2,0.21250000000000002,10,7,0,0.95,19.3,0.00242,156.3,0.004920000000000024
fc2,0.325,10,7,0,0.05,89.6,0.005720000000000008,226.6,0.008220000000000033
fc2,0.325,10,7,0,0.1318181818181818,88.9,0.005530000000000002,225.9,0.008030000000000027
fc2,0.325,10,7,0,0.21363636363636362,75.6,0.004620000000000002,212.6,0.0071200000000000265
fc2,0.325,10,7,0,0.2954545454545454,73.6,0.004620000000000002,210.6,0.0071200000000000265
fc2,0.325,10,7,0,0.3772727272727272,71.8,0.004620000000000002,208.8,0.0071200000000000265
fc2,0.325,10,7,0,0.459090909090909,64.7,0.004600000000000004,201.7,0.007100000000000028
fc2,0.325,10,7,0,0.5409090909090909,63.8,0.004580000000000001,200.8,0.0070800000000000255
fc2,0.325,10,7,0,0.6227272727272727,46.5,0.0038499999999999923,183.5,0.006350000000000017
fc2,0.325,10,7,0,0.7045454545454545,0.7,0.002899999999999997,137.7,0.005400000000000021
fc2,0.325,10,7,0,0.7863636363636363,-1.6,0.0026699999999999944,135.4,0.005170000000000019
fc2,0.325,10,7,0,0.868181818181818,-3.6,0.0026699999999999944,133.4,0.005170000000000019
fc2,0.325,10,7,0,0.95,-5.6,0.002529999999999999,131.4,0.005030000000000023
fc2,0.4375,10,7,0,0.05,84.5,0.005530000000000007,221.5,0.008030000000000032
fc2,0.4375,10,7,0,0.1318181818181818,83.7,0.005530000000000007,220.7,0.008030000000000032
fc2,0.4375,10,7,0,0.21363636363636362,47.3,0.0045600000000000085,184.3,0.007060000000000033
fc2,0.4375,10,7,0,0.2954545454545454,46.4,0.0045600000000000085,183.4,0.007060000000000033
fc2,0.4375,10,7,0,0.3772727272727272,44.6,0.0045600000000000085,181.6,0.007060000000000033
fc2,0.4375,10,7,0,0.459090909090909,42.8,0.0045600000000000085,179.8,0.007060000000000033
fc2,0.4375,10,7,0,0.5409090909090909,41.9,0.0045600000000000085,178.9,0.007060000000000033
fc2,0.4375,10,7,0,0.6227272727272727,38.3,0.0044100000000000085,175.3,0.0069100000000000324
fc2,0.4375,10,7,0,0.7045454545454545,36.3,0.004109999999999997,173.3,0.006610000000000021
fc2,0.4375,10,7,0,0.7863636363636363,-17.1,0.0038799999999999946,119.9,0.006380000000000019
fc2,0.4375,10,7,0,0.868181818181818,-31.1,0.0032999999999999974,105.9,0.005800000000000022
fc2,0.4375,10,7,0,0.95,-68.6,0.001859999999999995,68.4,0.004360000000000019
fc2,0.55,10,7,0,0.05,66.9,0.0037800000000000056,203.9,0.00628000000000003
fc2,0.55,10,7,0,0.1318181818181818,66.1,0.0037800000000000056,203.1,0.00628000000000003
fc2,0.55,10,7,0,0.21363636363636362,62.8,0.0037800000000000056,199.8,0.00628000000000003
fc2,0.55,10,7,0,0.2954545454545454,61.8,0.0037800000000000056,198.8,0.00628000000000003
fc2,0.55,10,7,0,0.3772727272727272,59.8,0.0037800000000000056,196.8,0.00628000000000003
fc2,0.55,10,7,0,0.459090909090909,38.3,0.002720000000000006,175.3,0.00522000000000003
fc2,0.55,10,7,0,0.5409090909090909,28.8,0.002700000000000008,165.8,0.005200000000000033
fc2,0.55,10,7,0,0.6227272727272727,26.8,0.002700000000000008,163.8,0.005200000000000033
fc2,0.55,10,7,0,0.7045454545454545,24.8,0.002700000000000008,161.8,0.005200000000000033
fc2,0.55,10,7,0,0.7863636363636363,23.8,0.002700000000000008,160.8,0.005200000000000033
fc2,0.55,10,7,0,0.868181818181818,12.6,0.0021299999999999874,149.6,0.004630000000000012
fc2,0.55,10,7,0,0.95,-35.0,0.0009299999999999919,102.0,0.0034300000000000164
fc2,0.6625,10,7,0,0.05,83.8,0.005320000000000003,220.8,0.007820000000000027
fc2,0.6625,10,7,0,0.1318181818181818,82.9,0.005320000000000003,219.9,0.007820000000000027
fc2,0.6625,10,7,0,0.21363636363636362,73.2,0.004459999999999997,210.2,0.006960000000000022
fc2,0.6625,10,7,0,0.2954545454545454,72.2,0.004309999999999997,209.2,0.006810000000000022
fc2,0.6625,10,7,0,0.3772727272727272,69.5,0.004269999999999996,206.5,0.006770000000000021
fc2,0.6625,10,7,0,0.459090909090909,67.5,0.004159999999999992,204.5,0.006660000000000016
fc2,0.6625,10,7,0,0.5409090909090909,66.0,0.0041399999999999935,203.0,0.006640000000000018
fc2,0.6625,10,7,0,0.6227272727272727,64.0,0.0041399999999999935,201.0,0.006640000000000018
fc2,0.6625,10,7,0,0.7045454545454545,37.1,0.003549999999999992,174.1,0.006050000000000016
fc2,0.6625,10,7,0,0.7863636363636363,36.1,0.003549999999999992,173.1,0.006050000000000016
fc2,0.6625,10,7,0,0.868181818181818,23.6,0.0029499999999999917,160.6,0.005450000000000016
fc2,0.6625,10,7,0,0.95,15.3,0.002069999999999994,152.3,0.0045700000000000185
fc2,0.775,10,7,0,0.05,63.6,0.003670000000000001,200.6,0.006170000000000025
fc2,0.775,10,7,0,0.1318181818181818,58.2,0.0032899999999999987,195.2,0.0057900000000000226
fc2,0.775,10,7,0,0.21363636363636362,56.1,0.0032700000000000008,193.1,0.005770000000000025
fc2,0.775,10,7,0,0.2954545454545454,55.1,0.0032700000000000008,192.1,0.005770000000000025
fc2,0.775,10,7,0,0.3772727272727272,43.2,0.00252,180.2,0.0050200000000000244
fc2,0.775,10,7,0,0.459090909090909,36.9,0.00252,173.9,0.0050200000000000244
fc2,0.775,10,7,0,0.5409090909090909,32.1,0.0025000000000000022,169.1,0.005000000000000027
fc2,0.775,10,7,0,0.6227272727272727,29.5,0.0023900000000000032,166.5,0.004890000000000028
fc2,0.775,10,7,0,0.7045454545454545,27.5,0.0023900000000000032,164.5,0.004890000000000028
fc2,0.775,10,7,0,0.7863636363636363,18.1,0.0023900000000000032,155.1,0.004890000000000028
fc2,0.775,10,7,0,0.868181818181818,-9.7,0.002510000000000001,127.3,0.005010000000000026
fc2,0.775,10,7,0,0.95,-11.5,0.0022799999999999986,125.5,0.004780000000000023
fc2,0.8875,10,7,0,0.05,80.4,0.005520000000000002,217.4,0.008020000000000027
fc2,0.8875,10,7,0,0.1318181818181818,74.3,0.004660000000000003,211.3,0.0071600000000000275
fc2,0.8875,10,7,0,0.21363636363636362,72.3,0.00455000000000001,209.3,0.007050000000000034
fc2,0.8875,10,7,0,0.2954545454545454,45.7,0.003970000000000001,182.7,0.006470000000000026
fc2,0.8875,10,7,0,0.3772727272727272,33.8,0.003610000000000002,170.8,0.006110000000000027
fc2,0.8875,10,7,0,0.459090909090909,31.8,0.0032599999999999964,168.8,0.00576000000000002
fc2,0.8875,10,7,0,0.5409090909090909,26.7,0.003119999999999995,163.7,0.005620000000000019
fc2,0.8875,10,7,0,0.6227272727272727,24.7,0.0030799999999999938,161.7,0.005580000000000018
fc2,0.8875,10,7,0,0.7045454545454545,2.6,0.001589999999999997,139.6,0.004090000000000022
fc2,0.8875,10,7,0,0.7863636363636363,1.7,0.004510000000000003,138.7,0.0070100000000000275
fc2,0.8875,10,7,0,0.868181818181818,-23.4,0.003810000000000002,113.6,0.0063100000000000265
fc2,0.8875,10,7,0,0.95,-25.2,0.00358,111.8,0.006080000000000025
fc2,0,10,9,0,0.05,80.8,0.004560000000000014,217.8,0.0070600000000000385
fc2,0,10,9,0,0.1318181818181818,79.8,0.004560000000000014,216.8,0.0070600000000000385
fc2,0,10,9,0,0.21363636363636362,77.8,0.004560000000000014,214.8,0.0070600000000000385
fc2,0,10,9,0,0.2954545454545454,76.8,0.004560000000000014,213.8,0.0070600000000000385
fc2,0,10,9,0,0.3772727272727272,74.8,0.004460000000000014,211.8,0.006960000000000038
fc2,0,10,9,0,0.459090909090909,72.3,0.004440000000000011,209.3,0.006940000000000035
fc2,0,10,9,0,0.5409090909090909,65.9,0.004120000000000007,202.9,0.006620000000000031
fc2,0,10,9,0,0.6227272727272727,39.6,0.002740000000000009,176.6,0.005240000000000034
fc2,0,10,9,0,0.7045454545454545,37.6,0.0025000000000000022,174.6,0.005000000000000027
fc2,0,10,9,0,0.7863636363636363,36.6,0.002450000000000002,173.6,0.004950000000000026
fc2,0,10,9,0,0.868181818181818,27.3,0.0024099999999999955,164.3,0.00491000000000002
fc2,0,10,9,0,0.95,25.3,0.0024099999999999955,162.3,0.00491000000000002
fc2,0.1,10,9,0,0.05,91.9,0.005490000000000011,228.9,0.007990000000000035
fc2,0.1,10,9,0,0.1318181818181818,90.5,0.005490000000000011,227.5,0.007990000000000035
fc2,0.1,10,9,0,0.21363636363636362,88.7,0.005460000000000009,225.7,0.007960000000000033
fc2,0.1,10,9,0,0.2954545454545454,87.4,0.005390000000000011,224.4,0.007890000000000036
fc2,0.1,10,9,0,0.3772727272727272,85.4,0.00535000000000001,222.4,0.007850000000000034
fc2,0.1,10,9,0,0.459090909090909,66.2,0.0046300000000000065,203.2,0.00713000000000003
fc2,0.1,10,9,0,0.5409090909090909,65.2,0.004339999999999999,202.2,0.006840000000000024
fc2,0.1,10,9,0,0.6227272727272727,49.6,0.003350000000000003,186.6,0.005850000000000027
fc2,0.1,10,9,0,0.7045454545454545,44.5,0.0031499999999999974,181.5,0.005650000000000021
fc2,0.1,10,9,0,0.7863636363636363,41.1,0.0030999999999999973,178.1,0.005600000000000022
fc2,0.1,10,9,0,0.868181818181818,35.1,0.002969999999999989,172.1,0.005470000000000014
fc2,0.1,10,9,0,0.95,21.9,0.0022299999999999933,158.9,0.004730000000000017
fc2,0.21250000000000002,10,9,0,0.05,69.3,0.0047400000000000055,206.3,0.007240000000000029
fc2,0.21250000000000002,10,9,0,0.1318181818181818,68.4,0.0047400000000000055,205.4,0.007240000000000029
fc2,0.21250000000000002,10,9,0,0.21363636363636362,66.6,0.0047400000000000055,203.6,0.007240000000000029
fc2,0.21250000000000002,10,9,0,0.2954545454545454,65.3,0.0047400000000000055,202.3,0.007240000000000029
fc2,0.21250000000000002,10,9,0,0.3772727272727272,63.3,0.0047000000000000045,200.3,0.007200000000000028
fc2,0.21250000000000002,10,9,0,0.459090909090909,61.3,0.004430000000000001,198.3,0.006930000000000025
fc2,0.21250000000000002,10,9,0,0.5409090909090909,60.3,0.0041399999999999935,197.3,0.006640000000000018
fc2,0.21250000000000002,10,9,0,0.6227272727272727,56.2,0.0041399999999999935,193.2,0.006640000000000018
fc2,0.21250000000000002,10,9,0,0.7045454545454545,48.5,0.003389999999999993,185.5,0.005890000000000018
fc2,0.21250000000000002,10,9,0,0.7863636363636363,42.0,0.002639999999999998,179.0,0.005140000000000022
fc2,0.21250000000000002,10,9,0,0.868181818181818,24.8,0.0021599999999999896,161.8,0.004660000000000014
fc2,0.21250000000000002,10,9,0,0.95,13.0,0.0014799999999999924,150.0,0.0039800000000000165
fc2,0.325,10,9,0,0.05,34.9,0.0030499999999999915,171.9,0.005550000000000016
fc2,0.325,10,9,0,0.1318181818181818,34.0,0.0030499999999999915,171.0,0.005550000000000016
fc2,0.325,10,9,0,0.21363636363636362,32.2,0.0030499999999999915,169.2,0.005550000000000016
fc2,0.325,10,9,0,0.2954545454545454,31.1,0.002779999999999999,168.1,0.005280000000000023
fc2,0.325,10,9,0,0.3772727272727272,29.3,0.002779999999999999,166.3,0.005280000000000023
fc2,0.325,10,9,0,0.459090909090909,27.5,0.002779999999999999,164.5,0.005280000000000023
fc2,0.325,10,9,0,0.5409090909090909,26.6,0.0024899999999999922,163.6,0.004990000000000017
fc2,0.325,10,9,0,0.6227272727272727,22.6,0.0024899999999999922,159.6,0.004990000000000017
fc2,0.325,10,9,0,0.7045454545454545,20.8,0.002399999999999991,157.8,0.0049000000000000155
fc2,0.325,10,9,0,0.7863636363636363,19.9,0.002399999999999991,156.9,0.0049000000000000155
fc2,0.325,10,9,0,0.868181818181818,16.5,0.002279999999999993,153.5,0.004780000000000018
fc2,0.325,10,9,0,0.95,-22.6,0.0016599999999999948,114.4,0.00416000000000002
fc2,0.4375,10,9,0,0.05,53.8,0.004759999999999998,190.8,0.007260000000000022
fc2,0.4375,10,9,0,0.1318181818181818,52.9,0.004759999999999998,189.9,0.007260000000000022
fc2,0.4375,10,9,0,0.21363636363636362,51.1,0.004450000000000004,188.1,0.006950000000000028
fc2,0.4375,10,9,0,0.2954545454545454,37.4,0.003960000000000003,174.4,0.0064600000000000265
fc2,0.4375,10,9,0,0.3772727272727272,35.6,0.0035700000000000063,172.6,0.006070000000000031
fc2,0.4375,10,9,0,0.459090909090909,33.8,0.003320000000000006,170.8,0.005820000000000031
fc2,0.4375,10,9,0,0.5409090909090909,27.2,0.0030000000000000027,164.2,0.0055000000000000274
fc2,0.4375,10,9,0,0.6227272727272727,17.4,0.002760000000000001,154.4,0.005260000000000026
fc2,0.4375,10,9,0,0.7045454545454545,-3.9,0.0023500000000000023,133.1,0.004850000000000026
fc2,0.4375,10,9,0,0.7863636363636363,-4.8,0.0023500000000000023,132.2,0.004850000000000026
fc2,0.4375,10,9,0,0.868181818181818,-8.2,0.002230000000000004,128.8,0.0047300000000000285
fc2,0.4375,10,9,0,0.95,-19.3,0.0017699999999999938,117.7,0.004270000000000019
fc2,0.55,10,9,0,0.05,75.0,0.0045499999999999985,212.0,0.007050000000000023
fc2,0.55,10,9,0,0.1318181818181818,74.2,0.0045499999999999985,211.2,0.007050000000000023
fc2,0.55,10,9,0,0.21363636363636362,72.6,0.0045499999999999985,209.6,0.007050000000000023
fc2,0.55,10,9,0,0.2954545454545454,58.1,0.004059999999999997,195.1,0.0065600000000000215
fc2,0.55,10,9,0,0.3772727272727272,56.5,0.004059999999999997,193.5,0.0065600000000000215
fc2,0.55,10,9,0,0.459090909090909,54.9,0.003969999999999996,191.9,0.00647000000000002
fc2,0.55,10,9,0,0.5409090909090909,54.1,0.003679999999999989,191.1,0.006180000000000014
fc2,0.55,10,9,0,0.6227272727272727,21.6,0.0044299999999999895,158.6,0.006930000000000014
fc2,0.55,10,9,0,0.7045454545454545,20.0,0.004409999999999992,157.0,0.006910000000000016
fc2,0.55,10,9,0,0.7863636363636363,19.2,0.004409999999999992,156.2,0.006910000000000016
fc2,0.55,10,9,0,0.868181818181818,14.7,0.0038199999999999957,151.7,0.00632000000000002
fc2,0.55,10,9,0,0.95,-12.7,0.0034899999999999987,124.3,0.005990000000000023
fc2,0.6625,10,9,0,0.05,67.3,0.003500000000000003,204.3,0.006000000000000028
fc2,0.6625,10,9,0,0.1318181818181818,55.4,0.0031600000000000074,192.4,0.005660000000000031
fc2,0.6625,10,9,0,0.21363636363636362,51.1,0.002819999999999995,188.1,0.005320000000000019
fc2,0.6625,10,9,0,0.2954545454545454,50.2,0.002819999999999995,187.2,0.005320000000000019
fc2,0.6625,10,9,0,0.3772727272727272,48.4,0.002819999999999995,185.4,0.005320000000000019
fc2,0.6625,10,9,0,0.459090909090909,46.1,0.002819999999999995,183.1,0.005320000000000019
fc2,0.6625,10,9,0,0.5409090909090909,45.2,0.002529999999999988,182.2,0.005030000000000012
fc2,0.6625,10,9,0,0.6227272727272727,25.0,0.0020399999999999975,162.0,0.0045400000000000214
fc2,0.6625,10,9,0,0.7045454545454545,23.0,0.0019499999999999962,160.0,0.004450000000000021
fc2,0.6625,10,9,0,0.7863636363636363,22.0,0.0019499999999999962,159.0,0.004450000000000021
fc2,0.6625,10,9,0,0.868181818181818,20.0,0.0017600000000000005,157.0,0.004260000000000025
fc2,0.6625,10,9,0,0.95,-18.3,0.0012300000000000032,118.7,0.0037300000000000276
fc2,0.775,10,9,0,0.05,63.3,0.00439000000000001,200.3,0.006890000000000035
fc2,0.775,10,9,0,0.1318181818181818,62.5,0.004230000000000006,199.5,0.00673000000000003
fc2,0.775,10,9,0,0.21363636363636362,60.9,0.004230000000000006,197.9,0.00673000000000003
fc2,0.775,10,9,0,0.2954545454545454,60.1,0.004100000000000009,197.1,0.006600000000000034
fc2,0.775,10,9,0,0.3772727272727272,50.7,0.003860000000000008,187.7,0.006360000000000032
fc2,0.775,10,9,0,0.459090909090909,48.3,0.003570000000000001,185.3,0.006070000000000025
fc2,0.775,10,9,0,0.5409090909090909,36.3,0.002870000000000006,173.3,0.00537000000000003
fc2,0.775,10,9,0,0.6227272727272727,33.4,0.002720000000000006,170.4,0.00522000000000003
fc2,0.775,10,9,0,0.7045454545454545,-4.7,0.002220000000000011,132.3,0.004720000000000035
fc2,0.775,10,9,0,0.7863636363636363,-5.6,0.002220000000000011,131.4,0.004720000000000035
fc2,0.775,10,9,0,0.868181818181818,-15.7,0.002220000000000011,121.3,0.004720000000000035
fc2,0.775,10,9,0,0.95,-41.9,0.0015700000000000102,95.1,0.0040700000000000345
fc2,0.8875,10,9,0,0.05,66.5,0.004320000000000007,203.5,0.006820000000000032
fc2,0.8875,10,9,0,0.1318181818181818,65.7,0.004320000000000007,202.7,0.006820000000000032
fc2,0.8875,10,9,0,0.21363636363636362,43.0,0.004140000000000005,180.0,0.0066400000000000296
fc2,0.8875,10,9,0,0.2954545454545454,40.0,0.0033899999999999985,177.0,0.005890000000000023
fc2,0.8875,10,9,0,0.3772727272727272,37.2,0.0032700000000000008,174.2,0.005770000000000025
fc2,0.8875,10,9,0,0.459090909090909,27.8,0.0037100000000000076,164.8,0.006210000000000032
fc2,0.8875,10,9,0,0.5409090909090909,26.9,0.0037100000000000076,163.9,0.006210000000000032
fc2,0.8875,10,9,0,0.6227272727272727,25.1,0.0036200000000000065,162.1,0.006120000000000031
fc2,0.8875,10,9,0,0.7045454545454545,23.3,0.0036200000000000065,160.3,0.006120000000000031
fc2,0.8875,10,9,0,0.7863636363636363,22.4,0.0034000000000000085,159.4,0.005900000000000033
fc2,0.8875,10,9,0,0.868181818181818,1.3,0.002370000000000011,138.3,0.004870000000000036
fc2,0.8875,10,9,0,0.95,-0.5,0.002370000000000011,136.5,0.004870000000000036
fc2,0,10,11,0,0.05,92.3,0.005900000000000011,229.3,0.008400000000000036
fc2,0,10,11,0,0.1318181818181818,91.5,0.005900000000000011,228.5,0.008400000000000036
fc2,0,10,11,0,0.21363636363636362,89.6,0.005680000000000013,226.6,0.008180000000000038
fc2,0,10,11,0,0.2954545454545454,88.3,0.005440000000000012,225.3,0.007940000000000036
fc2,0,10,11,0,0.3772727272727272,81.2,0.004960000000000015,218.2,0.007460000000000039
fc2,0,10,11,0,0.459090909090909,79.2,0.004960000000000015,216.2,0.007460000000000039
fc2,0,10,11,0,0.5409090909090909,70.8,0.004100000000000009,207.8,0.006600000000000034
fc2,0,10,11,0,0.6227272727272727,65.3,0.0038300000000000057,202.3,0.00633000000000003
fc2,0,10,11,0,0.7045454545454545,59.9,0.0032999999999999974,196.9,0.005800000000000022
fc2,0,10,11,0,0.7863636363636363,49.1,0.0032000000000000028,186.1,0.005700000000000027
fc2,0,10,11,0,0.868181818181818,47.1,0.0032000000000000028,184.1,0.005700000000000027
fc2,0,10,11,0,0.95,45.1,0.003060000000000007,182.1,0.005560000000000032
fc2,0.1,10,11,0,0.05,84.7,0.005020000000000002,221.7,0.007520000000000027
fc2,0.1,10,11,0,0.1318181818181818,83.9,0.00499,220.9,0.007490000000000024
fc2,0.1,10,11,0,0.21363636363636362,82.0,0.0049200000000000025,219.0,0.007420000000000026
fc2,0.1,10,11,0,0.2954545454545454,81.1,0.004680000000000001,218.1,0.007180000000000025
fc2,0.1,10,11,0,0.3772727272727272,73.7,0.004200000000000004,210.7,0.006700000000000028
fc2,0.1,10,11,0,0.459090909090909,71.7,0.004200000000000004,208.7,0.006700000000000028
fc2,0.1,10,11,0,0.5409090909090909,49.2,0.0035200000000000066,186.2,0.0060200000000000305
fc2,0.1,10,11,0,0.6227272727272727,47.2,0.0035200000000000066,184.2,0.0060200000000000305
fc2,0.1,10,11,0,0.7045454545454545,45.2,0.003390000000000004,182.2,0.005890000000000029
fc2,0.1,10,11,0,0.7863636363636363,41.0,0.003210000000000002,178.0,0.005710000000000026
fc2,0.1,10,11,0,0.868181818181818,39.0,0.003210000000000002,176.0,0.005710000000000026
fc2,0.1,10,11,0,0.95,21.9,0.0044399999999999995,158.9,0.006940000000000024
fc2,0.21250000000000002,10,11,0,0.05,93.8,0.006390000000000002,230.8,0.008890000000000026
fc2,0.21250000000000002,10,11,0,0.1318181818181818,93.2,0.006359999999999999,230.2,0.008860000000000024
fc2,0.21250000000000002,10,11,0,0.21363636363636362,92.0,0.006290000000000001,229.0,0.008790000000000025
fc2,0.21250000000000002,10,11,0,0.2954545454545454,91.4,0.006269999999999998,228.4,0.008770000000000023
fc2,0.21250000000000002,10,11,0,0.3772727272727272,83.6,0.005170000000000003,220.6,0.007670000000000027
fc2,0.21250000000000002,10,11,0,0.459090909090909,81.6,0.005170000000000003,218.6,0.007670000000000027
fc2,0.21250000000000002,10,11,0,0.5409090909090909,80.0,0.005170000000000003,217.0,0.007670000000000027
fc2,0.21250000000000002,10,11,0,0.6227272727272727,76.2,0.004510000000000003,213.2,0.0070100000000000275
fc2,0.21250000000000002,10,11,0,0.7045454545454545,74.2,0.004510000000000003,211.2,0.0070100000000000275
fc2,0.21250000000000002,10,11,0,0.7863636363636363,70.3,0.004440000000000005,207.3,0.0069400000000000295
fc2,0.21250000000000002,10,11,0,0.868181818181818,68.3,0.004400000000000004,205.3,0.0069000000000000285
fc2,0.21250000000000002,10,11,0,0.95,21.3,0.0029600000000000017,158.3,0.005460000000000026
fc2,0.325,10,11,0,0.05,62.4,0.004629999999999995,199.4,0.00713000000000002
fc2,0.325,10,11,0,0.1318181818181818,61.8,0.004629999999999995,198.8,0.00713000000000002
fc2,0.325,10,11,0,0.21363636363636362,60.6,0.004250000000000004,197.6,0.0067500000000000285
fc2,0.325,10,11,0,0.2954545454545454,60.0,0.004250000000000004,197.0,0.0067500000000000285
fc2,0.325,10,11,0,0.3772727272727272,58.8,0.004250000000000004,195.8,0.0067500000000000285
fc2,0.325,10,11,0,0.459090909090909,56.8,0.004250000000000004,193.8,0.0067500000000000285
fc2,0.325,10,11,0,0.5409090909090909,55.2,0.004049999999999998,192.2,0.006550000000000023
fc2,0.325,10,11,0,0.6227272727272727,51.8,0.003849999999999998,188.8,0.006350000000000022
fc2,0.325,10,11,0,0.7045454545454545,48.9,0.00363,185.9,0.006130000000000024
fc2,0.325,10,11,0,0.7863636363636363,46.7,0.003510000000000002,183.7,0.006010000000000027
fc2,0.325,10,11,0,0.868181818181818,16.0,0.002720000000000006,153.0,0.00522000000000003
fc2,0.325,10,11,0,0.95,-6.9,0.0018799999999999984,130.1,0.004380000000000023
fc2,0.4375,10,11,0,0.05,49.1,0.0038200000000000013,186.1,0.006320000000000025
fc2,0.4375,10,11,0,0.1318181818181818,48.3,0.0038200000000000013,185.3,0.006320000000000025
fc2,0.4375,10,11,0,0.21363636363636362,46.7,0.0037100000000000024,183.7,0.006210000000000026
fc2,0.4375,10,11,0,0.2954545454545454,45.9,0.0037100000000000024,182.9,0.006210000000000026
fc2,0.4375,10,11,0,0.3772727272727272,42.5,0.0034999999999999975,179.5,0.006000000000000022
fc2,0.4375,10,11,0,0.459090909090909,39.6,0.0034999999999999975,176.6,0.006000000000000022
fc2,0.4375,10,11,0,0.5409090909090909,38.7,0.0032999999999999917,175.7,0.005800000000000016
fc2,0.4375,10,11,0,0.6227272727272727,29.4,0.0032599999999999908,166.4,0.005760000000000015
fc2,0.4375,10,11,0,0.7045454545454545,27.6,0.0032599999999999908,164.6,0.005760000000000015
fc2,0.4375,10,11,0,0.7863636363636363,12.1,0.0023300000000000044,149.1,0.004830000000000029
fc2,0.4375,10,11,0,0.868181818181818,-15.2,0.001150000000000001,121.8,0.0036500000000000256
fc2,0.4375,10,11,0,0.95,-49.9,0.0019499999999999962,87.1,0.004450000000000021
fc2,0.55,10,11,0,0.05,71.3,0.004450000000000004,208.3,0.006950000000000028
fc2,0.55,10,11,0,0.1318181818181818,70.7,0.004260000000000009,207.7,0.0067600000000000325
fc2,0.55,10,11,0,0.21363636363636362,69.5,0.004260000000000009,206.5,0.0067600000000000325
fc2,0.55,10,11,0,0.2954545454545454,68.5,0.004260000000000009,205.5,0.0067600000000000325
fc2,0.55,10,11,0,0.3772727272727272,66.5,0.004070000000000002,203.5,0.0065700000000000255
fc2,0.55,10,11,0,0.459090909090909,65.1,0.004070000000000002,202.1,0.0065700000000000255
fc2,0.55,10,11,0,0.5409090909090909,63.9,0.004070000000000002,200.9,0.0065700000000000255
fc2,0.55,10,11,0,0.6227272727272727,61.9,0.004070000000000002,198.9,0.0065700000000000255
fc2,0.55,10,11,0,0.7045454545454545,49.6,0.003379999999999994,186.6,0.005880000000000019
fc2,0.55,10,11,0,0.7863636363636363,36.1,0.0026400000000000035,173.1,0.005140000000000028
fc2,0.55,10,11,0,0.868181818181818,28.2,0.0025200000000000057,165.2,0.00502000000000003
fc2,0.55,10,11,0,0.95,26.2,0.002250000000000002,163.2,0.004750000000000027
fc2,0.6625,10,11,0,0.05,94.3,0.0062799999999999965,231.3,0.00878000000000002
fc2,0.6625,10,11,0,0.1318181818181818,93.8,0.006090000000000001,230.8,0.008590000000000025
fc2,0.6625,10,11,0,0.21363636363636362,92.8,0.006090000000000001,229.8,0.008590000000000025
fc2,0.6625,10,11,0,0.2954545454545454,91.9,0.006090000000000001,228.9,0.008590000000000025
fc2,0.6625,10,11,0,0.3772727272727272,90.7,0.005400000000000005,227.7,0.007900000000000029
fc2,0.6625,10,11,0,0.459090909090909,88.7,0.005200000000000005,225.7,0.007700000000000029
fc2,0.6625,10,11,0,0.5409090909090909,87.5,0.005200000000000005,224.5,0.007700000000000029
fc2,0.6625,10,11,0,0.6227272727272727,84.4,0.005200000000000005,221.4,0.007700000000000029
fc2,0.6625,10,11,0,0.7045454545454545,68.7,0.0045099999999999975,205.7,0.007010000000000021
fc2,0.6625,10,11,0,0.7863636363636363,66.4,0.00439,203.4,0.006890000000000024
fc2,0.6625,10,11,0,0.868181818181818,64.4,0.00439,201.4,0.006890000000000024
fc2,0.6625,10,11,0,0.95,62.4,0.004099999999999998,199.4,0.0066000000000000225
fc2,0.775,10,11,0,0.05,79.5,0.005470000000000008,216.5,0.007970000000000033
fc2,0.775,10,11,0,0.1318181818181818,78.8,0.005470000000000008,215.8,0.007970000000000033
fc2,0.775,10,11,0,0.21363636363636362,77.4,0.005270000000000002,214.4,0.007770000000000027
fc2,0.775,10,11,0,0.2954545454545454,76.7,0.005270000000000002,213.7,0.007770000000000027
fc2,0.775,10,11,0,0.3772727272727272,73.7,0.004529999999999995,210.7,0.00703000000000002
fc2,0.775,10,11,0,0.459090909090909,72.1,0.004529999999999995,209.1,0.00703000000000002
fc2,0.775,10,11,0,0.5409090909090909,71.3,0.004529999999999995,208.3,0.00703000000000002
fc2,0.775,10,11,0,0.6227272727272727,67.0,0.0041800000000000006,204.0,0.0066800000000000245
fc2,0.775,10,11,0,0.7045454545454545,65.0,0.0041800000000000006,202.0,0.0066800000000000245
fc2,0.775,10,11,0,0.7863636363636363,64.0,0.0041800000000000006,201.0,0.0066800000000000245
fc2,0.775,10,11,0,0.868181818181818,62.0,0.003839999999999999,199.0,0.006340000000000024
fc2,0.775,10,11,0,0.95,51.7,0.003539999999999999,188.7,0.006040000000000023
fc2,0.8875,10,11,0,0.05,69.2,0.00490000000000001,206.2,0.007400000000000034
fc2,0.8875,10,11,0,0.1318181818181818,68.6,0.00490000000000001,205.6,0.007400000000000034
fc2,0.8875,10,11,0,0.21363636363636362,67.4,0.00490000000000001,204.4,0.007400000000000034
fc2,0.8875,10,11,0,0.2954545454545454,66.8,0.00490000000000001,203.8,0.007400000000000034
fc2,0.8875,10,11,0,0.3772727272727272,64.4,0.00490000000000001,201.4,0.007400000000000034
fc2,0.8875,10,11,0,0.459090909090909,37.9,0.0030400000000000036,174.9,0.005540000000000028
fc2,0.8875,10,11,0,0.5409090909090909,36.1,0.0030400000000000036,173.1,0.005540000000000028
fc2,0.8875,10,11,0,0.6227272727272727,33.7,0.0030400000000000036,170.7,0.005540000000000028
fc2,0.8875,10,11,0,0.7045454545454545,11.3,0.0029500000000000025,148.3,0.005450000000000027
fc2,0.8875,10,11,0,0.7863636363636363,3.8,0.00262,140.8,0.005120000000000025
fc2,0.8875,10,11,0,0.868181818181818,-18.1,0.002439999999999992,118.9,0.004940000000000016
fc2,0.8875,10,11,0,0.95,-31.7,0.0019599999999999895,105.3,0.004460000000000014
fc2,0,10,13,0,0.05,64.9,0.004740000000000011,201.9,0.0072400000000000355
fc2,0,10,13,0,0.1318181818181818,64.1,0.004740000000000011,201.1,0.0072400000000000355
fc2,0,10,13,0,0.21363636363636362,62.2,0.004660000000000009,199.2,0.007160000000000033
fc2,0,10,13,0,0.2954545454545454,59.8,0.004660000000000009,196.8,0.007160000000000033
fc2,0,10,13,0,0.3772727272727272,56.7,0.004660000000000009,193.7,0.007160000000000033
fc2,0,10,13,0,0.459090909090909,50.3,0.004360000000000008,187.3,0.006860000000000033
fc2,0,10,13,0,0.5409090909090909,48.5,0.003920000000000012,185.5,0.006420000000000037
fc2,0,10,13,0,0.6227272727272727,44.0,0.003880000000000011,181.0,0.006380000000000036
fc2,0,10,13,0,0.7045454545454545,42.0,0.003570000000000001,179.0,0.006070000000000025
fc2,0,10,13,0,0.7863636363636363,41.0,0.003570000000000001,178.0,0.006070000000000025
fc2,0,10,13,0,0.868181818181818,34.4,0.002799999999999997,171.4,0.005300000000000022
fc2,0,10,13,0,0.95,32.4,0.0026600000000000013,169.4,0.005160000000000026
fc2,0.1,10,13,0,0.05,83.4,0.005299999999999999,220.4,0.007800000000000024
fc2,0.1,10,13,0,0.1318181818181818,82.8,0.005299999999999999,219.8,0.007800000000000024
fc2,0.1,10,13,0,0.21363636363636362,81.0,0.005299999999999999,218.0,0.007800000000000024
fc2,0.1,10,13,0,0.2954545454545454,80.2,0.005299999999999999,217.2,0.007800000000000024
fc2,0.1,10,13,0,0.3772727272727272,78.6,0.005299999999999999,215.6,0.007800000000000024
fc2,0.1,10,13,0,0.459090909090909,76.2,0.005230000000000001,213.2,0.007730000000000026
fc2,0.1,10,13,0,0.5409090909090909,75.3,0.005230000000000001,212.3,0.007730000000000026
fc2,0.1,10,13,0,0.6227272727272727,73.0,0.005230000000000001,210.0,0.007730000000000026
fc2,0.1,10,13,0,0.7045454545454545,51.8,0.0048099999999999974,188.8,0.007310000000000022
fc2,0.1,10,13,0,0.7863636363636363,50.8,0.0048099999999999974,187.8,0.007310000000000022
fc2,0.1,10,13,0,0.868181818181818,47.7,0.004409999999999986,184.7,0.006910000000000011
fc2,0.1,10,13,0,0.95,42.6,0.0034799999999999996,179.6,0.005980000000000024
fc2,0.21250000000000002,10,13,0,0.05,81.9,0.005420000000000008,218.9,0.007920000000000033
fc2,0.21250000000000002,10,13,0,0.1318181818181818,78.8,0.005230000000000001,215.8,0.007730000000000026
fc2,0.21250000000000002,10,13,0,0.21363636363636362,75.8,0.005230000000000001,212.8,0.007730000000000026
fc2,0.21250000000000002,10,13,0,0.2954545454545454,75.0,0.005230000000000001,212.0,0.007730000000000026
fc2,0.21250000000000002,10,13,0,0.3772727272727272,73.2,0.005230000000000001,210.2,0.007730000000000026
fc2,0.21250000000000002,10,13,0,0.459090909090909,62.5,0.0044800000000000065,199.5,0.0069800000000000305
fc2,0.21250000000000002,10,13,0,0.5409090909090909,61.6,0.004440000000000005,198.6,0.0069400000000000295
fc2,0.21250000000000002,10,13,0,0.6227272727272727,55.6,0.0040699999999999955,192.6,0.00657000000000002
fc2,0.21250000000000002,10,13,0,0.7045454545454545,52.2,0.0040299999999999945,189.2,0.006530000000000019
fc2,0.21250000000000002,10,13,0,0.7863636363636363,48.5,0.003999999999999998,185.5,0.006500000000000022
fc2,0.21250000000000002,10,13,0,0.868181818181818,39.9,0.0037799999999999943,176.9,0.006280000000000019
fc2,0.21250000000000002,10,13,0,0.95,34.0,0.002850000000000008,171.0,0.005350000000000033
fc2,0.325,10,13,0,0.05,64.6,0.004499999999999999,201.6,0.007000000000000023
fc2,0.325,10,13,0,0.1318181818181818,63.9,0.004499999999999999,200.9,0.007000000000000023
fc2,0.325,10,13,0,0.21363636363636362,60.5,0.004499999999999999,197.5,0.007000000000000023
fc2,0.325,10,13,0,0.2954545454545454,59.6,0.004499999999999999,196.6,0.007000000000000023
fc2,0.325,10,13,0,0.3772727272727272,57.6,0.00439,194.6,0.006890000000000024
fc2,0.325,10,13,0,0.459090909090909,48.4,0.0036400000000000043,185.4,0.006140000000000029
fc2,0.325,10,13,0,0.5409090909090909,47.5,0.0036400000000000043,184.5,0.006140000000000029
fc2,0.325,10,13,0,0.6227272727272727,41.5,0.0033499999999999975,178.5,0.005850000000000022
fc2,0.325,10,13,0,0.7045454545454545,38.0,0.003219999999999995,175.0,0.005720000000000019
fc2,0.325,10,13,0,0.7863636363636363,37.0,0.003219999999999995,174.0,0.005720000000000019
fc2,0.325,10,13,0,0.868181818181818,32.4,0.0028100000000000013,169.4,0.005310000000000026
fc2,0.325,10,13,0,0.95,17.7,0.002400000000000002,154.7,0.004900000000000027
fc2,0.4375,10,13,0,0.05,57.2,0.004259999999999997,194.2,0.006760000000000021
fc2,0.4375,10,13,0,0.1318181818181818,55.7,0.004259999999999997,192.7,0.006760000000000021
fc2,0.4375,10,13,0,0.21363636363636362,53.9,0.004259999999999997,190.9,0.006760000000000021
fc2,0.4375,10,13,0,0.2954545454545454,51.6,0.004259999999999997,188.6,0.006760000000000021
fc2,0.4375,10,13,0,0.3772727272727272,48.5,0.004189999999999999,185.5,0.006690000000000024
fc2,0.4375,10,13,0,0.459090909090909,46.7,0.00408,183.7,0.006580000000000025
fc2,0.4375,10,13,0,0.5409090909090909,45.8,0.0038899999999999933,182.8,0.006390000000000018
fc2,0.4375,10,13,0,0.6227272727272727,36.1,0.003279999999999994,173.1,0.005780000000000019
fc2,0.4375,10,13,0,0.7045454545454545,34.1,0.003239999999999993,171.1,0.005740000000000018
fc2,0.4375,10,13,0,0.7863636363636363,33.0,0.003049999999999997,170.0,0.005550000000000022
fc2,0.4375,10,13,0,0.868181818181818,24.5,0.002599999999999991,161.5,0.005100000000000016
fc2,0.4375,10,13,0,0.95,22.5,0.002599999999999991,159.5,0.005100000000000016
fc2,0.55,10,13,0,0.05,93.2,0.005680000000000002,230.2,0.008180000000000026
fc2,0.55,10,13,0,0.1318181818181818,92.5,0.005680000000000002,229.5,0.008180000000000026
fc2,0.55,10,13,0,0.21363636363636362,91.1,0.005680000000000002,228.1,0.008180000000000026
fc2,0.55,10,13,0,0.2954545454545454,89.0,0.005680000000000002,226.0,0.008180000000000026
fc2,0.55,10,13,0,0.3772727272727272,86.0,0.005170000000000008,223.0,0.007670000000000033
fc2,0.55,10,13,0,0.459090909090909,84.4,0.005170000000000008,221.4,0.007670000000000033
fc2,0.55,10,13,0,0.5409090909090909,82.7,0.0051500000000000105,219.7,0.007650000000000034
fc2,0.55,10,13,0,0.6227272727272727,67.1,0.004470000000000002,204.1,0.0069700000000000265
fc2,0.55,10,13,0,0.7045454545454545,60.9,0.004320000000000002,197.9,0.006820000000000026
fc2,0.55,10,13,0,0.7863636363636363,46.1,0.0036400000000000043,183.1,0.006140000000000029
fc2,0.55,10,13,0,0.868181818181818,44.1,0.003219999999999995,181.1,0.005720000000000019
fc2,0.55,10,13,0,0.95,35.5,0.0031899999999999984,172.5,0.005690000000000023
fc2,0.6625,10,13,0,0.05,94.6,0.005760000000000004,231.6,0.008260000000000028
fc2,0.6625,10,13,0,0.1318181818181818,93.9,0.005760000000000004,230.9,0.008260000000000028
fc2,0.6625,10,13,0,0.21363636363636362,92.5,0.005680000000000002,229.5,0.008180000000000026
fc2,0.6625,10,13,0,0.2954545454545454,90.4,0.005680000000000002,227.4,0.008180000000000026
fc2,0.6625,10,13,0,0.3772727272727272,85.4,0.005610000000000004,222.4,0.008110000000000029
fc2,0.6625,10,13,0,0.459090909090909,83.0,0.005170000000000008,220.0,0.007670000000000033
fc2,0.6625,10,13,0,0.5409090909090909,81.2,0.0051500000000000105,218.2,0.007650000000000034
fc2,0.6625,10,13,0,0.6227272727272727,67.1,0.004810000000000014,204.1,0.007310000000000039
fc2,0.6625,10,13,0,0.7045454545454545,65.1,0.004770000000000013,202.1,0.007270000000000038
fc2,0.6625,10,13,0,0.7863636363636363,64.1,0.004770000000000013,201.1,0.007270000000000038
fc2,0.6625,10,13,0,0.868181818181818,51.9,0.0036800000000000053,188.9,0.00618000000000003
fc2,0.6625,10,13,0,0.95,48.8,0.0035700000000000063,185.8,0.006070000000000031
fc2,0.775,10,13,0,0.05,85.5,0.004680000000000006,222.5,0.007180000000000031
fc2,0.775,10,13,0,0.1318181818181818,84.7,0.004680000000000006,221.7,0.007180000000000031
fc2,0.775,10,13,0,0.21363636363636362,83.1,0.0046300000000000065,220.1,0.00713000000000003
fc2,0.775,10,13,0,0.2954545454545454,82.3,0.0046300000000000065,219.3,0.00713000000000003
fc2,0.775,10,13,0,0.3772727272727272,80.7,0.004339999999999999,217.7,0.006840000000000024
fc2,0.775,10,13,0,0.459090909090909,79.1,0.004339999999999999,216.1,0.006840000000000024
fc2,0.775,10,13,0,0.5409090909090909,73.8,0.004070000000000002,210.8,0.0065700000000000255
fc2,0.775,10,13,0,0.6227272727272727,70.9,0.004070000000000002,207.9,0.0065700000000000255
fc2,0.775,10,13,0,0.7045454545454545,68.9,0.003839999999999999,205.9,0.006340000000000024
fc2,0.775,10,13,0,0.7863636363636363,67.9,0.003839999999999999,204.9,0.006340000000000024
fc2,0.775,10,13,0,0.868181818181818,49.0,0.0029600000000000017,186.0,0.005460000000000026
fc2,0.775,10,13,0,0.95,15.6,0.002860000000000007,152.6,0.005360000000000031
fc2,0.8875,10,13,0,0.05,48.4,0.003930000000000012,185.4,0.0064300000000000355
fc2,0.8875,10,13,0,0.1318181818181818,47.4,0.003930000000000012,184.4,0.0064300000000000355
fc2,0.8875,10,13,0,0.21363636363636362,45.6,0.003930000000000012,182.6,0.0064300000000000355
fc2,0.8875,10,13,0,0.2954545454545454,43.4,0.003930000000000012,180.4,0.0064300000000000355
fc2,0.8875,10,13,0,0.3772727272727272,32.4,0.003250000000000014,169.4,0.005750000000000038
fc2,0.8875,10,13,0,0.459090909090909,30.4,0.003250000000000014,167.4,0.005750000000000038
fc2,0.8875,10,13,0,0.5409090909090909,29.4,0.003250000000000014,166.4,0.005750000000000038
fc2,0.8875,10,13,0,0.6227272727272727,21.9,0.0031200000000000173,158.9,0.005620000000000042
fc2,0.8875,10,13,0,0.7045454545454545,13.1,0.0025900000000000146,150.1,0.005090000000000039
fc2,0.8875,10,13,0,0.7863636363636363,12.1,0.0023000000000000078,149.1,0.004800000000000032
fc2,0.8875,10,13,0,0.868181818181818,10.1,0.0023000000000000078,147.1,0.004800000000000032
fc2,0.8875,10,13,0,0.95,-1.9,0.0022400000000000033,135.1,0.004740000000000027
fc2,0,10,15,0,0.05,64.5,0.004720000000000013,201.5,0.007220000000000037
fc2,0,10,15,0,0.1318181818181818,63.7,0.0046400000000000104,200.7,0.007140000000000035
fc2,0,10,15,0,0.21363636363636362,62.0,0.0046400000000000104,199.0,0.007140000000000035
fc2,0,10,15,0,0.2954545454545454,61.2,0.0046400000000000104,198.2,0.007140000000000035
fc2,0,10,15,0,0.3772727272727272,59.0,0.004420000000000002,196.0,0.006920000000000026
fc2,0,10,15,0,0.459090909090909,56.9,0.003980000000000006,193.9,0.00648000000000003
fc2,0,10,15,0,0.5409090909090909,55.9,0.003980000000000006,192.9,0.00648000000000003
fc2,0,10,15,0,0.6227272727272727,53.3,0.003940000000000004,190.3,0.006440000000000029
fc2,0,10,15,0,0.7045454545454545,51.3,0.00383,188.3,0.006330000000000025
fc2,0,10,15,0,0.7863636363636363,34.7,0.0026699999999999944,171.7,0.005170000000000019
fc2,0,10,15,0,0.868181818181818,32.7,0.0026699999999999944,169.7,0.005170000000000019
fc2,0,10,15,0,0.95,-12.7,0.002839999999999998,124.3,0.005340000000000023
fc2,0.1,10,15,0,0.05,54.3,0.004270000000000007,191.3,0.006770000000000031
fc2,0.1,10,15,0,0.1318181818181818,53.5,0.004270000000000007,190.5,0.006770000000000031
fc2,0.1,10,15,0,0.21363636363636362,51.9,0.0041900000000000045,188.9,0.006690000000000029
fc2,0.1,10,15,0,0.2954545454545454,51.1,0.0041900000000000045,188.1,0.006690000000000029
fc2,0.1,10,15,0,0.3772727272727272,48.9,0.0037499999999999977,185.9,0.006250000000000022
fc2,0.1,10,15,0,0.459090909090909,41.9,0.00368,178.9,0.006180000000000024
fc2,0.1,10,15,0,0.5409090909090909,40.9,0.003240000000000004,177.9,0.005740000000000028
fc2,0.1,10,15,0,0.6227272727272727,38.7,0.003240000000000004,175.7,0.005740000000000028
fc2,0.1,10,15,0,0.7045454545454545,36.0,0.003089999999999998,173.0,0.005590000000000023
fc2,0.1,10,15,0,0.7863636363636363,35.0,0.0027999999999999913,172.0,0.005300000000000016
fc2,0.1,10,15,0,0.868181818181818,32.2,0.0027999999999999913,169.2,0.005300000000000016
fc2,0.1,10,15,0,0.95,-3.3,0.0032099999999999963,133.7,0.005710000000000021
fc2,0.21250000000000002,10,15,0,0.05,70.4,0.0043700000000000015,207.4,0.006870000000000026
fc2,0.21250000000000002,10,15,0,0.1318181818181818,67.3,0.0043700000000000015,204.3,0.006870000000000026
fc2,0.21250000000000002,10,15,0,0.21363636363636362,65.4,0.0042899999999999995,202.4,0.0067900000000000234
fc2,0.21250000000000002,10,15,0,0.2954545454545454,64.5,0.004269999999999996,201.5,0.006770000000000021
fc2,0.21250000000000002,10,15,0,0.3772727272727272,62.7,0.004199999999999998,199.7,0.006700000000000023
fc2,0.21250000000000002,10,15,0,0.459090909090909,60.5,0.004199999999999998,197.5,0.006700000000000023
fc2,0.21250000000000002,10,15,0,0.5409090909090909,59.6,0.003720000000000001,196.6,0.006220000000000026
fc2,0.21250000000000002,10,15,0,0.6227272727272727,57.8,0.0034299999999999943,194.8,0.005930000000000019
fc2,0.21250000000000002,10,15,0,0.7045454545454545,50.6,0.0033699999999999954,187.6,0.005870000000000019
fc2,0.21250000000000002,10,15,0,0.7863636363636363,49.6,0.0032599999999999908,186.6,0.005760000000000015
fc2,0.21250000000000002,10,15,0,0.868181818181818,23.0,0.003049999999999986,160.0,0.005550000000000011
fc2,0.21250000000000002,10,15,0,0.95,21.0,0.003049999999999986,158.0,0.005550000000000011
fc2,0.325,10,15,0,0.05,53.4,0.0034399999999999986,190.4,0.005940000000000023
fc2,0.325,10,15,0,0.1318181818181818,50.7,0.0034399999999999986,187.7,0.005940000000000023
fc2,0.325,10,15,0,0.21363636363636362,48.8,0.003419999999999995,185.8,0.00592000000000002
fc2,0.325,10,15,0,0.2954545454545454,47.9,0.003419999999999995,184.9,0.00592000000000002
fc2,0.325,10,15,0,0.3772727272727272,46.1,0.0033499999999999975,183.1,0.005850000000000022
fc2,0.325,10,15,0,0.459090909090909,44.3,0.0033499999999999975,181.3,0.005850000000000022
fc2,0.325,10,15,0,0.5409090909090909,43.4,0.0033499999999999975,180.4,0.005850000000000022
fc2,0.325,10,15,0,0.6227272727272727,32.9,0.0029099999999999903,169.9,0.005410000000000015
fc2,0.325,10,15,0,0.7045454545454545,31.1,0.0029099999999999903,168.1,0.005410000000000015
fc2,0.325,10,15,0,0.7863636363636363,28.8,0.0028699999999999893,165.8,0.005370000000000014
fc2,0.325,10,15,0,0.868181818181818,26.8,0.0024899999999999922,163.8,0.004990000000000017
fc2,0.325,10,15,0,0.95,6.6,0.0019099999999999894,143.6,0.004410000000000014
fc2,0.4375,10,15,0,0.05,57.8,0.003920000000000002,194.8,0.0064200000000000255
fc2,0.4375,10,15,0,0.1318181818181818,57.0,0.003920000000000002,194.0,0.0064200000000000255
fc2,0.4375,10,15,0,0.21363636363636362,48.7,0.003810000000000002,185.7,0.0063100000000000265
fc2,0.4375,10,15,0,0.2954545454545454,47.9,0.003810000000000002,184.9,0.0063100000000000265
fc2,0.4375,10,15,0,0.3772727272727272,46.3,0.003810000000000002,183.3,0.0063100000000000265
fc2,0.4375,10,15,0,0.459090909090909,44.7,0.0036199999999999956,181.7,0.0061200000000000195
fc2,0.4375,10,15,0,0.5409090909090909,43.9,0.0036199999999999956,180.9,0.0061200000000000195
fc2,0.4375,10,15,0,0.6227272727272727,41.1,0.0036199999999999956,178.1,0.0061200000000000195
fc2,0.4375,10,15,0,0.7045454545454545,39.3,0.0036199999999999956,176.3,0.0061200000000000195
fc2,0.4375,10,15,0,0.7863636363636363,37.0,0.003579999999999994,174.0,0.0060800000000000185
fc2,0.4375,10,15,0,0.868181818181818,35.0,0.0032399999999999872,172.0,0.005740000000000012
fc2,0.4375,10,15,0,0.95,15.4,0.002639999999999987,152.4,0.005140000000000011
fc2,0.55,10,15,0,0.05,63.8,0.004490000000000005,200.8,0.006990000000000029
fc2,0.55,10,15,0,0.1318181818181818,63.0,0.004490000000000005,200.0,0.006990000000000029
fc2,0.55,10,15,0,0.21363636363636362,53.7,0.0037800000000000056,190.7,0.00628000000000003
fc2,0.55,10,15,0,0.2954545454545454,52.5,0.0037800000000000056,189.5,0.00628000000000003
fc2,0.55,10,15,0,0.3772727272727272,50.7,0.0033400000000000096,187.7,0.005840000000000034
fc2,0.55,10,15,0,0.459090909090909,48.9,0.0033400000000000096,185.9,0.005840000000000034
fc2,0.55,10,15,0,0.5409090909090909,48.0,0.0031500000000000026,185.0,0.005650000000000027
fc2,0.55,10,15,0,0.6227272727272727,46.2,0.002709999999999996,183.2,0.00521000000000002
fc2,0.55,10,15,0,0.7045454545454545,43.1,0.0026699999999999944,180.1,0.005170000000000019
fc2,0.55,10,15,0,0.7863636363636363,42.1,0.0026699999999999944,179.1,0.005170000000000019
fc2,0.55,10,15,0,0.868181818181818,40.1,0.0025599999999999902,177.1,0.005060000000000014
fc2,0.55,10,15,0,0.95,8.7,0.0019399999999999862,145.7,0.004440000000000011
fc2,0.6625,10,15,0,0.05,91.2,0.005830000000000007,228.2,0.008330000000000032
fc2,0.6625,10,15,0,0.1318181818181818,90.6,0.005830000000000007,227.6,0.008330000000000032
fc2,0.6625,10,15,0,0.21363636363636362,89.1,0.005730000000000008,226.1,0.008230000000000032
fc2,0.6625,10,15,0,0.2954545454545454,88.4,0.0054800000000000074,225.4,0.007980000000000032
fc2,0.6625,10,15,0,0.3772727272727272,85.8,0.0054800000000000074,222.8,0.007980000000000032
fc2,0.6625,10,15,0,0.459090909090909,84.0,0.004959999999999997,221.0,0.007460000000000022
fc2,0.6625,10,15,0,0.5409090909090909,83.1,0.0045200000000000014,220.1,0.007020000000000026
fc2,0.6625,10,15,0,0.6227272727272727,62.2,0.003410000000000002,199.2,0.005910000000000026
fc2,0.6625,10,15,0,0.7045454545454545,59.1,0.0033700000000000006,196.1,0.005870000000000025
fc2,0.6625,10,15,0,0.7863636363636363,58.1,0.0033700000000000006,195.1,0.005870000000000025
fc2,0.6625,10,15,0,0.868181818181818,56.0,0.0032599999999999964,193.0,0.00576000000000002
fc2,0.6625,10,15,0,0.95,24.0,0.0022799999999999986,161.0,0.004780000000000023
fc2,0.775,10,15,0,0.05,69.2,0.004610000000000008,206.2,0.007110000000000033
fc2,0.775,10,15,0,0.1318181818181818,68.5,0.004610000000000008,205.5,0.007110000000000033
fc2,0.775,10,15,0,0.21363636363636362,67.1,0.004070000000000002,204.1,0.0065700000000000255
fc2,0.775,10,15,0,0.2954545454545454,66.0,0.004070000000000002,203.0,0.0065700000000000255
fc2,0.775,10,15,0,0.3772727272727272,52.7,0.003390000000000004,189.7,0.005890000000000029
fc2,0.775,10,15,0,0.459090909090909,50.9,0.003390000000000004,187.9,0.005890000000000029
fc2,0.775,10,15,0,0.5409090909090909,50.0,0.003390000000000004,187.0,0.005890000000000029
fc2,0.775,10,15,0,0.6227272727272727,48.2,0.003390000000000004,185.2,0.005890000000000029
fc2,0.775,10,15,0,0.7045454545454545,30.6,0.0028200000000000005,167.6,0.005320000000000024
fc2,0.775,10,15,0,0.7863636363636363,29.6,0.0028200000000000005,166.6,0.005320000000000024
fc2,0.775,10,15,0,0.868181818181818,27.6,0.0023599999999999953,164.6,0.00486000000000002
fc2,0.775,10,15,0,0.95,23.0,0.0023199999999999944,160.0,0.004820000000000019
fc2,0.8875,10,15,0,0.05,61.6,0.00505000000000001,198.6,0.007550000000000034
fc2,0.8875,10,15,0,0.1318181818181818,60.7,0.00505000000000001,197.7,0.007550000000000034
fc2,0.8875,10,15,0,0.21363636363636362,58.9,0.004620000000000002,195.9,0.0071200000000000265
fc2,0.8875,10,15,0,0.2954545454545454,58.0,0.004620000000000002,195.0,0.0071200000000000265
fc2,0.8875,10,15,0,0.3772727272727272,51.3,0.0036399999999999987,188.3,0.006140000000000023
fc2,0.8875,10,15,0,0.459090909090909,48.7,0.0036399999999999987,185.7,0.006140000000000023
fc2,0.8875,10,15,0,0.5409090909090909,47.7,0.0036399999999999987,184.7,0.006140000000000023
fc2,0.8875,10,15,0,0.6227272727272727,34.9,0.0027199999999999946,171.9,0.005220000000000019
fc2,0.8875,10,15,0,0.7045454545454545,12.0,0.0016599999999999892,149.0,0.0041600000000000135
fc2,0.8875,10,15,0,0.7863636363636363,11.0,0.0016599999999999892,148.0,0.0041600000000000135
fc2,0.8875,10,15,0,0.868181818181818,9.0,0.0016599999999999892,146.0,0.0041600000000000135
fc2,0.8875,10,15,0,0.95,7.0,0.0015199999999999936,144.0,0.004020000000000018
fc2,0,10,17,0,0.05,55.5,0.0047500000000000155,192.5,0.007250000000000039
fc2,0,10,17,0,0.1318181818181818,54.7,0.0047500000000000155,191.7,0.007250000000000039
fc2,0,10,17,0,0.21363636363636362,51.7,0.0047500000000000155,188.7,0.007250000000000039
fc2,0,10,17,0,0.2954545454545454,50.9,0.004730000000000012,187.9,0.007230000000000037
fc2,0,10,17,0,0.3772727272727272,30.8,0.00495000000000001,167.8,0.007450000000000035
fc2,0,10,17,0,0.459090909090909,29.4,0.004470000000000007,166.4,0.006970000000000032
fc2,0,10,17,0,0.5409090909090909,27.8,0.004010000000000002,164.8,0.006510000000000027
fc2,0,10,17,0,0.6227272727272727,25.1,0.0038599999999999967,162.1,0.006360000000000021
fc2,0,10,17,0,0.7045454545454545,23.2,0.0038599999999999967,160.2,0.006360000000000021
fc2,0,10,17,0,0.7863636363636363,9.6,0.0031799999999999997,146.6,0.005680000000000024
fc2,0,10,17,0,0.868181818181818,7.8,0.0030400000000000036,144.8,0.005540000000000028
fc2,0,10,17,0,0.95,5.9,0.0030400000000000036,142.9,0.005540000000000028
fc2,0.1,10,17,0,0.05,66.8,0.0043100000000000135,203.8,0.006810000000000038
fc2,0.1,10,17,0,0.1318181818181818,66.0,0.0043100000000000135,203.0,0.006810000000000038
fc2,0.1,10,17,0,0.21363636363636362,64.4,0.0043100000000000135,201.4,0.006810000000000038
fc2,0.1,10,17,0,0.2954545454545454,63.6,0.004290000000000011,200.6,0.006790000000000035
fc2,0.1,10,17,0,0.3772727272727272,62.0,0.004290000000000011,199.0,0.006790000000000035
fc2,0.1,10,17,0,0.459090909090909,59.8,0.0040000000000000036,196.8,0.006500000000000028
fc2,0.1,10,17,0,0.5409090909090909,59.0,0.0037500000000000033,196.0,0.006250000000000028
fc2,0.1,10,17,0,0.6227272727272727,55.2,0.0035999999999999977,192.2,0.006100000000000022
fc2,0.1,10,17,0,0.7045454545454545,53.1,0.0035999999999999977,190.1,0.006100000000000022
fc2,0.1,10,17,0,0.7863636363636363,38.5,0.002839999999999998,175.5,0.005340000000000023
fc2,0.1,10,17,0,0.868181818181818,36.5,0.0026300000000000047,173.5,0.005130000000000029
fc2,0.1,10,17,0,0.95,32.5,0.002010000000000006,169.5,0.0045100000000000305
fc2,0.21250000000000002,10,17,0,0.05,59.8,0.004880000000000007,196.8,0.007380000000000031
fc2,0.21250000000000002,10,17,0,0.1318181818181818,59.1,0.004880000000000007,196.1,0.007380000000000031
fc2,0.21250000000000002,10,17,0,0.21363636363636362,57.4,0.004420000000000002,194.4,0.006920000000000026
fc2,0.21250000000000002,10,17,0,0.2954545454545454,56.6,0.004229999999999995,193.6,0.006730000000000019
fc2,0.21250000000000002,10,17,0,0.3772727272727272,55.0,0.004229999999999995,192.0,0.006730000000000019
fc2,0.21250000000000002,10,17,0,0.459090909090909,53.4,0.004229999999999995,190.4,0.006730000000000019
fc2,0.21250000000000002,10,17,0,0.5409090909090909,51.7,0.004229999999999995,188.7,0.006730000000000019
fc2,0.21250000000000002,10,17,0,0.6227272727272727,48.8,0.004079999999999989,185.8,0.006580000000000014
fc2,0.21250000000000002,10,17,0,0.7045454545454545,43.0,0.0038499999999999867,180.0,0.006350000000000011
fc2,0.21250000000000002,10,17,0,0.7863636363636363,41.3,0.0037699999999999843,178.3,0.006270000000000009
fc2,0.21250000000000002,10,17,0,0.868181818181818,28.1,0.0028799999999999937,165.1,0.0053800000000000184
fc2,0.21250000000000002,10,17,0,0.95,26.1,0.0027899999999999926,163.1,0.005290000000000017
fc2,0.325,10,17,0,0.05,27.2,0.0028100000000000013,164.2,0.005310000000000026
fc2,0.325,10,17,0,0.1318181818181818,26.4,0.0028100000000000013,163.4,0.005310000000000026
fc2,0.325,10,17,0,0.21363636363636362,24.5,0.0028100000000000013,161.5,0.005310000000000026
fc2,0.325,10,17,0,0.2954545454545454,23.6,0.0025900000000000033,160.6,0.005090000000000028
fc2,0.325,10,17,0,0.3772727272727272,21.8,0.0025900000000000033,158.8,0.005090000000000028
fc2,0.325,10,17,0,0.459090909090909,19.2,0.0022599999999999955,156.2,0.004760000000000019
fc2,0.325,10,17,0,0.5409090909090909,14.1,0.0022399999999999976,151.1,0.004740000000000022
fc2,0.325,10,17,0,0.6227272727272727,12.1,0.0019499999999999906,149.1,0.004450000000000015
fc2,0.325,10,17,0,0.7045454545454545,5.0,0.0019099999999999894,142.0,0.004410000000000014
fc2,0.325,10,17,0,0.7863636363636363,4.0,0.0019099999999999894,141.0,0.004410000000000014
fc2,0.325,10,17,0,0.868181818181818,2.0,0.001699999999999996,139.0,0.0042000000000000206
fc2,0.325,10,17,0,0.95,-27.9,0.0009699999999999986,109.1,0.003470000000000023
fc2,0.4375,10,17,0,0.05,43.6,0.003400000000000003,180.6,0.005900000000000028
fc2,0.4375,10,17,0,0.1318181818181818,42.7,0.0033799999999999998,179.7,0.005880000000000024
fc2,0.4375,10,17,0,0.21363636363636362,40.9,0.0033799999999999998,177.9,0.005880000000000024
fc2,0.4375,10,17,0,0.2954545454545454,40.0,0.0033799999999999998,177.0,0.005880000000000024
fc2,0.4375,10,17,0,0.3772727272727272,38.2,0.0033799999999999998,175.2,0.005880000000000024
fc2,0.4375,10,17,0,0.459090909090909,32.6,0.0029899999999999983,169.6,0.005490000000000023
fc2,0.4375,10,17,0,0.5409090909090909,26.5,0.0029700000000000004,163.5,0.005470000000000025
fc2,0.4375,10,17,0,0.6227272727272727,3.3,0.002079999999999982,140.3,0.004580000000000006
fc2,0.4375,10,17,0,0.7045454545454545,1.3,0.002059999999999984,138.3,0.0045600000000000085
fc2,0.4375,10,17,0,0.7863636363636363,0.3,0.002059999999999984,137.3,0.0045600000000000085
fc2,0.4375,10,17,0,0.868181818181818,-7.4,0.0018199999999999883,129.6,0.004320000000000013
fc2,0.4375,10,17,0,0.95,-33.9,0.0021699999999999888,103.1,0.004670000000000013
fc2,0.55,10,17,0,0.05,29.6,0.0040500000000000145,166.6,0.006550000000000039
fc2,0.55,10,17,0,0.1318181818181818,28.8,0.004030000000000011,165.8,0.006530000000000036
fc2,0.55,10,17,0,0.21363636363636362,27.2,0.004030000000000011,164.2,0.006530000000000036
fc2,0.55,10,17,0,0.2954545454545454,26.4,0.004030000000000011,163.4,0.006530000000000036
fc2,0.55,10,17,0,0.3772727272727272,24.8,0.004030000000000011,161.8,0.006530000000000036
fc2,0.55,10,17,0,0.459090909090909,22.2,0.003700000000000003,159.2,0.0062000000000000275
fc2,0.55,10,17,0,0.5409090909090909,20.5,0.004489999999999999,157.5,0.006990000000000024
fc2,0.55,10,17,0,0.6227272727272727,12.8,0.003609999999999991,149.8,0.006110000000000016
fc2,0.55,10,17,0,0.7045454545454545,11.0,0.0033999999999999864,148.0,0.005900000000000011
fc2,0.55,10,17,0,0.7863636363636363,10.1,0.0033999999999999864,147.1,0.005900000000000011
fc2,0.55,10,17,0,0.868181818181818,8.3,0.0031699999999999897,145.3,0.005670000000000014
fc2,0.55,10,17,0,0.95,3.7,0.002709999999999996,140.7,0.00521000000000002
fc2,0.6625,10,17,0,0.05,35.6,0.004050000000000009,172.6,0.006550000000000033
fc2,0.6625,10,17,0,0.1318181818181818,34.8,0.004050000000000009,171.8,0.006550000000000033
fc2,0.6625,10,17,0,0.21363636363636362,33.2,0.003800000000000009,170.2,0.006300000000000033
fc2,0.6625,10,17,0,0.2954545454545454,32.4,0.003800000000000009,169.4,0.006300000000000033
fc2,0.6625,10,17,0,0.3772727272727272,29.3,0.0034200000000000064,166.3,0.005920000000000031
fc2,0.6625,10,17,0,0.459090909090909,26.7,0.0033800000000000054,163.7,0.005880000000000029
fc2,0.6625,10,17,0,0.5409090909090909,25.9,0.004170000000000002,162.9,0.006670000000000026
fc2,0.6625,10,17,0,0.6227272727272727,22.6,0.003859999999999991,159.6,0.006360000000000016
fc2,0.6625,10,17,0,0.7045454545454545,20.8,0.003859999999999991,157.8,0.006360000000000016
fc2,0.6625,10,17,0,0.7863636363636363,9.4,0.0031499999999999974,146.4,0.005650000000000021
fc2,0.6625,10,17,0,0.868181818181818,7.6,0.0031499999999999974,144.6,0.005650000000000021
fc2,0.6625,10,17,0,0.95,5.8,0.0030999999999999973,142.8,0.005600000000000022
fc2,0.775,10,17,0,0.05,70.8,0.00495000000000001,207.8,0.007450000000000035
fc2,0.775,10,17,0,0.1318181818181818,70.0,0.004660000000000003,207.0,0.0071600000000000275
fc2,0.775,10,17,0,0.21363636363636362,57.5,0.003980000000000006,194.5,0.00648000000000003
fc2,0.775,10,17,0,0.2954545454545454,56.7,0.003980000000000006,193.7,0.00648000000000003
fc2,0.775,10,17,0,0.3772727272727272,50.5,0.003500000000000003,187.5,0.006000000000000028
fc2,0.775,10,17,0,0.459090909090909,47.9,0.0030399999999999984,184.9,0.005540000000000022
fc2,0.775,10,17,0,0.5409090909090909,46.9,0.0030399999999999984,183.9,0.005540000000000022
fc2,0.775,10,17,0,0.6227272727272727,44.8,0.0030399999999999984,181.8,0.005540000000000022
fc2,0.775,10,17,0,0.7045454545454545,42.8,0.0030399999999999984,179.8,0.005540000000000022
fc2,0.775,10,17,0,0.7863636363636363,41.8,0.0030399999999999984,178.8,0.005540000000000022
fc2,0.775,10,17,0,0.868181818181818,39.8,0.0030399999999999984,176.8,0.005540000000000022
fc2,0.775,10,17,0,0.95,37.8,0.0029100000000000016,174.8,0.005410000000000026
fc2,0.8875,10,17,0,0.05,23.8,0.003010000000000007,160.8,0.005510000000000031
fc2,0.8875,10,17,0,0.1318181818181818,22.8,0.003010000000000007,159.8,0.005510000000000031
fc2,0.8875,10,17,0,0.21363636363636362,20.8,0.002860000000000007,157.8,0.005360000000000031
fc2,0.8875,10,17,0,0.2954545454545454,19.8,0.002860000000000007,156.8,0.005360000000000031
fc2,0.8875,10,17,0,0.3772727272727272,17.8,0.002720000000000006,154.8,0.00522000000000003
fc2,0.8875,10,17,0,0.459090909090909,15.8,0.002720000000000006,152.8,0.00522000000000003
fc2,0.8875,10,17,0,0.5409090909090909,14.8,0.0026000000000000077,151.8,0.0051000000000000325
fc2,0.8875,10,17,0,0.6227272727272727,12.8,0.002400000000000002,149.8,0.004900000000000027
fc2,0.8875,10,17,0,0.7045454545454545,10.7,0.0018800000000000095,147.7,0.004380000000000034
fc2,0.8875,10,17,0,0.7863636363636363,9.7,0.0018800000000000095,146.7,0.004380000000000034
fc2,0.8875,10,17,0,0.868181818181818,-24.7,0.0010000000000000065,112.3,0.003500000000000031
fc2,0.8875,10,17,0,0.95,-26.7,0.0010000000000000065,110.3,0.003500000000000031
fc2,0,10,19,0,0.05,44.1,0.003520000000000001,181.1,0.006020000000000025
fc2,0,10,19,0,0.1318181818181818,42.9,0.0034999999999999975,179.9,0.006000000000000022
fc2,0,10,19,0,0.21363636363636362,41.0,0.0034999999999999975,178.0,0.006000000000000022
fc2,0,10,19,0,0.2954545454545454,40.1,0.0034999999999999975,177.1,0.006000000000000022
fc2,0,10,19,0,0.3772727272727272,38.3,0.0034999999999999975,175.3,0.006000000000000022
fc2,0,10,19,0,0.459090909090909,36.5,0.0033100000000000017,173.5,0.005810000000000026
fc2,0,10,19,0,0.5409090909090909,34.9,0.0032700000000000008,171.9,0.005770000000000025
fc2,0,10,19,0,0.6227272727272727,33.1,0.0032200000000000006,170.1,0.005720000000000025
fc2,0,10,19,0,0.7045454545454545,30.3,0.003109999999999996,167.3,0.00561000000000002
fc2,0,10,19,0,0.7863636363636363,29.3,0.0029700000000000004,166.3,0.005470000000000025
fc2,0,10,19,0,0.868181818181818,8.5,0.0021599999999999953,145.5,0.00466000000000002
fc2,0,10,19,0,0.95,6.5,0.0021599999999999953,143.5,0.00466000000000002
fc2,0.1,10,19,0,0.05,66.1,0.003759999999999997,203.1,0.006260000000000021
fc2,0.1,10,19,0,0.1318181818181818,65.2,0.003759999999999997,202.2,0.006260000000000021
fc2,0.1,10,19,0,0.21363636363636362,63.4,0.003759999999999997,200.4,0.006260000000000021
fc2,0.1,10,19,0,0.2954545454545454,62.5,0.003759999999999997,199.5,0.006260000000000021
fc2,0.1,10,19,0,0.3772727272727272,60.7,0.003759999999999997,197.7,0.006260000000000021
fc2,0.1,10,19,0,0.459090909090909,58.9,0.003570000000000001,195.9,0.006070000000000025
fc2,0.1,10,19,0,0.5409090909090909,58.0,0.003570000000000001,195.0,0.006070000000000025
fc2,0.1,10,19,0,0.6227272727272727,56.2,0.0034799999999999996,193.2,0.005980000000000024
fc2,0.1,10,19,0,0.7045454545454545,54.0,0.00343,191.0,0.005930000000000024
fc2,0.1,10,19,0,0.7863636363636363,53.1,0.00343,190.1,0.005930000000000024
fc2,0.1,10,19,0,0.868181818181818,46.8,0.0030999999999999973,183.8,0.005600000000000022
fc2,0.1,10,19,0,0.95,44.8,0.0029600000000000017,181.8,0.005460000000000026
fc2,0.21250000000000002,10,19,0,0.05,54.6,0.003610000000000002,191.6,0.006110000000000027
fc2,0.21250000000000002,10,19,0,0.1318181818181818,53.7,0.003610000000000002,190.7,0.006110000000000027
fc2,0.21250000000000002,10,19,0,0.21363636363636362,51.9,0.003610000000000002,188.9,0.006110000000000027
fc2,0.21250000000000002,10,19,0,0.2954545454545454,51.0,0.003610000000000002,188.0,0.006110000000000027
fc2,0.21250000000000002,10,19,0,0.3772727272727272,49.2,0.003610000000000002,186.2,0.006110000000000027
fc2,0.21250000000000002,10,19,0,0.459090909090909,47.4,0.003610000000000002,184.4,0.006110000000000027
fc2,0.21250000000000002,10,19,0,0.5409090909090909,46.5,0.003610000000000002,183.5,0.006110000000000027
fc2,0.21250000000000002,10,19,0,0.6227272727272727,41.1,0.0033799999999999998,178.1,0.005880000000000024
fc2,0.21250000000000002,10,19,0,0.7045454545454545,39.3,0.0033799999999999998,176.3,0.005880000000000024
fc2,0.21250000000000002,10,19,0,0.7863636363636363,38.4,0.003320000000000001,175.4,0.005820000000000025
fc2,0.21250000000000002,10,19,0,0.868181818181818,35.0,0.0030799999999999938,172.0,0.005580000000000018
fc2,0.21250000000000002,10,19,0,0.95,33.0,0.0027500000000000024,170.0,0.005250000000000027
fc2,0.325,10,19,0,0.05,23.1,0.002909999999999996,160.1,0.005410000000000021
fc2,0.325,10,19,0,0.1318181818181818,21.0,0.002909999999999996,158.0,0.005410000000000021
fc2,0.325,10,19,0,0.21363636363636362,19.2,0.002909999999999996,156.2,0.005410000000000021
fc2,0.325,10,19,0,0.2954545454545454,18.3,0.002719999999999989,155.3,0.005220000000000014
fc2,0.325,10,19,0,0.3772727272727272,16.5,0.002719999999999989,153.5,0.005220000000000014
fc2,0.325,10,19,0,0.459090909090909,14.3,0.002369999999999989,151.3,0.004870000000000013
fc2,0.325,10,19,0,0.5409090909090909,13.4,0.002369999999999989,150.4,0.004870000000000013
fc2,0.325,10,19,0,0.6227272727272727,11.6,0.0021899999999999862,148.6,0.004690000000000011
fc2,0.325,10,19,0,0.7045454545454545,9.8,0.0021899999999999862,146.8,0.004690000000000011
fc2,0.325,10,19,0,0.7863636363636363,8.9,0.0021899999999999862,145.9,0.004690000000000011
fc2,0.325,10,19,0,0.868181818181818,5.5,0.0020399999999999806,142.5,0.004540000000000005
fc2,0.325,10,19,0,0.95,2.7,0.001899999999999985,139.7,0.00440000000000001
fc2,0.4375,10,19,0,0.05,33.9,0.003450000000000003,170.9,0.005950000000000027
fc2,0.4375,10,19,0,0.1318181818181818,31.9,0.003450000000000003,168.9,0.005950000000000027
fc2,0.4375,10,19,0,0.21363636363636362,30.3,0.003300000000000003,167.3,0.005800000000000027
fc2,0.4375,10,19,0,0.2954545454545454,29.5,0.003300000000000003,166.5,0.005800000000000027
fc2,0.4375,10,19,0,0.3772727272727272,27.9,0.003109999999999996,164.9,0.00561000000000002
fc2,0.4375,10,19,0,0.459090909090909,26.2,0.003109999999999996,163.2,0.00561000000000002
fc2,0.4375,10,19,0,0.5409090909090909,25.4,0.003109999999999996,162.4,0.00561000000000002
fc2,0.4375,10,19,0,0.6227272727272727,15.3,0.002759999999999996,152.3,0.00526000000000002
fc2,0.4375,10,19,0,0.7045454545454545,13.5,0.002759999999999996,150.5,0.00526000000000002
fc2,0.4375,10,19,0,0.7863636363636363,12.6,0.002759999999999996,149.6,0.00526000000000002
fc2,0.4375,10,19,0,0.868181818181818,9.2,0.0025399999999999924,146.2,0.005040000000000017
fc2,0.4375,10,19,0,0.95,-7.5,0.0022899999999999978,129.5,0.004790000000000022
fc2,0.55,10,19,0,0.05,25.7,0.0034900000000000096,162.7,0.005990000000000034
fc2,0.55,10,19,0,0.1318181818181818,25.0,0.0034900000000000096,162.0,0.005990000000000034
fc2,0.55,10,19,0,0.21363636363636362,23.3,0.0034900000000000096,160.3,0.005990000000000034
fc2,0.55,10,19,0,0.2954545454545454,22.5,0.0034900000000000096,159.5,0.005990000000000034
fc2,0.55,10,19,0,0.3772727272727272,20.9,0.003300000000000003,157.9,0.005800000000000027
fc2,0.55,10,19,0,0.459090909090909,19.3,0.003009999999999996,156.3,0.00551000000000002
fc2,0.55,10,19,0,0.5409090909090909,18.5,0.003009999999999996,155.5,0.00551000000000002
fc2,0.55,10,19,0,0.6227272727272727,15.9,0.003799999999999992,152.9,0.0063000000000000165
fc2,0.55,10,19,0,0.7045454545454545,13.0,0.0035899999999999877,150.0,0.006090000000000012
fc2,0.55,10,19,0,0.7863636363636363,12.1,0.0035899999999999877,149.1,0.006090000000000012
fc2,0.55,10,19,0,0.868181818181818,-4.0,0.0031199999999999895,133.0,0.005620000000000014
fc2,0.55,10,19,0,0.95,-25.4,0.0022399999999999976,111.6,0.004740000000000022
fc2,0.6625,10,19,0,0.05,28.2,0.003030000000000005,165.2,0.00553000000000003
fc2,0.6625,10,19,0,0.1318181818181818,27.3,0.003030000000000005,164.3,0.00553000000000003
fc2,0.6625,10,19,0,0.21363636363636362,25.5,0.003030000000000005,162.5,0.00553000000000003
fc2,0.6625,10,19,0,0.2954545454545454,24.6,0.003030000000000005,161.6,0.00553000000000003
fc2,0.6625,10,19,0,0.3772727272727272,22.8,0.003030000000000005,159.8,0.00553000000000003
fc2,0.6625,10,19,0,0.459090909090909,21.0,0.002739999999999998,158.0,0.005240000000000022
fc2,0.6625,10,19,0,0.5409090909090909,20.1,0.002739999999999998,157.1,0.005240000000000022
fc2,0.6625,10,19,0,0.6227272727272727,18.4,0.003529999999999994,155.4,0.006030000000000019
fc2,0.6625,10,19,0,0.7045454545454545,15.1,0.0031499999999999805,152.1,0.005650000000000005
fc2,0.6625,10,19,0,0.7863636363636363,14.2,0.0031499999999999805,151.2,0.005650000000000005
fc2,0.6625,10,19,0,0.868181818181818,-3.4,0.00244999999999998,133.6,0.004950000000000005
fc2,0.6625,10,19,0,0.95,-24.6,0.001569999999999988,112.4,0.004070000000000013
fc2,0.775,10,19,0,0.05,52.0,0.0035700000000000063,189.0,0.006070000000000031
fc2,0.775,10,19,0,0.1318181818181818,51.2,0.0035700000000000063,188.2,0.006070000000000031
fc2,0.775,10,19,0,0.21363636363636362,49.6,0.0035700000000000063,186.6,0.006070000000000031
fc2,0.775,10,19,0,0.2954545454545454,48.8,0.0035700000000000063,185.8,0.006070000000000031
fc2,0.775,10,19,0,0.3772727272727272,47.2,0.003340000000000004,184.2,0.005840000000000028
fc2,0.775,10,19,0,0.459090909090909,44.8,0.003340000000000004,181.8,0.005840000000000028
fc2,0.775,10,19,0,0.5409090909090909,34.3,0.0030000000000000083,171.3,0.005500000000000033
fc2,0.775,10,19,0,0.6227272727272727,31.4,0.0030000000000000083,168.4,0.005500000000000033
fc2,0.775,10,19,0,0.7045454545454545,29.4,0.0027700000000000003,166.4,0.005270000000000025
fc2,0.775,10,19,0,0.7863636363636363,28.4,0.0027700000000000003,165.4,0.005270000000000025
fc2,0.775,10,19,0,0.868181818181818,16.2,0.0019699999999999995,153.2,0.004470000000000024
fc2,0.775,10,19,0,0.95,14.2,0.0019699999999999995,151.2,0.004470000000000024
fc2,0.8875,10,19,0,0.05,59.9,0.004500000000000004,196.9,0.007000000000000029
fc2,0.8875,10,19,0,0.1318181818181818,59.2,0.004500000000000004,196.2,0.007000000000000029
fc2,0.8875,10,19,0,0.21363636363636362,57.8,0.004500000000000004,194.8,0.007000000000000029
fc2,0.8875,10,19,0,0.2954545454545454,56.7,0.004500000000000004,193.7,0.007000000000000029
fc2,0.8875,10,19,0,0.3772727272727272,42.4,0.003590000000000004,179.4,0.0060900000000000286
fc2,0.8875,10,19,0,0.459090909090909,39.8,0.003350000000000003,176.8,0.005850000000000027
fc2,0.8875,10,19,0,0.5409090909090909,38.8,0.003350000000000003,175.8,0.005850000000000027
fc2,0.8875,10,19,0,0.6227272727272727,32.6,0.003100000000000003,169.6,0.005600000000000027
fc2,0.8875,10,19,0,0.7045454545454545,30.6,0.002830000000000005,167.6,0.005330000000000029
fc2,0.8875,10,19,0,0.7863636363636363,29.6,0.002830000000000005,166.6,0.005330000000000029
fc2,0.8875,10,19,0,0.868181818181818,21.7,0.0019299999999999983,158.7,0.0044300000000000225
fc2,0.8875,10,19,0,0.95,-14.5,0.001830000000000004,122.5,0.004330000000000028
