vgg11,0,10,5,0,0.05,150.5,0.016730000000000012,281.3,0.018469999999999997
vgg11,0,10,5,0,0.1318181818181818,149.5,0.016680000000000007,280.3,0.018419999999999992
vgg11,0,10,5,0,0.21363636363636362,140.4,0.01533000000000001,271.2,0.017069999999999995
vgg11,0,10,5,0,0.2954545454545454,139.4,0.01532,270.2,0.017059999999999985
vgg11,0,10,5,0,0.3772727272727272,137.4,0.014980000000000016,268.2,0.016720000000000002
vgg11,0,10,5,0,0.459090909090909,135.4,0.013780000000000025,266.2,0.015520000000000011
vgg11,0,10,5,0,0.5409090909090909,130.0,0.01214000000000005,260.8,0.013880000000000036
vgg11,0,10,5,0,0.6227272727272727,110.9,0.007830000000000026,241.7,0.009570000000000013
vgg11,0,10,5,0,0.7045454545454545,82.0,0.0048300000000000235,212.8,0.006570000000000009
vgg11,0,10,5,0,0.7863636363636363,81.0,0.0044100000000000476,211.8,0.006150000000000033
vgg11,0,10,5,0,0.868181818181818,75.9,0.0044100000000000476,206.7,0.006150000000000033
vgg11,0,10,5,0,0.95,72.6,0.0044100000000000476,203.4,0.006150000000000033
vgg11,0.1,10,5,0,0.05,137.7,0.01454000000000003,268.5,0.016280000000000017
vgg11,0.1,10,5,0,0.1318181818181818,136.7,0.014310000000000034,267.5,0.01605000000000002
vgg11,0.1,10,5,0,0.21363636363636362,134.7,0.014010000000000033,265.5,0.01575000000000002
vgg11,0.1,10,5,0,0.2954545454545454,133.7,0.01314000000000004,264.5,0.014880000000000027
vgg11,0.1,10,5,0,0.3772727272727272,122.1,0.011170000000000024,252.9,0.01291000000000001
vgg11,0.1,10,5,0,0.459090909090909,114.3,0.011040000000000017,245.1,0.012780000000000003
vgg11,0.1,10,5,0,0.5409090909090909,108.9,0.009980000000000034,239.7,0.011720000000000019
vgg11,0.1,10,5,0,0.6227272727272727,106.5,0.009780000000000021,237.3,0.011520000000000008
vgg11,0.1,10,5,0,0.7045454545454545,79.4,0.007900000000000008,210.2,0.009639999999999992
vgg11,0.1,10,5,0,0.7863636363636363,73.5,0.006820000000000015,204.3,0.008560000000000002
vgg11,0.1,10,5,0,0.868181818181818,64.4,0.005890000000000029,195.2,0.007630000000000014
vgg11,0.1,10,5,0,0.95,54.5,0.004110000000000025,185.3,0.005850000000000011
vgg11,0.21250000000000002,10,5,0,0.05,147.0,0.014750000000000018,277.8,0.016490000000000005
vgg11,0.21250000000000002,10,5,0,0.1318181818181818,146.0,0.014520000000000022,276.8,0.016260000000000007
vgg11,0.21250000000000002,10,5,0,0.21363636363636362,144.0,0.013990000000000035,274.8,0.015730000000000022
vgg11,0.21250000000000002,10,5,0,0.2954545454545454,143.0,0.013120000000000043,273.8,0.01486000000000003
vgg11,0.21250000000000002,10,5,0,0.3772727272727272,112.4,0.009890000000000043,243.2,0.01163000000000003
vgg11,0.21250000000000002,10,5,0,0.459090909090909,110.1,0.009800000000000041,240.9,0.011540000000000028
vgg11,0.21250000000000002,10,5,0,0.5409090909090909,109.1,0.009800000000000041,239.9,0.011540000000000028
vgg11,0.21250000000000002,10,5,0,0.6227272727272727,94.1,0.009370000000000035,224.9,0.01111000000000002
vgg11,0.21250000000000002,10,5,0,0.7045454545454545,83.1,0.009060000000000002,213.9,0.010799999999999987
vgg11,0.21250000000000002,10,5,0,0.7863636363636363,77.5,0.008739999999999993,208.3,0.010479999999999979
vgg11,0.21250000000000002,10,5,0,0.868181818181818,62.1,0.008170000000000021,192.9,0.009910000000000007
vgg11,0.21250000000000002,10,5,0,0.95,52.3,0.0066600000000000105,183.1,0.008399999999999996
vgg11,0.325,10,5,0,0.05,124.8,0.011100000000000032,255.6,0.012840000000000018
vgg11,0.325,10,5,0,0.1318181818181818,123.8,0.010870000000000036,254.6,0.01261000000000002
vgg11,0.325,10,5,0,0.21363636363636362,121.8,0.010870000000000036,252.6,0.01261000000000002
vgg11,0.325,10,5,0,0.2954545454545454,120.8,0.009990000000000032,251.6,0.011730000000000018
vgg11,0.325,10,5,0,0.3772727272727272,113.2,0.008760000000000023,244.0,0.01050000000000001
vgg11,0.325,10,5,0,0.459090909090909,110.9,0.008760000000000023,241.7,0.01050000000000001
vgg11,0.325,10,5,0,0.5409090909090909,109.9,0.008390000000000031,240.7,0.010130000000000017
vgg11,0.325,10,5,0,0.6227272727272727,107.9,0.008320000000000017,238.7,0.010060000000000003
vgg11,0.325,10,5,0,0.7045454545454545,105.7,0.008110000000000006,236.5,0.009849999999999992
vgg11,0.325,10,5,0,0.7863636363636363,104.7,0.007890000000000019,235.5,0.009630000000000005
vgg11,0.325,10,5,0,0.868181818181818,78.2,0.006680000000000008,209.0,0.008419999999999993
vgg11,0.325,10,5,0,0.95,72.5,0.00645,203.3,0.008189999999999985
vgg11,0.4375,10,5,0,0.05,140.9,0.014540000000000008,271.7,0.016279999999999996
vgg11,0.4375,10,5,0,0.1318181818181818,139.9,0.014120000000000021,270.7,0.015860000000000006
vgg11,0.4375,10,5,0,0.21363636363636362,122.2,0.01342000000000002,253.0,0.015160000000000007
vgg11,0.4375,10,5,0,0.2954545454545454,116.6,0.011100000000000021,247.4,0.012840000000000008
vgg11,0.4375,10,5,0,0.3772727272727272,114.6,0.01069,245.4,0.012429999999999986
vgg11,0.4375,10,5,0,0.459090909090909,112.6,0.009670000000000012,243.4,0.011409999999999998
vgg11,0.4375,10,5,0,0.5409090909090909,111.6,0.009670000000000012,242.4,0.011409999999999998
vgg11,0.4375,10,5,0,0.6227272727272727,105.6,0.00929000000000002,236.4,0.011030000000000007
vgg11,0.4375,10,5,0,0.7045454545454545,103.6,0.008710000000000018,234.4,0.010450000000000004
vgg11,0.4375,10,5,0,0.7863636363636363,99.0,0.008040000000000014,229.8,0.00978
vgg11,0.4375,10,5,0,0.868181818181818,96.5,0.007860000000000023,227.3,0.009600000000000008
vgg11,0.4375,10,5,0,0.95,91.2,0.007070000000000032,222.0,0.008810000000000017
vgg11,0.55,10,5,0,0.05,158.3,0.01685000000000001,289.1,0.018589999999999995
vgg11,0.55,10,5,0,0.1318181818181818,157.3,0.01643000000000002,288.1,0.01817000000000001
vgg11,0.55,10,5,0,0.21363636363636362,154.9,0.015630000000000012,285.7,0.017369999999999997
vgg11,0.55,10,5,0,0.2954545454545454,153.9,0.014760000000000018,284.7,0.016500000000000004
vgg11,0.55,10,5,0,0.3772727272727272,151.9,0.014670000000000027,282.7,0.016410000000000015
vgg11,0.55,10,5,0,0.459090909090909,141.2,0.01243000000000002,272.0,0.014170000000000006
vgg11,0.55,10,5,0,0.5409090909090909,140.2,0.01243000000000002,271.0,0.014170000000000006
vgg11,0.55,10,5,0,0.6227272727272727,130.8,0.01080000000000001,261.6,0.012539999999999996
vgg11,0.55,10,5,0,0.7045454545454545,114.9,0.00908,245.7,0.010819999999999986
vgg11,0.55,10,5,0,0.7863636363636363,113.9,0.00908,244.7,0.010819999999999986
vgg11,0.55,10,5,0,0.868181818181818,110.2,0.008800000000000007,241.0,0.010539999999999994
vgg11,0.55,10,5,0,0.95,99.3,0.007220000000000027,230.1,0.008960000000000013
vgg11,0.6625,10,5,0,0.05,158.1,0.019540000000000012,288.9,0.02128
vgg11,0.6625,10,5,0,0.1318181818181818,157.1,0.01907000000000002,287.9,0.020810000000000006
vgg11,0.6625,10,5,0,0.21363636363636362,155.1,0.018330000000000023,285.9,0.02007000000000001
vgg11,0.6625,10,5,0,0.2954545454545454,154.1,0.01746000000000003,284.9,0.019200000000000016
vgg11,0.6625,10,5,0,0.3772727272727272,152.1,0.017140000000000044,282.9,0.01888000000000003
vgg11,0.6625,10,5,0,0.459090909090909,145.9,0.014730000000000031,276.7,0.01647000000000002
vgg11,0.6625,10,5,0,0.5409090909090909,138.7,0.013910000000000023,269.5,0.015650000000000008
vgg11,0.6625,10,5,0,0.6227272727272727,136.6,0.013810000000000012,267.4,0.015549999999999998
vgg11,0.6625,10,5,0,0.7045454545454545,134.6,0.012560000000000005,265.4,0.01429999999999999
vgg11,0.6625,10,5,0,0.7863636363636363,133.6,0.012560000000000005,264.4,0.01429999999999999
vgg11,0.6625,10,5,0,0.868181818181818,116.1,0.010180000000000033,246.9,0.011920000000000019
vgg11,0.6625,10,5,0,0.95,110.5,0.009190000000000021,241.3,0.010930000000000006
vgg11,0.775,10,5,0,0.05,157.3,0.020080000000000032,288.1,0.021820000000000016
vgg11,0.775,10,5,0,0.1318181818181818,156.3,0.01980000000000003,287.1,0.021540000000000014
vgg11,0.775,10,5,0,0.21363636363636362,154.1,0.018350000000000033,284.9,0.020090000000000018
vgg11,0.775,10,5,0,0.2954545454545454,153.1,0.018350000000000033,283.9,0.020090000000000018
vgg11,0.775,10,5,0,0.3772727272727272,144.3,0.016420000000000035,275.1,0.01816000000000002
vgg11,0.775,10,5,0,0.459090909090909,142.3,0.014550000000000052,273.1,0.016290000000000037
vgg11,0.775,10,5,0,0.5409090909090909,141.2,0.014330000000000032,272.0,0.01607000000000002
vgg11,0.775,10,5,0,0.6227272727272727,139.2,0.014099999999999991,270.0,0.015839999999999976
vgg11,0.775,10,5,0,0.7045454545454545,129.8,0.011630000000000007,260.6,0.013369999999999993
vgg11,0.775,10,5,0,0.7863636363636363,128.8,0.01151000000000002,259.6,0.013250000000000007
vgg11,0.775,10,5,0,0.868181818181818,120.4,0.009510000000000029,251.2,0.011250000000000015
vgg11,0.775,10,5,0,0.95,107.2,0.007900000000000051,238.0,0.009640000000000037
vgg11,0.8875,10,5,0,0.05,133.7,0.01352000000000001,264.5,0.015259999999999996
vgg11,0.8875,10,5,0,0.1318181818181818,132.8,0.013330000000000019,263.6,0.015070000000000005
vgg11,0.8875,10,5,0,0.21363636363636362,130.6,0.013160000000000015,261.4,0.014900000000000002
vgg11,0.8875,10,5,0,0.2954545454545454,129.6,0.013160000000000015,260.4,0.014900000000000002
vgg11,0.8875,10,5,0,0.3772727272727272,127.6,0.012430000000000007,258.4,0.014169999999999993
vgg11,0.8875,10,5,0,0.459090909090909,124.9,0.010230000000000017,255.7,0.011970000000000003
vgg11,0.8875,10,5,0,0.5409090909090909,123.9,0.009740000000000016,254.7,0.01148
vgg11,0.8875,10,5,0,0.6227272727272727,121.9,0.009740000000000016,252.7,0.01148
vgg11,0.8875,10,5,0,0.7045454545454545,111.0,0.008170000000000021,241.8,0.009910000000000007
vgg11,0.8875,10,5,0,0.7863636363636363,110.0,0.008170000000000021,240.8,0.009910000000000007
vgg11,0.8875,10,5,0,0.868181818181818,102.6,0.00728000000000002,233.4,0.009020000000000005
vgg11,0.8875,10,5,0,0.95,62.6,0.006440000000000034,193.4,0.00818000000000002
vgg11,0,10,7,0,0.05,149.7,0.01807000000000001,280.5,0.019809999999999994
vgg11,0,10,7,0,0.1318181818181818,148.7,0.016870000000000007,279.5,0.018609999999999995
vgg11,0,10,7,0,0.21363636363636362,140.4,0.01372000000000001,271.2,0.015459999999999996
vgg11,0,10,7,0,0.2954545454545454,127.6,0.012560000000000026,258.4,0.014300000000000012
vgg11,0,10,7,0,0.3772727272727272,115.5,0.010820000000000007,246.3,0.012559999999999993
vgg11,0,10,7,0,0.459090909090909,113.0,0.010820000000000007,243.8,0.012559999999999993
vgg11,0,10,7,0,0.5409090909090909,105.4,0.010300000000000009,236.2,0.012039999999999995
vgg11,0,10,7,0,0.6227272727272727,103.4,0.010229999999999994,234.2,0.01196999999999998
vgg11,0,10,7,0,0.7045454545454545,97.1,0.007700000000000007,227.9,0.009439999999999994
vgg11,0,10,7,0,0.7863636363636363,96.1,0.007700000000000007,226.9,0.009439999999999994
vgg11,0,10,7,0,0.868181818181818,84.9,0.007330000000000003,215.7,0.00906999999999999
vgg11,0,10,7,0,0.95,80.7,0.006730000000000014,211.5,0.00847
vgg11,0.1,10,7,0,0.05,158.3,0.019120000000000005,289.1,0.02085999999999999
vgg11,0.1,10,7,0,0.1318181818181818,157.3,0.018530000000000012,288.1,0.02027
vgg11,0.1,10,7,0,0.21363636363636362,143.1,0.014600000000000012,273.9,0.01634
vgg11,0.1,10,7,0,0.2954545454545454,139.5,0.013800000000000012,270.3,0.015539999999999998
vgg11,0.1,10,7,0,0.3772727272727272,137.5,0.013800000000000012,268.3,0.015539999999999998
vgg11,0.1,10,7,0,0.459090909090909,135.5,0.012870000000000015,266.3,0.014610000000000001
vgg11,0.1,10,7,0,0.5409090909090909,132.0,0.012870000000000015,262.8,0.014610000000000001
vgg11,0.1,10,7,0,0.6227272727272727,129.8,0.012720000000000009,260.6,0.014459999999999995
vgg11,0.1,10,7,0,0.7045454545454545,121.4,0.010210000000000007,252.2,0.011949999999999994
vgg11,0.1,10,7,0,0.7863636363636363,120.4,0.009780000000000011,251.2,0.011519999999999997
vgg11,0.1,10,7,0,0.868181818181818,109.3,0.007620000000000038,240.1,0.009360000000000025
vgg11,0.1,10,7,0,0.95,81.5,0.007410000000000039,212.3,0.009150000000000024
vgg11,0.21250000000000002,10,7,0,0.05,139.8,0.013720000000000043,270.6,0.01546000000000003
vgg11,0.21250000000000002,10,7,0,0.1318181818181818,137.8,0.013010000000000044,268.6,0.01475000000000003
vgg11,0.21250000000000002,10,7,0,0.21363636363636362,127.8,0.011350000000000037,258.6,0.013090000000000023
vgg11,0.21250000000000002,10,7,0,0.2954545454545454,126.8,0.010490000000000022,257.6,0.012230000000000008
vgg11,0.21250000000000002,10,7,0,0.3772727272727272,124.5,0.010160000000000035,255.3,0.011900000000000022
vgg11,0.21250000000000002,10,7,0,0.459090909090909,122.5,0.010070000000000046,253.3,0.011810000000000032
vgg11,0.21250000000000002,10,7,0,0.5409090909090909,121.5,0.009990000000000054,252.3,0.01173000000000004
vgg11,0.21250000000000002,10,7,0,0.6227272727272727,111.4,0.008930000000000016,242.2,0.010670000000000002
vgg11,0.21250000000000002,10,7,0,0.7045454545454545,103.0,0.008440000000000026,233.8,0.010180000000000012
vgg11,0.21250000000000002,10,7,0,0.7863636363636363,102.0,0.008160000000000034,232.8,0.00990000000000002
vgg11,0.21250000000000002,10,7,0,0.868181818181818,97.9,0.007520000000000027,228.7,0.009260000000000013
vgg11,0.21250000000000002,10,7,0,0.95,95.9,0.007520000000000027,226.7,0.009260000000000013
vgg11,0.325,10,7,0,0.05,143.1,0.013360000000000016,273.9,0.015100000000000002
vgg11,0.325,10,7,0,0.1318181818181818,142.1,0.013360000000000016,272.9,0.015100000000000002
vgg11,0.325,10,7,0,0.21363636363636362,140.1,0.012880000000000013,270.9,0.01462
vgg11,0.325,10,7,0,0.2954545454545454,139.1,0.012360000000000005,269.9,0.014099999999999991
vgg11,0.325,10,7,0,0.3772727272727272,134.3,0.011190000000000023,265.1,0.012930000000000007
vgg11,0.325,10,7,0,0.459090909090909,132.3,0.011190000000000023,263.1,0.012930000000000007
vgg11,0.325,10,7,0,0.5409090909090909,131.3,0.01100000000000002,262.1,0.012740000000000007
vgg11,0.325,10,7,0,0.6227272727272727,129.3,0.01037,260.1,0.012109999999999987
vgg11,0.325,10,7,0,0.7045454545454545,127.3,0.01037,258.1,0.012109999999999987
vgg11,0.325,10,7,0,0.7863636363636363,126.3,0.010230000000000006,257.1,0.011969999999999991
vgg11,0.325,10,7,0,0.868181818181818,124.3,0.010119999999999995,255.1,0.011859999999999982
vgg11,0.325,10,7,0,0.95,101.5,0.009410000000000019,232.3,0.011150000000000004
vgg11,0.4375,10,7,0,0.05,145.7,0.015290000000000026,276.5,0.01703000000000001
vgg11,0.4375,10,7,0,0.1318181818181818,144.7,0.014670000000000016,275.5,0.01641
vgg11,0.4375,10,7,0,0.21363636363636362,142.7,0.014670000000000016,273.5,0.01641
vgg11,0.4375,10,7,0,0.2954545454545454,141.0,0.014150000000000006,271.8,0.015889999999999994
vgg11,0.4375,10,7,0,0.3772727272727272,136.2,0.01313000000000003,267.0,0.014870000000000017
vgg11,0.4375,10,7,0,0.459090909090909,134.2,0.012860000000000016,265.0,0.014600000000000002
vgg11,0.4375,10,7,0,0.5409090909090909,133.2,0.012790000000000013,264.0,0.014529999999999998
vgg11,0.4375,10,7,0,0.6227272727272727,131.2,0.01198999999999999,262.0,0.013729999999999975
vgg11,0.4375,10,7,0,0.7045454545454545,116.4,0.01048,247.2,0.012219999999999986
vgg11,0.4375,10,7,0,0.7863636363636363,115.4,0.01048,246.2,0.012219999999999986
vgg11,0.4375,10,7,0,0.868181818181818,98.2,0.007909999999999983,229.0,0.00964999999999997
vgg11,0.4375,10,7,0,0.95,96.2,0.007499999999999995,227.0,0.009239999999999981
vgg11,0.55,10,7,0,0.05,148.9,0.014830000000000032,279.7,0.01657000000000002
vgg11,0.55,10,7,0,0.1318181818181818,147.9,0.014080000000000037,278.7,0.01582000000000002
vgg11,0.55,10,7,0,0.21363636363636362,145.9,0.012580000000000036,276.7,0.014320000000000022
vgg11,0.55,10,7,0,0.2954545454545454,137.2,0.010840000000000027,268.0,0.012580000000000013
vgg11,0.55,10,7,0,0.3772727272727272,115.7,0.009950000000000025,246.5,0.011690000000000011
vgg11,0.55,10,7,0,0.459090909090909,107.5,0.009270000000000033,238.3,0.01101000000000002
vgg11,0.55,10,7,0,0.5409090909090909,97.0,0.008810000000000017,227.8,0.010550000000000004
vgg11,0.55,10,7,0,0.6227272727272727,95.0,0.007639999999999991,225.8,0.009379999999999977
vgg11,0.55,10,7,0,0.7045454545454545,77.3,0.007259999999999989,208.1,0.008999999999999975
vgg11,0.55,10,7,0,0.7863636363636363,76.3,0.007140000000000002,207.1,0.008879999999999989
vgg11,0.55,10,7,0,0.868181818181818,74.3,0.007140000000000002,205.1,0.008879999999999989
vgg11,0.55,10,7,0,0.95,72.3,0.007120000000000015,203.1,0.008860000000000002
vgg11,0.6625,10,7,0,0.05,136.7,0.013720000000000033,267.5,0.015460000000000019
vgg11,0.6625,10,7,0,0.1318181818181818,135.7,0.012970000000000037,266.5,0.014710000000000023
vgg11,0.6625,10,7,0,0.21363636363636362,133.7,0.011610000000000032,264.5,0.013350000000000018
vgg11,0.6625,10,7,0,0.2954545454545454,131.3,0.011130000000000018,262.1,0.012870000000000003
vgg11,0.6625,10,7,0,0.3772727272727272,114.2,0.009200000000000041,245.0,0.010940000000000028
vgg11,0.6625,10,7,0,0.459090909090909,112.2,0.009070000000000033,243.0,0.01081000000000002
vgg11,0.6625,10,7,0,0.5409090909090909,91.6,0.008740000000000036,222.4,0.010480000000000022
vgg11,0.6625,10,7,0,0.6227272727272727,89.6,0.00748000000000002,220.4,0.009220000000000006
vgg11,0.6625,10,7,0,0.7045454545454545,80.9,0.007860000000000011,211.7,0.009599999999999997
vgg11,0.6625,10,7,0,0.7863636363636363,80.0,0.007740000000000025,210.8,0.009480000000000011
vgg11,0.6625,10,7,0,0.868181818181818,66.4,0.006550000000000033,197.2,0.00829000000000002
vgg11,0.6625,10,7,0,0.95,64.6,0.006510000000000038,195.4,0.008250000000000025
vgg11,0.775,10,7,0,0.05,136.2,0.01635000000000003,267.0,0.018090000000000016
vgg11,0.775,10,7,0,0.1318181818181818,135.2,0.01456000000000004,266.0,0.016300000000000026
vgg11,0.775,10,7,0,0.21363636363636362,133.2,0.013220000000000032,264.0,0.014960000000000018
vgg11,0.775,10,7,0,0.2954545454545454,130.8,0.013150000000000028,261.6,0.014890000000000014
vgg11,0.775,10,7,0,0.3772727272727272,124.9,0.011860000000000037,255.7,0.013600000000000024
vgg11,0.775,10,7,0,0.459090909090909,116.7,0.010790000000000022,247.5,0.012530000000000008
vgg11,0.775,10,7,0,0.5409090909090909,115.7,0.010790000000000022,246.5,0.012530000000000008
vgg11,0.775,10,7,0,0.6227272727272727,84.0,0.005940000000000012,214.8,0.007679999999999998
vgg11,0.775,10,7,0,0.7045454545454545,72.7,0.00526000000000002,203.5,0.007000000000000006
vgg11,0.775,10,7,0,0.7863636363636363,59.9,0.005090000000000016,190.7,0.006830000000000003
vgg11,0.775,10,7,0,0.868181818181818,57.6,0.0050000000000000044,188.4,0.006739999999999991
vgg11,0.775,10,7,0,0.95,40.8,0.005220000000000002,171.6,0.006959999999999989
vgg11,0.8875,10,7,0,0.05,133.6,0.016270000000000017,264.4,0.018010000000000005
vgg11,0.8875,10,7,0,0.1318181818181818,132.6,0.014600000000000024,263.4,0.01634000000000001
vgg11,0.8875,10,7,0,0.21363636363636362,130.6,0.013260000000000017,261.4,0.015000000000000003
vgg11,0.8875,10,7,0,0.2954545454545454,129.6,0.013260000000000017,260.4,0.015000000000000003
vgg11,0.8875,10,7,0,0.3772727272727272,127.6,0.012880000000000013,258.4,0.01462
vgg11,0.8875,10,7,0,0.459090909090909,125.6,0.012880000000000013,256.4,0.01462
vgg11,0.8875,10,7,0,0.5409090909090909,124.6,0.012880000000000013,255.4,0.01462
vgg11,0.8875,10,7,0,0.6227272727272727,109.1,0.008850000000000014,239.9,0.010589999999999999
vgg11,0.8875,10,7,0,0.7045454545454545,101.6,0.00848000000000001,232.4,0.010219999999999996
vgg11,0.8875,10,7,0,0.7863636363636363,100.6,0.008250000000000025,231.4,0.00999000000000001
vgg11,0.8875,10,7,0,0.868181818181818,98.4,0.008150000000000001,229.2,0.009889999999999987
vgg11,0.8875,10,7,0,0.95,73.8,0.007720000000000005,204.6,0.009459999999999991
vgg11,0,10,9,0,0.05,162.2,0.01804000000000001,293.0,0.01978
vgg11,0,10,9,0,0.1318181818181818,161.2,0.01804000000000001,292.0,0.01978
vgg11,0,10,9,0,0.21363636363636362,158.9,0.017890000000000027,289.7,0.019630000000000015
vgg11,0,10,9,0,0.2954545454545454,157.9,0.017820000000000023,288.7,0.01956000000000001
vgg11,0,10,9,0,0.3772727272727272,155.9,0.016150000000000008,286.7,0.017889999999999996
vgg11,0,10,9,0,0.459090909090909,153.7,0.015010000000000013,284.5,0.016749999999999998
vgg11,0,10,9,0,0.5409090909090909,152.7,0.014800000000000013,283.5,0.01654
vgg11,0,10,9,0,0.6227272727272727,150.4,0.013869999999999993,281.2,0.01560999999999998
vgg11,0,10,9,0,0.7045454545454545,148.4,0.013069999999999993,279.2,0.01480999999999998
vgg11,0,10,9,0,0.7863636363636363,147.4,0.012619999999999987,278.2,0.014359999999999973
vgg11,0,10,9,0,0.868181818181818,145.3,0.012170000000000004,276.1,0.013909999999999988
vgg11,0,10,9,0,0.95,112.8,0.00987,243.6,0.011609999999999987
vgg11,0.1,10,9,0,0.05,153.3,0.01653000000000001,284.1,0.018269999999999998
vgg11,0.1,10,9,0,0.1318181818181818,152.2,0.01653000000000001,283.0,0.018269999999999998
vgg11,0.1,10,9,0,0.21363636363636362,150.0,0.016490000000000025,280.8,0.018230000000000014
vgg11,0.1,10,9,0,0.2954545454545454,149.0,0.01616000000000003,279.8,0.017900000000000017
vgg11,0.1,10,9,0,0.3772727272727272,147.0,0.01494000000000002,277.8,0.016680000000000007
vgg11,0.1,10,9,0,0.459090909090909,145.0,0.014430000000000021,275.8,0.016170000000000007
vgg11,0.1,10,9,0,0.5409090909090909,144.0,0.014430000000000021,274.8,0.016170000000000007
vgg11,0.1,10,9,0,0.6227272727272727,139.2,0.01262000000000001,270.0,0.014359999999999994
vgg11,0.1,10,9,0,0.7045454545454545,137.2,0.012380000000000002,268.0,0.014119999999999988
vgg11,0.1,10,9,0,0.7863636363636363,136.2,0.012309999999999988,267.0,0.014049999999999974
vgg11,0.1,10,9,0,0.868181818181818,105.7,0.010310000000000008,236.5,0.012049999999999995
vgg11,0.1,10,9,0,0.95,103.5,0.009540000000000026,234.3,0.011280000000000012
vgg11,0.21250000000000002,10,9,0,0.05,146.9,0.01757000000000001,277.7,0.019309999999999994
vgg11,0.21250000000000002,10,9,0,0.1318181818181818,145.8,0.01757000000000001,276.6,0.019309999999999994
vgg11,0.21250000000000002,10,9,0,0.21363636363636362,143.8,0.017330000000000022,274.6,0.01907000000000001
vgg11,0.21250000000000002,10,9,0,0.2954545454545454,142.8,0.017210000000000024,273.6,0.018950000000000012
vgg11,0.21250000000000002,10,9,0,0.3772727272727272,140.8,0.014810000000000012,271.6,0.01655
vgg11,0.21250000000000002,10,9,0,0.459090909090909,138.8,0.014810000000000012,269.6,0.01655
vgg11,0.21250000000000002,10,9,0,0.5409090909090909,135.1,0.013860000000000006,265.9,0.015599999999999992
vgg11,0.21250000000000002,10,9,0,0.6227272727272727,133.1,0.012770000000000014,263.9,0.01451
vgg11,0.21250000000000002,10,9,0,0.7045454545454545,131.1,0.012250000000000006,261.9,0.013989999999999992
vgg11,0.21250000000000002,10,9,0,0.7863636363636363,130.1,0.012179999999999991,260.9,0.013919999999999978
vgg11,0.21250000000000002,10,9,0,0.868181818181818,105.9,0.008690000000000008,236.7,0.010429999999999995
vgg11,0.21250000000000002,10,9,0,0.95,103.9,0.008520000000000028,234.7,0.010260000000000014
vgg11,0.325,10,9,0,0.05,140.1,0.015380000000000005,270.9,0.01711999999999999
vgg11,0.325,10,9,0,0.1318181818181818,139.2,0.015380000000000005,270.0,0.01711999999999999
vgg11,0.325,10,9,0,0.21363636363636362,137.1,0.015150000000000007,267.9,0.016889999999999995
vgg11,0.325,10,9,0,0.2954545454545454,136.1,0.014920000000000022,266.9,0.016660000000000008
vgg11,0.325,10,9,0,0.3772727272727272,134.1,0.013500000000000002,264.9,0.015239999999999986
vgg11,0.325,10,9,0,0.459090909090909,132.1,0.013290000000000014,262.9,0.015029999999999998
vgg11,0.325,10,9,0,0.5409090909090909,131.1,0.013290000000000014,261.9,0.015029999999999998
vgg11,0.325,10,9,0,0.6227272727272727,129.1,0.012370000000000025,259.9,0.014110000000000011
vgg11,0.325,10,9,0,0.7045454545454545,127.1,0.011600000000000032,257.9,0.013340000000000019
vgg11,0.325,10,9,0,0.7863636363636363,126.1,0.011180000000000023,256.9,0.01292000000000001
vgg11,0.325,10,9,0,0.868181818181818,106.1,0.01009000000000002,236.9,0.011830000000000007
vgg11,0.325,10,9,0,0.95,97.4,0.007950000000000013,228.2,0.009689999999999999
vgg11,0.4375,10,9,0,0.05,151.5,0.01698000000000004,282.3,0.018720000000000025
vgg11,0.4375,10,9,0,0.1318181818181818,141.4,0.01576000000000003,272.2,0.017500000000000016
vgg11,0.4375,10,9,0,0.21363636363636362,136.2,0.014510000000000023,267.0,0.016250000000000007
vgg11,0.4375,10,9,0,0.2954545454545454,135.2,0.014510000000000023,266.0,0.016250000000000007
vgg11,0.4375,10,9,0,0.3772727272727272,133.2,0.012780000000000014,264.0,0.01452
vgg11,0.4375,10,9,0,0.459090909090909,131.2,0.011890000000000012,262.0,0.013629999999999998
vgg11,0.4375,10,9,0,0.5409090909090909,120.8,0.011099999999999999,251.6,0.012839999999999985
vgg11,0.4375,10,9,0,0.6227272727272727,118.1,0.010020000000000029,248.9,0.011760000000000015
vgg11,0.4375,10,9,0,0.7045454545454545,114.9,0.009470000000000011,245.7,0.011209999999999998
vgg11,0.4375,10,9,0,0.7863636363636363,101.8,0.009130000000000004,232.6,0.01086999999999999
vgg11,0.4375,10,9,0,0.868181818181818,99.8,0.008900000000000009,230.6,0.010639999999999993
vgg11,0.4375,10,9,0,0.95,68.2,0.007850000000000024,199.0,0.00959000000000001
vgg11,0.55,10,9,0,0.05,135.0,0.014470000000000028,265.8,0.016210000000000013
vgg11,0.55,10,9,0,0.1318181818181818,134.0,0.014470000000000028,264.8,0.016210000000000013
vgg11,0.55,10,9,0,0.21363636363636362,127.1,0.013340000000000041,257.9,0.015080000000000027
vgg11,0.55,10,9,0,0.2954545454545454,126.1,0.013220000000000042,256.9,0.014960000000000029
vgg11,0.55,10,9,0,0.3772727272727272,124.1,0.012220000000000042,254.9,0.013960000000000028
vgg11,0.55,10,9,0,0.459090909090909,118.1,0.011610000000000042,248.9,0.013350000000000029
vgg11,0.55,10,9,0,0.5409090909090909,111.5,0.009250000000000036,242.3,0.010990000000000022
vgg11,0.55,10,9,0,0.6227272727272727,109.5,0.009080000000000032,240.3,0.010820000000000019
vgg11,0.55,10,9,0,0.7045454545454545,65.5,0.007790000000000019,196.3,0.009530000000000005
vgg11,0.55,10,9,0,0.7863636363636363,64.6,0.007790000000000019,195.4,0.009530000000000005
vgg11,0.55,10,9,0,0.868181818181818,62.8,0.007540000000000024,193.6,0.00928000000000001
vgg11,0.55,10,9,0,0.95,45.1,0.005650000000000021,175.9,0.007390000000000008
vgg11,0.6625,10,9,0,0.05,128.4,0.012440000000000007,259.2,0.014179999999999993
vgg11,0.6625,10,9,0,0.1318181818181818,127.5,0.012440000000000007,258.3,0.014179999999999993
vgg11,0.6625,10,9,0,0.21363636363636362,123.2,0.011960000000000004,254.0,0.01369999999999999
vgg11,0.6625,10,9,0,0.2954545454545454,121.9,0.011620000000000009,252.7,0.013359999999999993
vgg11,0.6625,10,9,0,0.3772727272727272,119.9,0.010450000000000004,250.7,0.012189999999999989
vgg11,0.6625,10,9,0,0.459090909090909,117.1,0.01038000000000001,247.9,0.012119999999999997
vgg11,0.6625,10,9,0,0.5409090909090909,116.1,0.010320000000000006,246.9,0.012059999999999993
vgg11,0.6625,10,9,0,0.6227272727272727,113.4,0.009430000000000027,244.2,0.011170000000000013
vgg11,0.6625,10,9,0,0.7045454545454545,106.5,0.008550000000000025,237.3,0.010290000000000011
vgg11,0.6625,10,9,0,0.7863636363636363,105.5,0.008550000000000025,236.3,0.010290000000000011
vgg11,0.6625,10,9,0,0.868181818181818,103.5,0.008530000000000038,234.3,0.010270000000000024
vgg11,0.6625,10,9,0,0.95,86.7,0.007830000000000026,217.5,0.009570000000000013
vgg11,0.775,10,9,0,0.05,131.7,0.015129999999999987,262.5,0.016869999999999975
vgg11,0.775,10,9,0,0.1318181818181818,130.7,0.015129999999999987,261.5,0.016869999999999975
vgg11,0.775,10,9,0,0.21363636363636362,128.7,0.014459999999999983,259.5,0.01619999999999997
vgg11,0.775,10,9,0,0.2954545454545454,121.3,0.014109999999999978,252.1,0.015849999999999965
vgg11,0.775,10,9,0,0.3772727272727272,117.0,0.012119999999999975,247.8,0.013859999999999961
vgg11,0.775,10,9,0,0.459090909090909,114.1,0.011889999999999989,244.9,0.013629999999999975
vgg11,0.775,10,9,0,0.5409090909090909,113.1,0.011889999999999989,243.9,0.013629999999999975
vgg11,0.775,10,9,0,0.6227272727272727,107.5,0.01091000000000002,238.3,0.012650000000000005
vgg11,0.775,10,9,0,0.7045454545454545,105.5,0.01038,236.3,0.012119999999999987
vgg11,0.775,10,9,0,0.7863636363636363,104.5,0.01038,235.3,0.012119999999999987
vgg11,0.775,10,9,0,0.868181818181818,102.5,0.01038,233.3,0.012119999999999987
vgg11,0.775,10,9,0,0.95,80.1,0.009299999999999998,210.9,0.011039999999999984
vgg11,0.8875,10,9,0,0.05,113.2,0.012940000000000007,244.0,0.014679999999999993
vgg11,0.8875,10,9,0,0.1318181818181818,112.2,0.012790000000000001,243.0,0.014529999999999987
vgg11,0.8875,10,9,0,0.21363636363636362,110.2,0.01212000000000002,241.0,0.013860000000000006
vgg11,0.8875,10,9,0,0.2954545454545454,109.2,0.01150000000000002,240.0,0.013240000000000007
vgg11,0.8875,10,9,0,0.3772727272727272,107.1,0.011430000000000006,237.9,0.013169999999999992
vgg11,0.8875,10,9,0,0.459090909090909,86.3,0.010540000000000016,217.1,0.012280000000000003
vgg11,0.8875,10,9,0,0.5409090909090909,84.9,0.010690000000000043,215.7,0.01243000000000003
vgg11,0.8875,10,9,0,0.6227272727272727,83.1,0.010060000000000024,213.9,0.01180000000000001
vgg11,0.8875,10,9,0,0.7045454545454545,81.1,0.009500000000000019,211.9,0.011240000000000005
vgg11,0.8875,10,9,0,0.7863636363636363,80.2,0.009500000000000019,211.0,0.011240000000000005
vgg11,0.8875,10,9,0,0.868181818181818,64.4,0.008450000000000013,195.2,0.01019
vgg11,0.8875,10,9,0,0.95,52.7,0.007410000000000016,183.5,0.009150000000000002
vgg11,0,10,11,0,0.05,146.8,0.01582000000000002,277.6,0.01756000000000001
vgg11,0,10,11,0,0.1318181818181818,145.8,0.01494000000000002,276.6,0.016680000000000007
vgg11,0,10,11,0,0.21363636363636362,143.8,0.014340000000000009,274.6,0.016079999999999994
vgg11,0,10,11,0,0.2954545454545454,142.8,0.01433000000000002,273.6,0.016070000000000008
vgg11,0,10,11,0,0.3772727272727272,140.8,0.01433000000000002,271.6,0.016070000000000008
vgg11,0,10,11,0,0.459090909090909,138.8,0.01365000000000004,269.6,0.015390000000000025
vgg11,0,10,11,0,0.5409090909090909,137.8,0.013330000000000019,268.6,0.015070000000000005
vgg11,0,10,11,0,0.6227272727272727,135.8,0.013150000000000005,266.6,0.014889999999999992
vgg11,0,10,11,0,0.7045454545454545,116.5,0.010310000000000008,247.3,0.012049999999999995
vgg11,0,10,11,0,0.7863636363636363,111.3,0.008810000000000017,242.1,0.010550000000000004
vgg11,0,10,11,0,0.868181818181818,100.2,0.006740000000000024,231.0,0.00848000000000001
vgg11,0,10,11,0,0.95,88.8,0.005719999999999992,219.6,0.007459999999999978
vgg11,0.1,10,11,0,0.05,146.9,0.01582000000000002,277.7,0.01756000000000001
vgg11,0.1,10,11,0,0.1318181818181818,145.9,0.01494000000000002,276.7,0.016680000000000007
vgg11,0.1,10,11,0,0.21363636363636362,143.9,0.014340000000000009,274.7,0.016079999999999994
vgg11,0.1,10,11,0,0.2954545454545454,142.9,0.01433000000000002,273.7,0.016070000000000008
vgg11,0.1,10,11,0,0.3772727272727272,140.9,0.01433000000000002,271.7,0.016070000000000008
vgg11,0.1,10,11,0,0.459090909090909,138.9,0.01365000000000004,269.7,0.015390000000000025
vgg11,0.1,10,11,0,0.5409090909090909,137.9,0.013330000000000019,268.7,0.015070000000000005
vgg11,0.1,10,11,0,0.6227272727272727,127.4,0.011670000000000003,258.2,0.013409999999999988
vgg11,0.1,10,11,0,0.7045454545454545,102.3,0.009840000000000005,233.1,0.01157999999999999
vgg11,0.1,10,11,0,0.7863636363636363,95.8,0.007820000000000027,226.6,0.009560000000000013
vgg11,0.1,10,11,0,0.868181818181818,82.6,0.006240000000000023,213.4,0.00798000000000001
vgg11,0.1,10,11,0,0.95,71.4,0.0051500000000000105,202.2,0.006889999999999996
vgg11,0.21250000000000002,10,11,0,0.05,144.8,0.015660000000000018,275.6,0.017400000000000006
vgg11,0.21250000000000002,10,11,0,0.1318181818181818,143.8,0.014780000000000015,274.6,0.01652
vgg11,0.21250000000000002,10,11,0,0.21363636363636362,141.8,0.01433000000000001,272.6,0.016069999999999994
vgg11,0.21250000000000002,10,11,0,0.2954545454545454,139.5,0.01361,270.3,0.015349999999999985
vgg11,0.21250000000000002,10,11,0,0.3772727272727272,137.5,0.013490000000000002,268.3,0.015229999999999988
vgg11,0.21250000000000002,10,11,0,0.459090909090909,134.0,0.012540000000000029,264.8,0.014280000000000015
vgg11,0.21250000000000002,10,11,0,0.5409090909090909,126.6,0.01242000000000002,257.4,0.014160000000000006
vgg11,0.21250000000000002,10,11,0,0.6227272727272727,116.1,0.010639999999999993,246.9,0.01237999999999998
vgg11,0.21250000000000002,10,11,0,0.7045454545454545,108.6,0.00976999999999999,239.4,0.011509999999999975
vgg11,0.21250000000000002,10,11,0,0.7863636363636363,90.8,0.00686000000000001,221.6,0.008599999999999997
vgg11,0.21250000000000002,10,11,0,0.868181818181818,88.8,0.006540000000000013,219.6,0.00828
vgg11,0.21250000000000002,10,11,0,0.95,73.1,0.005330000000000024,203.9,0.0070700000000000094
vgg11,0.325,10,11,0,0.05,154.1,0.016390000000000016,284.9,0.01813
vgg11,0.325,10,11,0,0.1318181818181818,153.1,0.015510000000000013,283.9,0.017249999999999998
vgg11,0.325,10,11,0,0.21363636363636362,151.1,0.014980000000000004,281.9,0.016719999999999992
vgg11,0.325,10,11,0,0.2954545454545454,150.1,0.014850000000000007,280.9,0.016589999999999994
vgg11,0.325,10,11,0,0.3772727272727272,148.1,0.014850000000000007,278.9,0.016589999999999994
vgg11,0.325,10,11,0,0.459090909090909,146.1,0.014370000000000027,276.9,0.016110000000000013
vgg11,0.325,10,11,0,0.5409090909090909,145.1,0.014250000000000018,275.9,0.015990000000000004
vgg11,0.325,10,11,0,0.6227272727272727,131.4,0.011739999999999995,262.2,0.013479999999999982
vgg11,0.325,10,11,0,0.7045454545454545,124.3,0.010420000000000007,255.1,0.012159999999999994
vgg11,0.325,10,11,0,0.7863636363636363,119.6,0.008980000000000021,250.4,0.010720000000000007
vgg11,0.325,10,11,0,0.868181818181818,76.8,0.006380000000000019,207.6,0.008120000000000006
vgg11,0.325,10,11,0,0.95,70.7,0.0052700000000000195,201.5,0.007010000000000005
vgg11,0.4375,10,11,0,0.05,124.0,0.01011000000000004,254.8,0.011850000000000027
vgg11,0.4375,10,11,0,0.1318181818181818,123.0,0.010030000000000028,253.8,0.011770000000000013
vgg11,0.4375,10,11,0,0.21363636363636362,121.0,0.009560000000000023,251.8,0.01130000000000001
vgg11,0.4375,10,11,0,0.2954545454545454,120.0,0.009430000000000027,250.8,0.011170000000000013
vgg11,0.4375,10,11,0,0.3772727272727272,117.6,0.00941000000000003,248.4,0.011150000000000016
vgg11,0.4375,10,11,0,0.459090909090909,115.6,0.009340000000000015,246.4,0.011080000000000001
vgg11,0.4375,10,11,0,0.5409090909090909,112.1,0.00907,242.9,0.010809999999999986
vgg11,0.4375,10,11,0,0.6227272727272727,109.5,0.008250000000000013,240.3,0.009989999999999999
vgg11,0.4375,10,11,0,0.7045454545454545,107.4,0.008240000000000025,238.2,0.009980000000000011
vgg11,0.4375,10,11,0,0.7863636363636363,105.3,0.00748000000000002,236.1,0.009220000000000006
vgg11,0.4375,10,11,0,0.868181818181818,36.3,0.004480000000000028,167.1,0.006220000000000015
vgg11,0.4375,10,11,0,0.95,32.2,0.00395000000000002,163.0,0.005690000000000006
vgg11,0.55,10,11,0,0.05,134.8,0.01324000000000004,265.6,0.014980000000000026
vgg11,0.55,10,11,0,0.1318181818181818,133.8,0.012950000000000027,264.6,0.014690000000000014
vgg11,0.55,10,11,0,0.21363636363636362,131.8,0.011920000000000009,262.6,0.013659999999999995
vgg11,0.55,10,11,0,0.2954545454545454,130.8,0.011790000000000012,261.6,0.013529999999999997
vgg11,0.55,10,11,0,0.3772727272727272,128.8,0.011770000000000013,259.6,0.01351
vgg11,0.55,10,11,0,0.459090909090909,120.9,0.010820000000000007,251.7,0.012559999999999993
vgg11,0.55,10,11,0,0.5409090909090909,119.9,0.010699999999999998,250.7,0.012439999999999984
vgg11,0.55,10,11,0,0.6227272727272727,93.4,0.007260000000000011,224.2,0.008999999999999998
vgg11,0.55,10,11,0,0.7045454545454545,91.4,0.007250000000000023,222.2,0.008990000000000008
vgg11,0.55,10,11,0,0.7863636363636363,89.3,0.007140000000000024,220.1,0.00888000000000001
vgg11,0.55,10,11,0,0.868181818181818,63.5,0.006150000000000022,194.3,0.007890000000000008
vgg11,0.55,10,11,0,0.95,40.9,0.004040000000000011,171.7,0.005779999999999996
vgg11,0.6625,10,11,0,0.05,122.8,0.011450000000000026,253.6,0.013190000000000012
vgg11,0.6625,10,11,0,0.1318181818181818,121.8,0.010570000000000024,252.6,0.01231000000000001
vgg11,0.6625,10,11,0,0.21363636363636362,115.8,0.008620000000000017,246.6,0.010360000000000003
vgg11,0.6625,10,11,0,0.2954545454545454,114.8,0.008620000000000017,245.6,0.010360000000000003
vgg11,0.6625,10,11,0,0.3772727272727272,112.8,0.008600000000000019,243.6,0.010340000000000005
vgg11,0.6625,10,11,0,0.459090909090909,110.8,0.008350000000000024,241.6,0.01009000000000001
vgg11,0.6625,10,11,0,0.5409090909090909,109.8,0.00816,240.6,0.009899999999999987
vgg11,0.6625,10,11,0,0.6227272727272727,72.1,0.005959999999999998,202.9,0.007699999999999985
vgg11,0.6625,10,11,0,0.7045454545454545,70.1,0.005730000000000013,200.9,0.007469999999999999
vgg11,0.6625,10,11,0,0.7863636363636363,68.0,0.005510000000000015,198.8,0.007250000000000001
vgg11,0.6625,10,11,0,0.868181818181818,37.5,0.00393,168.3,0.005669999999999986
vgg11,0.6625,10,11,0,0.95,4.2,0.0031100000000000017,135.0,0.004849999999999988
vgg11,0.775,10,11,0,0.05,112.0,0.010470000000000035,242.8,0.012210000000000021
vgg11,0.775,10,11,0,0.1318181818181818,111.0,0.010180000000000022,241.8,0.011920000000000009
vgg11,0.775,10,11,0,0.21363636363636362,105.2,0.008840000000000015,236.0,0.01058
vgg11,0.775,10,11,0,0.2954545454545454,104.2,0.008840000000000015,235.0,0.01058
vgg11,0.775,10,11,0,0.3772727272727272,102.2,0.008720000000000028,233.0,0.010460000000000014
vgg11,0.775,10,11,0,0.459090909090909,99.5,0.008400000000000019,230.3,0.010140000000000005
vgg11,0.775,10,11,0,0.5409090909090909,98.5,0.00828000000000001,229.3,0.010019999999999996
vgg11,0.775,10,11,0,0.6227272727272727,96.5,0.007460000000000011,227.3,0.009199999999999996
vgg11,0.775,10,11,0,0.7045454545454545,56.4,0.007390000000000008,187.2,0.009129999999999994
vgg11,0.775,10,11,0,0.7863636363636363,55.5,0.007030000000000014,186.3,0.00877
vgg11,0.775,10,11,0,0.868181818181818,52.2,0.007370000000000021,183.0,0.009110000000000007
vgg11,0.775,10,11,0,0.95,41.4,0.0051600000000000205,172.2,0.006900000000000006
vgg11,0.8875,10,11,0,0.05,130.0,0.009250000000000013,260.8,0.01099
vgg11,0.8875,10,11,0,0.1318181818181818,129.0,0.009250000000000013,259.8,0.01099
vgg11,0.8875,10,11,0,0.21363636363636362,127.0,0.009190000000000009,257.8,0.010929999999999995
vgg11,0.8875,10,11,0,0.2954545454545454,110.2,0.007580000000000009,241.0,0.009319999999999995
vgg11,0.8875,10,11,0,0.3772727272727272,102.9,0.006830000000000036,233.7,0.008570000000000022
vgg11,0.8875,10,11,0,0.459090909090909,100.2,0.006740000000000035,231.0,0.00848000000000002
vgg11,0.8875,10,11,0,0.5409090909090909,99.2,0.006740000000000035,230.0,0.00848000000000002
vgg11,0.8875,10,11,0,0.6227272727272727,97.2,0.0065500000000000445,228.0,0.00829000000000003
vgg11,0.8875,10,11,0,0.7045454545454545,92.3,0.006160000000000043,223.1,0.007900000000000029
vgg11,0.8875,10,11,0,0.7863636363636363,91.3,0.006080000000000041,222.1,0.007820000000000027
vgg11,0.8875,10,11,0,0.868181818181818,71.8,0.004470000000000041,202.6,0.006210000000000026
vgg11,0.8875,10,11,0,0.95,57.4,0.004820000000000024,188.2,0.00656000000000001
vgg11,0,10,13,0,0.05,156.3,0.01867000000000002,287.1,0.020410000000000005
vgg11,0,10,13,0,0.1318181818181818,155.4,0.018540000000000022,286.2,0.02028000000000001
vgg11,0,10,13,0,0.21363636363636362,153.3,0.01743000000000001,284.1,0.01917
vgg11,0,10,13,0,0.2954545454545454,152.3,0.016900000000000005,283.1,0.01863999999999999
vgg11,0,10,13,0,0.3772727272727272,146.0,0.016630000000000013,276.8,0.018369999999999997
vgg11,0,10,13,0,0.459090909090909,144.0,0.015860000000000006,274.8,0.017599999999999994
vgg11,0,10,13,0,0.5409090909090909,143.0,0.014629999999999999,273.8,0.016369999999999985
vgg11,0,10,13,0,0.6227272727272727,139.9,0.01371,270.7,0.015449999999999986
vgg11,0,10,13,0,0.7045454545454545,136.8,0.012460000000000016,267.6,0.0142
vgg11,0,10,13,0,0.7863636363636363,135.8,0.012460000000000016,266.6,0.0142
vgg11,0,10,13,0,0.868181818181818,133.8,0.012060000000000026,264.6,0.013800000000000012
vgg11,0,10,13,0,0.95,128.4,0.011450000000000016,259.2,0.013190000000000002
vgg11,0.1,10,13,0,0.05,153.6,0.01795000000000002,284.4,0.019690000000000006
vgg11,0.1,10,13,0,0.1318181818181818,152.7,0.017700000000000014,283.5,0.019440000000000002
vgg11,0.1,10,13,0,0.21363636363636362,150.6,0.016129999999999988,281.4,0.017869999999999976
vgg11,0.1,10,13,0,0.2954545454545454,149.6,0.01559999999999998,280.4,0.017339999999999967
vgg11,0.1,10,13,0,0.3772727272727272,147.6,0.015210000000000012,278.4,0.01695
vgg11,0.1,10,13,0,0.459090909090909,136.4,0.014090000000000024,267.2,0.01583000000000001
vgg11,0.1,10,13,0,0.5409090909090909,135.4,0.013210000000000022,266.2,0.014950000000000008
vgg11,0.1,10,13,0,0.6227272727272727,132.6,0.012470000000000014,263.4,0.01421
vgg11,0.1,10,13,0,0.7045454545454545,129.5,0.010700000000000032,260.3,0.012440000000000017
vgg11,0.1,10,13,0,0.7863636363636363,128.5,0.010700000000000032,259.3,0.012440000000000017
vgg11,0.1,10,13,0,0.868181818181818,126.5,0.010700000000000032,257.3,0.012440000000000017
vgg11,0.1,10,13,0,0.95,105.7,0.008970000000000023,236.5,0.010710000000000008
vgg11,0.21250000000000002,10,13,0,0.05,155.2,0.018530000000000026,286.0,0.02027000000000001
vgg11,0.21250000000000002,10,13,0,0.1318181818181818,154.2,0.018400000000000027,285.0,0.020140000000000012
vgg11,0.21250000000000002,10,13,0,0.21363636363636362,152.2,0.01706000000000001,283.0,0.018799999999999994
vgg11,0.21250000000000002,10,13,0,0.2954545454545454,151.2,0.01632,282.0,0.018059999999999986
vgg11,0.21250000000000002,10,13,0,0.3772727272727272,142.4,0.01594000000000001,273.2,0.017679999999999994
vgg11,0.21250000000000002,10,13,0,0.459090909090909,137.8,0.014740000000000008,268.6,0.016479999999999995
vgg11,0.21250000000000002,10,13,0,0.5409090909090909,136.8,0.01341,267.6,0.015149999999999986
vgg11,0.21250000000000002,10,13,0,0.6227272727272727,134.0,0.012750000000000017,264.8,0.014490000000000003
vgg11,0.21250000000000002,10,13,0,0.7045454545454545,128.6,0.010520000000000019,259.4,0.012260000000000004
vgg11,0.21250000000000002,10,13,0,0.7863636363636363,127.6,0.010520000000000019,258.4,0.012260000000000004
vgg11,0.21250000000000002,10,13,0,0.868181818181818,115.8,0.009930000000000005,246.6,0.011669999999999991
vgg11,0.21250000000000002,10,13,0,0.95,113.8,0.009930000000000005,244.6,0.011669999999999991
vgg11,0.325,10,13,0,0.05,146.6,0.016620000000000003,277.4,0.018359999999999987
vgg11,0.325,10,13,0,0.1318181818181818,145.6,0.016490000000000005,276.4,0.01822999999999999
vgg11,0.325,10,13,0,0.21363636363636362,143.6,0.01473000000000001,274.4,0.016469999999999995
vgg11,0.325,10,13,0,0.2954545454545454,142.6,0.013819999999999999,273.4,0.015559999999999985
vgg11,0.325,10,13,0,0.3772727272727272,133.8,0.013200000000000022,264.6,0.014940000000000009
vgg11,0.325,10,13,0,0.459090909090909,131.8,0.01233000000000003,262.6,0.014070000000000017
vgg11,0.325,10,13,0,0.5409090909090909,130.3,0.011860000000000027,261.1,0.013600000000000011
vgg11,0.325,10,13,0,0.6227272727272727,126.1,0.011140000000000028,256.9,0.012880000000000013
vgg11,0.325,10,13,0,0.7045454545454545,124.1,0.010770000000000024,254.9,0.01251000000000001
vgg11,0.325,10,13,0,0.7863636363636363,123.1,0.010770000000000024,253.9,0.01251000000000001
vgg11,0.325,10,13,0,0.868181818181818,92.9,0.007869999999999999,223.7,0.009609999999999985
vgg11,0.325,10,13,0,0.95,70.2,0.006520000000000003,201.0,0.00825999999999999
vgg11,0.4375,10,13,0,0.05,150.4,0.017469999999999996,281.2,0.019209999999999984
vgg11,0.4375,10,13,0,0.1318181818181818,149.4,0.016099999999999993,280.2,0.017839999999999977
vgg11,0.4375,10,13,0,0.21363636363636362,147.4,0.015270000000000006,278.2,0.01700999999999999
vgg11,0.4375,10,13,0,0.2954545454545454,146.4,0.014580000000000004,277.2,0.01631999999999999
vgg11,0.4375,10,13,0,0.3772727272727272,144.4,0.014480000000000015,275.2,0.016220000000000002
vgg11,0.4375,10,13,0,0.459090909090909,142.4,0.013540000000000007,273.2,0.015279999999999993
vgg11,0.4375,10,13,0,0.5409090909090909,141.4,0.012990000000000012,272.2,0.014729999999999998
vgg11,0.4375,10,13,0,0.6227272727272727,128.3,0.011380000000000034,259.1,0.01312000000000002
vgg11,0.4375,10,13,0,0.7045454545454545,126.3,0.010860000000000036,257.1,0.012600000000000023
vgg11,0.4375,10,13,0,0.7863636363636363,108.4,0.008860000000000024,239.2,0.010600000000000009
vgg11,0.4375,10,13,0,0.868181818181818,93.8,0.008160000000000011,224.6,0.009899999999999997
vgg11,0.4375,10,13,0,0.95,90.7,0.007230000000000003,221.5,0.008969999999999988
vgg11,0.55,10,13,0,0.05,150.3,0.018130000000000014,281.1,0.01987
vgg11,0.55,10,13,0,0.1318181818181818,149.4,0.018000000000000016,280.2,0.01974
vgg11,0.55,10,13,0,0.21363636363636362,147.6,0.017190000000000028,278.4,0.018930000000000013
vgg11,0.55,10,13,0,0.2954545454545454,146.3,0.016130000000000012,277.1,0.017869999999999997
vgg11,0.55,10,13,0,0.3772727272727272,144.3,0.01595000000000003,275.1,0.017690000000000018
vgg11,0.55,10,13,0,0.459090909090909,139.9,0.014670000000000027,270.7,0.016410000000000015
vgg11,0.55,10,13,0,0.5409090909090909,138.9,0.013650000000000018,269.7,0.015390000000000004
vgg11,0.55,10,13,0,0.6227272727272727,136.9,0.01342000000000002,267.7,0.015160000000000007
vgg11,0.55,10,13,0,0.7045454545454545,134.9,0.012240000000000029,265.7,0.013980000000000015
vgg11,0.55,10,13,0,0.7863636363636363,133.9,0.012240000000000029,264.7,0.013980000000000015
vgg11,0.55,10,13,0,0.868181818181818,131.9,0.011780000000000023,262.7,0.01352000000000001
vgg11,0.55,10,13,0,0.95,117.3,0.010870000000000013,248.1,0.01261
vgg11,0.6625,10,13,0,0.05,140.8,0.014780000000000038,271.6,0.016520000000000024
vgg11,0.6625,10,13,0,0.1318181818181818,139.9,0.014780000000000038,270.7,0.016520000000000024
vgg11,0.6625,10,13,0,0.21363636363636362,137.8,0.013690000000000025,268.6,0.01543000000000001
vgg11,0.6625,10,13,0,0.2954545454545454,136.8,0.013690000000000025,267.6,0.01543000000000001
vgg11,0.6625,10,13,0,0.3772727272727272,134.8,0.013000000000000022,265.6,0.014740000000000008
vgg11,0.6625,10,13,0,0.459090909090909,107.0,0.011250000000000005,237.8,0.012989999999999991
vgg11,0.6625,10,13,0,0.5409090909090909,100.2,0.010349999999999993,231.0,0.01208999999999998
vgg11,0.6625,10,13,0,0.6227272727272727,91.4,0.009730000000000006,222.2,0.01146999999999999
vgg11,0.6625,10,13,0,0.7045454545454545,89.6,0.008700000000000018,220.4,0.010440000000000005
vgg11,0.6625,10,13,0,0.7863636363636363,88.7,0.008700000000000018,219.5,0.010440000000000005
vgg11,0.6625,10,13,0,0.868181818181818,86.9,0.008260000000000023,217.7,0.010000000000000009
vgg11,0.6625,10,13,0,0.95,73.7,0.007550000000000024,204.5,0.00929000000000001
vgg11,0.775,10,13,0,0.05,137.2,0.013890000000000024,268.0,0.015630000000000012
vgg11,0.775,10,13,0,0.1318181818181818,136.2,0.01383000000000002,267.0,0.015570000000000006
vgg11,0.775,10,13,0,0.21363636363636362,134.2,0.01311000000000001,265.0,0.014849999999999997
vgg11,0.775,10,13,0,0.2954545454545454,129.8,0.011390000000000011,260.6,0.013129999999999998
vgg11,0.775,10,13,0,0.3772727272727272,119.4,0.010400000000000043,250.2,0.01214000000000003
vgg11,0.775,10,13,0,0.459090909090909,117.4,0.010320000000000041,248.2,0.012060000000000026
vgg11,0.775,10,13,0,0.5409090909090909,116.4,0.00930000000000003,247.2,0.011040000000000017
vgg11,0.775,10,13,0,0.6227272727272727,101.7,0.007670000000000043,232.5,0.00941000000000003
vgg11,0.775,10,13,0,0.7045454545454545,77.8,0.006610000000000038,208.6,0.008350000000000024
vgg11,0.775,10,13,0,0.7863636363636363,76.9,0.006400000000000039,207.7,0.008140000000000026
vgg11,0.775,10,13,0,0.868181818181818,75.1,0.006340000000000035,205.9,0.008080000000000021
vgg11,0.775,10,13,0,0.95,27.8,0.006000000000000028,158.6,0.007740000000000013
vgg11,0.8875,10,13,0,0.05,157.6,0.01817000000000001,288.4,0.019909999999999994
vgg11,0.8875,10,13,0,0.1318181818181818,153.0,0.01694000000000002,283.8,0.01868000000000001
vgg11,0.8875,10,13,0,0.21363636363636362,151.2,0.01665000000000001,282.0,0.018389999999999997
vgg11,0.8875,10,13,0,0.2954545454545454,149.9,0.015549999999999998,280.7,0.017289999999999982
vgg11,0.8875,10,13,0,0.3772727272727272,147.9,0.015450000000000009,278.7,0.017189999999999993
vgg11,0.8875,10,13,0,0.459090909090909,145.9,0.014660000000000017,276.7,0.016400000000000005
vgg11,0.8875,10,13,0,0.5409090909090909,144.9,0.013230000000000009,275.7,0.014969999999999994
vgg11,0.8875,10,13,0,0.6227272727272727,126.6,0.011210000000000008,257.4,0.012949999999999995
vgg11,0.8875,10,13,0,0.7045454545454545,124.6,0.009650000000000014,255.4,0.01139
vgg11,0.8875,10,13,0,0.7863636363636363,93.5,0.007250000000000034,224.3,0.00899000000000002
vgg11,0.8875,10,13,0,0.868181818181818,91.5,0.007070000000000043,222.3,0.00881000000000003
vgg11,0.8875,10,13,0,0.95,70.7,0.005750000000000022,201.5,0.007490000000000008
vgg11,0,10,15,0,0.05,146.9,0.014049999999999997,277.7,0.01578999999999998
vgg11,0,10,15,0,0.1318181818181818,145.9,0.013539999999999996,276.7,0.015279999999999983
vgg11,0,10,15,0,0.21363636363636362,143.9,0.012950000000000007,274.7,0.014689999999999991
vgg11,0,10,15,0,0.2954545454545454,142.9,0.012890000000000013,273.7,0.014629999999999999
vgg11,0,10,15,0,0.3772727272727272,140.9,0.012510000000000032,271.7,0.014250000000000018
vgg11,0,10,15,0,0.459090909090909,138.9,0.012450000000000027,269.7,0.014190000000000013
vgg11,0,10,15,0,0.5409090909090909,137.9,0.011950000000000027,268.7,0.013690000000000013
vgg11,0,10,15,0,0.6227272727272727,135.9,0.011950000000000027,266.7,0.013690000000000013
vgg11,0,10,15,0,0.7045454545454545,118.8,0.010319999999999996,249.6,0.012059999999999982
vgg11,0,10,15,0,0.7863636363636363,115.4,0.009399999999999986,246.2,0.011139999999999973
vgg11,0,10,15,0,0.868181818181818,109.1,0.008509999999999995,239.9,0.010249999999999981
vgg11,0,10,15,0,0.95,91.6,0.006220000000000015,222.4,0.00796
vgg11,0.1,10,15,0,0.05,146.8,0.016200000000000003,277.6,0.01793999999999999
vgg11,0.1,10,15,0,0.1318181818181818,145.8,0.015690000000000003,276.6,0.01742999999999999
vgg11,0.1,10,15,0,0.21363636363636362,131.0,0.011820000000000008,261.8,0.013559999999999994
vgg11,0.1,10,15,0,0.2954545454545454,121.8,0.011520000000000008,252.6,0.013259999999999994
vgg11,0.1,10,15,0,0.3772727272727272,119.8,0.011150000000000016,250.6,0.012890000000000002
vgg11,0.1,10,15,0,0.459090909090909,117.7,0.011150000000000016,248.5,0.012890000000000002
vgg11,0.1,10,15,0,0.5409090909090909,110.0,0.009189999999999999,240.8,0.010929999999999985
vgg11,0.1,10,15,0,0.6227272727272727,108.0,0.008940000000000003,238.8,0.01067999999999999
vgg11,0.1,10,15,0,0.7045454545454545,106.0,0.008689999999999976,236.8,0.010429999999999962
vgg11,0.1,10,15,0,0.7863636363636363,105.0,0.008689999999999976,235.8,0.010429999999999962
vgg11,0.1,10,15,0,0.868181818181818,103.0,0.008499999999999985,233.8,0.010239999999999971
vgg11,0.1,10,15,0,0.95,85.6,0.0061900000000000175,216.4,0.007930000000000003
vgg11,0.21250000000000002,10,15,0,0.05,150.7,0.01454000000000002,281.5,0.016280000000000006
vgg11,0.21250000000000002,10,15,0,0.1318181818181818,149.7,0.01454000000000002,280.5,0.016280000000000006
vgg11,0.21250000000000002,10,15,0,0.21363636363636362,142.0,0.012390000000000012,272.8,0.014129999999999998
vgg11,0.21250000000000002,10,15,0,0.2954545454545454,140.0,0.012290000000000023,270.8,0.01403000000000001
vgg11,0.21250000000000002,10,15,0,0.3772727272727272,130.2,0.01068,261.0,0.012419999999999987
vgg11,0.21250000000000002,10,15,0,0.459090909090909,116.8,0.008920000000000016,247.6,0.010660000000000003
vgg11,0.21250000000000002,10,15,0,0.5409090909090909,115.8,0.008920000000000016,246.6,0.010660000000000003
vgg11,0.21250000000000002,10,15,0,0.6227272727272727,99.3,0.007730000000000015,230.1,0.009470000000000001
vgg11,0.21250000000000002,10,15,0,0.7045454545454545,87.2,0.006209999999999993,218.0,0.00794999999999998
vgg11,0.21250000000000002,10,15,0,0.7863636363636363,85.5,0.006190000000000006,216.3,0.007929999999999993
vgg11,0.21250000000000002,10,15,0,0.868181818181818,83.5,0.005750000000000022,214.3,0.007490000000000008
vgg11,0.21250000000000002,10,15,0,0.95,72.6,0.005250000000000021,203.4,0.0069900000000000075
vgg11,0.325,10,15,0,0.05,134.2,0.013140000000000008,265.0,0.014879999999999994
vgg11,0.325,10,15,0,0.1318181818181818,132.4,0.013140000000000008,263.2,0.014879999999999994
vgg11,0.325,10,15,0,0.21363636363636362,130.4,0.012309999999999998,261.2,0.014049999999999984
vgg11,0.325,10,15,0,0.2954545454545454,129.4,0.012210000000000009,260.2,0.013949999999999995
vgg11,0.325,10,15,0,0.3772727272727272,127.4,0.011480000000000023,258.2,0.01322000000000001
vgg11,0.325,10,15,0,0.459090909090909,125.4,0.010760000000000025,256.2,0.012500000000000011
vgg11,0.325,10,15,0,0.5409090909090909,124.4,0.010710000000000042,255.2,0.012450000000000027
vgg11,0.325,10,15,0,0.6227272727272727,122.0,0.010180000000000022,252.8,0.011920000000000009
vgg11,0.325,10,15,0,0.7045454545454545,120.0,0.010110000000000008,250.8,0.011849999999999994
vgg11,0.325,10,15,0,0.7863636363636363,116.0,0.009350000000000002,246.8,0.011089999999999989
vgg11,0.325,10,15,0,0.868181818181818,93.5,0.006760000000000011,224.3,0.008499999999999997
vgg11,0.325,10,15,0,0.95,80.5,0.004749999999999999,211.3,0.0064899999999999845
vgg11,0.4375,10,15,0,0.05,143.5,0.01423000000000001,274.3,0.015969999999999995
vgg11,0.4375,10,15,0,0.1318181818181818,142.5,0.01403000000000002,273.3,0.015770000000000006
vgg11,0.4375,10,15,0,0.21363636363636362,138.7,0.013390000000000023,269.5,0.01513000000000001
vgg11,0.4375,10,15,0,0.2954545454545454,137.7,0.01273000000000003,268.5,0.014470000000000016
vgg11,0.4375,10,15,0,0.3772727272727272,135.7,0.012290000000000046,266.5,0.014030000000000032
vgg11,0.4375,10,15,0,0.459090909090909,131.1,0.011400000000000032,261.9,0.013140000000000018
vgg11,0.4375,10,15,0,0.5409090909090909,130.0,0.011370000000000036,260.8,0.013110000000000021
vgg11,0.4375,10,15,0,0.6227272727272727,127.6,0.01040000000000003,258.4,0.012140000000000017
vgg11,0.4375,10,15,0,0.7045454545454545,125.6,0.01009000000000001,256.4,0.011829999999999997
vgg11,0.4375,10,15,0,0.7863636363636363,124.6,0.01009000000000001,255.4,0.011829999999999997
vgg11,0.4375,10,15,0,0.868181818181818,88.9,0.006800000000000006,219.7,0.008539999999999992
vgg11,0.4375,10,15,0,0.95,70.4,0.005349999999999999,201.2,0.007089999999999985
vgg11,0.55,10,15,0,0.05,124.4,0.011300000000000032,255.2,0.013040000000000019
vgg11,0.55,10,15,0,0.1318181818181818,121.7,0.010790000000000032,252.5,0.012530000000000019
vgg11,0.55,10,15,0,0.21363636363636362,119.6,0.010730000000000028,250.4,0.012470000000000014
vgg11,0.55,10,15,0,0.2954545454545454,116.8,0.010550000000000037,247.6,0.012290000000000023
vgg11,0.55,10,15,0,0.3772727272727272,114.8,0.009780000000000033,245.6,0.01152000000000002
vgg11,0.55,10,15,0,0.459090909090909,99.0,0.007960000000000033,229.8,0.00970000000000002
vgg11,0.55,10,15,0,0.5409090909090909,98.0,0.007960000000000033,228.8,0.00970000000000002
vgg11,0.55,10,15,0,0.6227272727272727,95.9,0.007960000000000033,226.7,0.00970000000000002
vgg11,0.55,10,15,0,0.7045454545454545,93.9,0.00756,224.7,0.009299999999999985
vgg11,0.55,10,15,0,0.7863636363636363,92.5,0.007439999999999991,223.3,0.009179999999999976
vgg11,0.55,10,15,0,0.868181818181818,90.5,0.0067199999999999925,221.3,0.008459999999999978
vgg11,0.55,10,15,0,0.95,83.2,0.006199999999999995,214.0,0.00793999999999998
vgg11,0.6625,10,15,0,0.05,108.1,0.011470000000000025,238.9,0.01321000000000001
vgg11,0.6625,10,15,0,0.1318181818181818,107.1,0.010960000000000025,237.9,0.012700000000000012
vgg11,0.6625,10,15,0,0.21363636363636362,104.3,0.009660000000000047,235.1,0.011400000000000032
vgg11,0.6625,10,15,0,0.2954545454545454,103.3,0.009660000000000047,234.1,0.011400000000000032
vgg11,0.6625,10,15,0,0.3772727272727272,101.3,0.008790000000000053,232.1,0.01053000000000004
vgg11,0.6625,10,15,0,0.459090909090909,99.3,0.008730000000000048,230.1,0.010470000000000035
vgg11,0.6625,10,15,0,0.5409090909090909,98.3,0.008730000000000048,229.1,0.010470000000000035
vgg11,0.6625,10,15,0,0.6227272727272727,96.2,0.00832000000000004,227.0,0.010060000000000024
vgg11,0.6625,10,15,0,0.7045454545454545,94.0,0.008070000000000044,224.8,0.00981000000000003
vgg11,0.6625,10,15,0,0.7863636363636363,93.0,0.007830000000000037,223.8,0.009570000000000023
vgg11,0.6625,10,15,0,0.868181818181818,86.6,0.007660000000000044,217.4,0.00940000000000003
vgg11,0.6625,10,15,0,0.95,78.8,0.005950000000000033,209.6,0.007690000000000019
vgg11,0.775,10,15,0,0.05,129.5,0.014180000000000003,260.3,0.01591999999999999
vgg11,0.775,10,15,0,0.1318181818181818,128.5,0.0127,259.3,0.014439999999999986
vgg11,0.775,10,15,0,0.21363636363636362,123.8,0.01149,254.6,0.013229999999999987
vgg11,0.775,10,15,0,0.2954545454545454,122.8,0.01149,253.6,0.013229999999999987
vgg11,0.775,10,15,0,0.3772727272727272,120.8,0.01110000000000001,251.6,0.012839999999999996
vgg11,0.775,10,15,0,0.459090909090909,109.3,0.01040000000000001,240.1,0.012139999999999995
vgg11,0.775,10,15,0,0.5409090909090909,108.2,0.010300000000000021,239.0,0.012040000000000006
vgg11,0.775,10,15,0,0.6227272727272727,106.0,0.010300000000000021,236.8,0.012040000000000006
vgg11,0.775,10,15,0,0.7045454545454545,85.7,0.007820000000000027,216.5,0.009560000000000013
vgg11,0.775,10,15,0,0.7863636363636363,84.7,0.007620000000000016,215.5,0.009360000000000002
vgg11,0.775,10,15,0,0.868181818181818,82.7,0.007050000000000012,213.5,0.008789999999999997
vgg11,0.775,10,15,0,0.95,45.0,0.003970000000000052,175.8,0.005710000000000037
vgg11,0.8875,10,15,0,0.05,151.0,0.016100000000000024,281.8,0.017840000000000012
vgg11,0.8875,10,15,0,0.1318181818181818,150.0,0.015110000000000035,280.8,0.01685000000000002
vgg11,0.8875,10,15,0,0.21363636363636362,148.0,0.01475000000000003,278.8,0.016490000000000015
vgg11,0.8875,10,15,0,0.2954545454545454,147.0,0.01434000000000002,277.8,0.016080000000000004
vgg11,0.8875,10,15,0,0.3772727272727272,145.0,0.01372000000000001,275.8,0.015459999999999996
vgg11,0.8875,10,15,0,0.459090909090909,143.0,0.012560000000000016,273.8,0.014300000000000002
vgg11,0.8875,10,15,0,0.5409090909090909,142.0,0.012230000000000019,272.8,0.013970000000000005
vgg11,0.8875,10,15,0,0.6227272727272727,122.2,0.009950000000000014,253.0,0.01169
vgg11,0.8875,10,15,0,0.7045454545454545,114.5,0.00849000000000002,245.3,0.010230000000000006
vgg11,0.8875,10,15,0,0.7863636363636363,113.5,0.008410000000000018,244.3,0.010150000000000003
vgg11,0.8875,10,15,0,0.868181818181818,110.6,0.007340000000000013,241.4,0.00908
vgg11,0.8875,10,15,0,0.95,86.6,0.005540000000000022,217.4,0.007280000000000009
vgg11,0,10,17,0,0.05,96.5,0.006840000000000035,227.3,0.008580000000000022
vgg11,0,10,17,0,0.1318181818181818,95.5,0.006840000000000035,226.3,0.008580000000000022
vgg11,0,10,17,0,0.21363636363636362,93.2,0.006140000000000034,224.0,0.00788000000000002
vgg11,0,10,17,0,0.2954545454545454,91.2,0.00578000000000003,222.0,0.007520000000000015
vgg11,0,10,17,0,0.3772727272727272,89.2,0.00578000000000003,220.0,0.007520000000000015
vgg11,0,10,17,0,0.459090909090909,87.2,0.005310000000000026,218.0,0.007050000000000012
vgg11,0,10,17,0,0.5409090909090909,86.2,0.005310000000000026,217.0,0.007050000000000012
vgg11,0,10,17,0,0.6227272727272727,64.2,0.005220000000000025,195.0,0.0069600000000000104
vgg11,0,10,17,0,0.7045454545454545,56.0,0.0050500000000000215,186.8,0.006790000000000007
vgg11,0,10,17,0,0.7863636363636363,55.1,0.004980000000000029,185.9,0.006720000000000015
vgg11,0,10,17,0,0.868181818181818,53.3,0.004980000000000029,184.1,0.006720000000000015
vgg11,0,10,17,0,0.95,42.3,0.004210000000000036,173.1,0.005950000000000022
vgg11,0.1,10,17,0,0.05,108.4,0.007840000000000003,239.2,0.009579999999999988
vgg11,0.1,10,17,0,0.1318181818181818,105.4,0.007840000000000003,236.2,0.009579999999999988
vgg11,0.1,10,17,0,0.21363636363636362,102.0,0.007650000000000013,232.8,0.009389999999999999
vgg11,0.1,10,17,0,0.2954545454545454,100.0,0.007180000000000008,230.8,0.008919999999999994
vgg11,0.1,10,17,0,0.3772727272727272,97.8,0.007180000000000008,228.6,0.008919999999999994
vgg11,0.1,10,17,0,0.459090909090909,86.3,0.006470000000000009,217.1,0.008209999999999995
vgg11,0.1,10,17,0,0.5409090909090909,76.2,0.005640000000000011,207.0,0.007379999999999998
vgg11,0.1,10,17,0,0.6227272727272727,54.0,0.005420000000000013,184.8,0.00716
vgg11,0.1,10,17,0,0.7045454545454545,52.1,0.005540000000000012,182.9,0.007279999999999997
vgg11,0.1,10,17,0,0.7863636363636363,51.2,0.005470000000000019,182.0,0.0072100000000000055
vgg11,0.1,10,17,0,0.868181818181818,41.1,0.0043100000000000135,171.9,0.00605
vgg11,0.1,10,17,0,0.95,35.9,0.003950000000000032,166.7,0.005690000000000017
vgg11,0.21250000000000002,10,17,0,0.05,134.3,0.010330000000000028,265.1,0.012070000000000015
vgg11,0.21250000000000002,10,17,0,0.1318181818181818,133.3,0.010330000000000028,264.1,0.012070000000000015
vgg11,0.21250000000000002,10,17,0,0.21363636363636362,115.8,0.008960000000000034,246.6,0.01070000000000002
vgg11,0.21250000000000002,10,17,0,0.2954545454545454,114.8,0.008730000000000026,245.6,0.010470000000000012
vgg11,0.21250000000000002,10,17,0,0.3772727272727272,110.4,0.008430000000000026,241.2,0.010170000000000012
vgg11,0.21250000000000002,10,17,0,0.459090909090909,100.5,0.007390000000000019,231.3,0.009130000000000004
vgg11,0.21250000000000002,10,17,0,0.5409090909090909,95.4,0.0073300000000000145,226.2,0.00907
vgg11,0.21250000000000002,10,17,0,0.6227272727272727,73.2,0.006700000000000017,204.0,0.008440000000000003
vgg11,0.21250000000000002,10,17,0,0.7045454545454545,68.3,0.006010000000000004,199.1,0.00774999999999999
vgg11,0.21250000000000002,10,17,0,0.7863636363636363,67.4,0.006010000000000004,198.2,0.00774999999999999
vgg11,0.21250000000000002,10,17,0,0.868181818181818,63.1,0.005220000000000002,193.9,0.006959999999999989
vgg11,0.21250000000000002,10,17,0,0.95,27.3,0.0045600000000000085,158.1,0.006299999999999995
vgg11,0.325,10,17,0,0.05,128.4,0.010290000000000021,259.2,0.012030000000000008
vgg11,0.325,10,17,0,0.1318181818181818,127.4,0.00989000000000001,258.2,0.011629999999999996
vgg11,0.325,10,17,0,0.21363636363636362,112.9,0.008570000000000012,243.7,0.010309999999999996
vgg11,0.325,10,17,0,0.2954545454545454,111.9,0.008570000000000012,242.7,0.010309999999999996
vgg11,0.325,10,17,0,0.3772727272727272,109.6,0.008150000000000013,240.4,0.00989
vgg11,0.325,10,17,0,0.459090909090909,107.6,0.008090000000000009,238.4,0.009829999999999995
vgg11,0.325,10,17,0,0.5409090909090909,106.6,0.008070000000000022,237.4,0.009810000000000008
vgg11,0.325,10,17,0,0.6227272727272727,104.6,0.008070000000000022,235.4,0.009810000000000008
vgg11,0.325,10,17,0,0.7045454545454545,92.6,0.006620000000000015,223.4,0.008360000000000001
vgg11,0.325,10,17,0,0.7863636363636363,90.6,0.006620000000000015,221.4,0.008360000000000001
vgg11,0.325,10,17,0,0.868181818181818,88.6,0.006370000000000031,219.4,0.008110000000000017
vgg11,0.325,10,17,0,0.95,61.6,0.004090000000000027,192.4,0.005830000000000013
vgg11,0.4375,10,17,0,0.05,123.4,0.009250000000000013,254.2,0.01099
vgg11,0.4375,10,17,0,0.1318181818181818,109.4,0.008240000000000015,240.2,0.00998
vgg11,0.4375,10,17,0,0.21363636363636362,107.4,0.008050000000000024,238.2,0.00979000000000001
vgg11,0.4375,10,17,0,0.2954545454545454,106.4,0.007740000000000025,237.2,0.009480000000000011
vgg11,0.4375,10,17,0,0.3772727272727272,90.4,0.007010000000000039,221.2,0.008750000000000025
vgg11,0.4375,10,17,0,0.459090909090909,88.4,0.007010000000000039,219.2,0.008750000000000025
vgg11,0.4375,10,17,0,0.5409090909090909,87.4,0.0069000000000000285,218.2,0.008640000000000014
vgg11,0.4375,10,17,0,0.6227272727272727,73.0,0.0063100000000000265,203.8,0.008050000000000012
vgg11,0.4375,10,17,0,0.7045454545454545,71.0,0.0063100000000000265,201.8,0.008050000000000012
vgg11,0.4375,10,17,0,0.7863636363636363,70.0,0.0063100000000000265,200.8,0.008050000000000012
vgg11,0.4375,10,17,0,0.868181818181818,51.0,0.0050600000000000315,181.8,0.006800000000000017
vgg11,0.4375,10,17,0,0.95,33.4,0.003800000000000037,164.2,0.005540000000000022
vgg11,0.55,10,17,0,0.05,129.0,0.01059000000000001,259.8,0.012329999999999997
vgg11,0.55,10,17,0,0.1318181818181818,128.0,0.01008000000000001,258.8,0.011819999999999997
vgg11,0.55,10,17,0,0.21363636363636362,123.1,0.009590000000000033,253.9,0.011330000000000017
vgg11,0.55,10,17,0,0.2954545454545454,122.1,0.009590000000000033,252.9,0.011330000000000017
vgg11,0.55,10,17,0,0.3772727272727272,120.1,0.009090000000000042,250.9,0.010830000000000029
vgg11,0.55,10,17,0,0.459090909090909,118.1,0.009090000000000042,248.9,0.010830000000000029
vgg11,0.55,10,17,0,0.5409090909090909,117.1,0.009090000000000042,247.9,0.010830000000000029
vgg11,0.55,10,17,0,0.6227272727272727,94.2,0.007060000000000033,225.0,0.00880000000000002
vgg11,0.55,10,17,0,0.7045454545454545,61.3,0.006790000000000041,192.1,0.008530000000000027
vgg11,0.55,10,17,0,0.7863636363636363,60.4,0.006240000000000035,191.2,0.00798000000000002
vgg11,0.55,10,17,0,0.868181818181818,50.7,0.005670000000000041,181.5,0.007410000000000028
vgg11,0.55,10,17,0,0.95,8.3,0.0029600000000000294,139.1,0.004700000000000015
vgg11,0.6625,10,17,0,0.05,122.3,0.009440000000000026,253.1,0.011180000000000013
vgg11,0.6625,10,17,0,0.1318181818181818,121.3,0.008930000000000026,252.1,0.010670000000000013
vgg11,0.6625,10,17,0,0.21363636363636362,119.3,0.008730000000000038,250.1,0.010470000000000024
vgg11,0.6625,10,17,0,0.2954545454545454,118.3,0.008730000000000038,249.1,0.010470000000000024
vgg11,0.6625,10,17,0,0.3772727272727272,116.3,0.00861000000000004,247.1,0.010350000000000026
vgg11,0.6625,10,17,0,0.459090909090909,114.3,0.00861000000000004,245.1,0.010350000000000026
vgg11,0.6625,10,17,0,0.5409090909090909,113.3,0.00861000000000004,244.1,0.010350000000000026
vgg11,0.6625,10,17,0,0.6227272727272727,106.4,0.007800000000000029,237.2,0.009540000000000015
vgg11,0.6625,10,17,0,0.7045454545454545,75.6,0.007050000000000045,206.4,0.00879000000000003
vgg11,0.6625,10,17,0,0.7863636363636363,74.6,0.006970000000000043,205.4,0.008710000000000028
vgg11,0.6625,10,17,0,0.868181818181818,57.6,0.00611000000000006,188.4,0.007850000000000046
vgg11,0.6625,10,17,0,0.95,39.1,0.004830000000000045,169.9,0.0065700000000000315
vgg11,0.775,10,17,0,0.05,98.6,0.00879000000000001,229.4,0.010529999999999994
vgg11,0.775,10,17,0,0.1318181818181818,97.6,0.00828000000000001,228.4,0.010019999999999996
vgg11,0.775,10,17,0,0.21363636363636362,95.6,0.007950000000000035,226.4,0.009690000000000022
vgg11,0.775,10,17,0,0.2954545454545454,94.6,0.007840000000000036,225.4,0.009580000000000023
vgg11,0.775,10,17,0,0.3772727272727272,87.2,0.006780000000000031,218.0,0.008520000000000017
vgg11,0.775,10,17,0,0.459090909090909,69.1,0.00607000000000002,199.9,0.007810000000000006
vgg11,0.775,10,17,0,0.5409090909090909,68.1,0.005480000000000029,198.9,0.0072200000000000155
vgg11,0.775,10,17,0,0.6227272727272727,65.5,0.005480000000000029,196.3,0.0072200000000000155
vgg11,0.775,10,17,0,0.7045454545454545,56.3,0.005270000000000041,187.1,0.0070100000000000275
vgg11,0.775,10,17,0,0.7863636363636363,54.3,0.005630000000000046,185.1,0.007370000000000032
vgg11,0.775,10,17,0,0.868181818181818,40.8,0.004060000000000031,171.6,0.005800000000000016
vgg11,0.775,10,17,0,0.95,31.7,0.0034800000000000273,162.5,0.005220000000000014
vgg11,0.8875,10,17,0,0.05,106.2,0.009200000000000041,237.0,0.010940000000000028
vgg11,0.8875,10,17,0,0.1318181818181818,105.2,0.009200000000000041,236.0,0.010940000000000028
vgg11,0.8875,10,17,0,0.21363636363636362,95.3,0.008220000000000015,226.1,0.009960000000000002
vgg11,0.8875,10,17,0,0.2954545454545454,94.3,0.008220000000000015,225.1,0.009960000000000002
vgg11,0.8875,10,17,0,0.3772727272727272,80.0,0.006770000000000031,210.8,0.008510000000000018
vgg11,0.8875,10,17,0,0.459090909090909,74.9,0.0065200000000000145,205.7,0.00826
vgg11,0.8875,10,17,0,0.5409090909090909,73.9,0.0065200000000000145,204.7,0.00826
vgg11,0.8875,10,17,0,0.6227272727272727,71.8,0.0065200000000000145,202.6,0.00826
vgg11,0.8875,10,17,0,0.7045454545454545,69.8,0.0065200000000000145,200.6,0.00826
vgg11,0.8875,10,17,0,0.7863636363636363,68.7,0.006030000000000013,199.5,0.007769999999999999
vgg11,0.8875,10,17,0,0.868181818181818,53.3,0.005209999999999992,184.1,0.006949999999999979
vgg11,0.8875,10,17,0,0.95,48.7,0.003969999999999985,179.5,0.00570999999999997
vgg11,0,10,19,0,0.05,104.2,0.00818000000000002,235.0,0.009920000000000007
vgg11,0,10,19,0,0.1318181818181818,103.2,0.008030000000000037,234.0,0.009770000000000023
vgg11,0,10,19,0,0.21363636363636362,80.4,0.0062000000000000275,211.2,0.007940000000000013
vgg11,0,10,19,0,0.2954545454545454,79.5,0.0062000000000000275,210.3,0.007940000000000013
vgg11,0,10,19,0,0.3772727272727272,77.2,0.005940000000000023,208.0,0.007680000000000009
vgg11,0,10,19,0,0.459090909090909,75.4,0.005940000000000023,206.2,0.007680000000000009
vgg11,0,10,19,0,0.5409090909090909,74.5,0.005940000000000023,205.3,0.007680000000000009
vgg11,0,10,19,0,0.6227272727272727,72.7,0.005830000000000024,203.5,0.00757000000000001
vgg11,0,10,19,0,0.7045454545454545,70.4,0.005700000000000038,201.2,0.007440000000000025
vgg11,0,10,19,0,0.7863636363636363,67.5,0.005290000000000028,198.3,0.007030000000000014
vgg11,0,10,19,0,0.868181818181818,60.4,0.004660000000000053,191.2,0.006400000000000039
vgg11,0,10,19,0,0.95,56.1,0.0045900000000000385,186.9,0.006330000000000025
vgg11,0.1,10,19,0,0.05,87.0,0.006460000000000021,217.8,0.008200000000000008
vgg11,0.1,10,19,0,0.1318181818181818,86.0,0.006310000000000038,216.8,0.008050000000000024
vgg11,0.1,10,19,0,0.21363636363636362,63.2,0.00426000000000003,194.0,0.006000000000000017
vgg11,0.1,10,19,0,0.2954545454545454,62.2,0.00426000000000003,193.0,0.006000000000000017
vgg11,0.1,10,19,0,0.3772727272727272,60.2,0.004190000000000016,191.0,0.005930000000000002
vgg11,0.1,10,19,0,0.459090909090909,56.7,0.003930000000000033,187.5,0.00567000000000002
vgg11,0.1,10,19,0,0.5409090909090909,55.7,0.003930000000000033,186.5,0.00567000000000002
vgg11,0.1,10,19,0,0.6227272727272727,53.0,0.003900000000000026,183.8,0.005640000000000011
vgg11,0.1,10,19,0,0.7045454545454545,50.5,0.003900000000000026,181.3,0.005640000000000011
vgg11,0.1,10,19,0,0.7863636363636363,48.6,0.0037400000000000324,179.4,0.005480000000000018
vgg11,0.1,10,19,0,0.868181818181818,45.1,0.003530000000000022,175.9,0.005270000000000008
vgg11,0.1,10,19,0,0.95,39.3,0.0034800000000000273,170.1,0.005220000000000014
vgg11,0.21250000000000002,10,19,0,0.05,138.0,0.011330000000000017,268.8,0.013070000000000003
vgg11,0.21250000000000002,10,19,0,0.1318181818181818,137.0,0.011330000000000017,267.8,0.013070000000000003
vgg11,0.21250000000000002,10,19,0,0.21363636363636362,122.7,0.009089999999999997,253.5,0.010829999999999984
vgg11,0.21250000000000002,10,19,0,0.2954545454545454,117.0,0.008119999999999994,247.8,0.00985999999999998
vgg11,0.21250000000000002,10,19,0,0.3772727272727272,115.0,0.007630000000000003,245.8,0.00936999999999999
vgg11,0.21250000000000002,10,19,0,0.459090909090909,113.0,0.007420000000000015,243.8,0.009160000000000001
vgg11,0.21250000000000002,10,19,0,0.5409090909090909,96.5,0.006840000000000013,227.3,0.008579999999999999
vgg11,0.21250000000000002,10,19,0,0.6227272727272727,94.5,0.006830000000000014,225.3,0.00857
vgg11,0.21250000000000002,10,19,0,0.7045454545454545,92.5,0.006760000000000021,223.3,0.008500000000000008
vgg11,0.21250000000000002,10,19,0,0.7863636363636363,88.0,0.006410000000000027,218.8,0.008150000000000013
vgg11,0.21250000000000002,10,19,0,0.868181818181818,65.8,0.0044200000000000125,196.6,0.006159999999999999
vgg11,0.21250000000000002,10,19,0,0.95,60.0,0.004370000000000018,190.8,0.006110000000000004
vgg11,0.325,10,19,0,0.05,135.0,0.010909999999999998,265.8,0.012649999999999984
vgg11,0.325,10,19,0,0.1318181818181818,134.0,0.010909999999999998,264.8,0.012649999999999984
vgg11,0.325,10,19,0,0.21363636363636362,132.0,0.010290000000000011,262.8,0.012029999999999996
vgg11,0.325,10,19,0,0.2954545454545454,131.0,0.010109999999999997,261.8,0.011849999999999982
vgg11,0.325,10,19,0,0.3772727272727272,129.0,0.00958000000000001,259.8,0.011319999999999997
vgg11,0.325,10,19,0,0.459090909090909,127.0,0.009260000000000023,257.8,0.01100000000000001
vgg11,0.325,10,19,0,0.5409090909090909,125.4,0.009070000000000022,256.2,0.010810000000000009
vgg11,0.325,10,19,0,0.6227272727272727,95.5,0.008380000000000009,226.3,0.010119999999999995
vgg11,0.325,10,19,0,0.7045454545454545,87.0,0.007620000000000027,217.8,0.009360000000000012
vgg11,0.325,10,19,0,0.7863636363636363,82.8,0.007270000000000032,213.6,0.009010000000000018
vgg11,0.325,10,19,0,0.868181818181818,72.0,0.006160000000000032,202.8,0.007900000000000018
vgg11,0.325,10,19,0,0.95,42.6,0.004330000000000023,173.4,0.0060700000000000085
vgg11,0.4375,10,19,0,0.05,91.6,0.006820000000000037,222.4,0.008560000000000022
vgg11,0.4375,10,19,0,0.1318181818181818,90.6,0.006820000000000037,221.4,0.008560000000000022
vgg11,0.4375,10,19,0,0.21363636363636362,88.6,0.006820000000000037,219.4,0.008560000000000022
vgg11,0.4375,10,19,0,0.2954545454545454,87.6,0.006700000000000028,218.4,0.008440000000000013
vgg11,0.4375,10,19,0,0.3772727272727272,85.6,0.006400000000000028,216.4,0.008140000000000014
vgg11,0.4375,10,19,0,0.459090909090909,83.0,0.006080000000000041,213.8,0.007820000000000027
vgg11,0.4375,10,19,0,0.5409090909090909,82.0,0.006020000000000048,212.8,0.007760000000000033
vgg11,0.4375,10,19,0,0.6227272727272727,80.0,0.006020000000000048,210.8,0.007760000000000033
vgg11,0.4375,10,19,0,0.7045454545454545,77.5,0.005950000000000055,208.3,0.007690000000000041
vgg11,0.4375,10,19,0,0.7863636363636363,75.4,0.005950000000000055,206.2,0.007690000000000041
vgg11,0.4375,10,19,0,0.868181818181818,67.0,0.005580000000000052,197.8,0.007320000000000037
vgg11,0.4375,10,19,0,0.95,45.5,0.0032700000000000173,176.3,0.005010000000000003
vgg11,0.55,10,19,0,0.05,83.9,0.00768000000000002,214.7,0.009420000000000006
vgg11,0.55,10,19,0,0.1318181818181818,83.0,0.00768000000000002,213.8,0.009420000000000006
vgg11,0.55,10,19,0,0.21363636363636362,81.2,0.007600000000000029,212.0,0.009340000000000015
vgg11,0.55,10,19,0,0.2954545454545454,80.3,0.007600000000000029,211.1,0.009340000000000015
vgg11,0.55,10,19,0,0.3772727272727272,78.5,0.007340000000000013,209.3,0.00908
vgg11,0.55,10,19,0,0.459090909090909,76.7,0.0071100000000000165,207.5,0.008850000000000002
vgg11,0.55,10,19,0,0.5409090909090909,75.8,0.0071100000000000165,206.6,0.008850000000000002
vgg11,0.55,10,19,0,0.6227272727272727,71.2,0.00688000000000003,202.0,0.008620000000000017
vgg11,0.55,10,19,0,0.7045454545454545,66.8,0.006300000000000039,197.6,0.008040000000000025
vgg11,0.55,10,19,0,0.7863636363636363,61.0,0.005600000000000038,191.8,0.0073400000000000245
vgg11,0.55,10,19,0,0.868181818181818,37.8,0.0050600000000000315,168.6,0.006800000000000017
vgg11,0.55,10,19,0,0.95,17.6,0.0031299999999999995,148.4,0.0048699999999999855
vgg11,0.6625,10,19,0,0.05,108.3,0.008650000000000024,239.1,0.01039000000000001
vgg11,0.6625,10,19,0,0.1318181818181818,107.3,0.008650000000000024,238.1,0.01039000000000001
vgg11,0.6625,10,19,0,0.21363636363636362,105.3,0.007950000000000046,236.1,0.009690000000000032
vgg11,0.6625,10,19,0,0.2954545454545454,104.3,0.007950000000000046,235.1,0.009690000000000032
vgg11,0.6625,10,19,0,0.3772727272727272,102.3,0.007950000000000046,233.1,0.009690000000000032
vgg11,0.6625,10,19,0,0.459090909090909,100.3,0.007950000000000046,231.1,0.009690000000000032
vgg11,0.6625,10,19,0,0.5409090909090909,99.3,0.007690000000000053,230.1,0.009430000000000039
vgg11,0.6625,10,19,0,0.6227272727272727,97.0,0.006860000000000044,227.8,0.00860000000000003
vgg11,0.6625,10,19,0,0.7045454545454545,95.0,0.00660000000000005,225.8,0.008340000000000037
vgg11,0.6625,10,19,0,0.7863636363636363,94.0,0.00660000000000005,224.8,0.008340000000000037
vgg11,0.6625,10,19,0,0.868181818181818,92.0,0.006060000000000054,222.8,0.00780000000000004
vgg11,0.6625,10,19,0,0.95,83.6,0.004960000000000031,214.4,0.006700000000000017
vgg11,0.775,10,19,0,0.05,105.9,0.00878000000000002,236.7,0.010520000000000007
vgg11,0.775,10,19,0,0.1318181818181818,104.9,0.00878000000000002,235.7,0.010520000000000007
vgg11,0.775,10,19,0,0.21363636363636362,102.9,0.008550000000000035,233.7,0.010290000000000021
vgg11,0.775,10,19,0,0.2954545454545454,69.3,0.007060000000000044,200.1,0.00880000000000003
vgg11,0.775,10,19,0,0.3772727272727272,67.5,0.006870000000000043,198.3,0.008610000000000029
vgg11,0.775,10,19,0,0.459090909090909,65.7,0.006810000000000038,196.5,0.008550000000000025
vgg11,0.775,10,19,0,0.5409090909090909,64.2,0.006790000000000041,195.0,0.008530000000000027
vgg11,0.775,10,19,0,0.6227272727272727,49.0,0.0048500000000000435,179.8,0.006590000000000029
vgg11,0.775,10,19,0,0.7045454545454545,47.2,0.0043400000000000435,178.0,0.00608000000000003
vgg11,0.775,10,19,0,0.7863636363636363,33.8,0.003700000000000048,164.6,0.005440000000000033
vgg11,0.775,10,19,0,0.868181818181818,32.0,0.003700000000000048,162.8,0.005440000000000033
vgg11,0.775,10,19,0,0.95,16.0,0.003000000000000036,146.8,0.004740000000000022
vgg11,0.8875,10,19,0,0.05,78.9,0.008160000000000046,209.7,0.00990000000000003
vgg11,0.8875,10,19,0,0.1318181818181818,78.0,0.008160000000000046,208.8,0.00990000000000003
vgg11,0.8875,10,19,0,0.21363636363636362,74.0,0.007540000000000047,204.8,0.009280000000000033
vgg11,0.8875,10,19,0,0.2954545454545454,63.7,0.006030000000000035,194.5,0.007770000000000022
vgg11,0.8875,10,19,0,0.3772727272727272,61.9,0.006030000000000035,192.7,0.007770000000000022
vgg11,0.8875,10,19,0,0.459090909090909,60.1,0.005520000000000025,190.9,0.007260000000000011
vgg11,0.8875,10,19,0,0.5409090909090909,59.2,0.005520000000000025,190.0,0.007260000000000011
vgg11,0.8875,10,19,0,0.6227272727272727,47.1,0.0037300000000000224,177.9,0.005470000000000008
vgg11,0.8875,10,19,0,0.7045454545454545,45.3,0.0037300000000000224,176.1,0.005470000000000008
vgg11,0.8875,10,19,0,0.7863636363636363,44.4,0.0037300000000000224,175.2,0.005470000000000008
vgg11,0.8875,10,19,0,0.868181818181818,40.1,0.003680000000000028,170.9,0.005420000000000013
vgg11,0.8875,10,19,0,0.95,11.3,0.0033800000000000162,142.1,0.005120000000000002
