vgg16,0,10,5,0,0.05,186.3,0.023639999999999984,316.3,0.025180000000000015
vgg16,0,10,5,0,0.1318181818181818,185.4,0.02193999999999998,315.4,0.02348000000000001
vgg16,0,10,5,0,0.21363636363636362,179.3,0.02134999999999999,309.3,0.02289000000000002
vgg16,0,10,5,0,0.2954545454545454,178.3,0.02134999999999999,308.3,0.02289000000000002
vgg16,0,10,5,0,0.3772727272727272,176.3,0.019939999999999992,306.3,0.02148000000000002
vgg16,0,10,5,0,0.459090909090909,171.2,0.018799999999999994,301.2,0.020340000000000025
vgg16,0,10,5,0,0.5409090909090909,170.2,0.018280000000000008,300.2,0.01982000000000004
vgg16,0,10,5,0,0.6227272727272727,168.1,0.01713,298.1,0.01867000000000003
vgg16,0,10,5,0,0.7045454545454545,163.6,0.01602,293.6,0.01756000000000003
vgg16,0,10,5,0,0.7863636363636363,162.6,0.015989999999999994,292.6,0.017530000000000025
vgg16,0,10,5,0,0.868181818181818,160.6,0.013579999999999991,290.6,0.015120000000000022
vgg16,0,10,5,0,0.95,134.4,0.011689999999999989,264.4,0.01323000000000002
vgg16,0.1,10,5,0,0.05,187.4,0.028690000000000004,317.4,0.030230000000000035
vgg16,0.1,10,5,0,0.1318181818181818,186.5,0.02763,316.5,0.02917000000000003
vgg16,0.1,10,5,0,0.21363636363636362,184.7,0.026159999999999996,314.7,0.027700000000000023
vgg16,0.1,10,5,0,0.2954545454545454,183.8,0.026159999999999996,313.8,0.027700000000000023
vgg16,0.1,10,5,0,0.3772727272727272,181.2,0.02297999999999999,311.2,0.02452000000000002
vgg16,0.1,10,5,0,0.459090909090909,179.2,0.022229999999999993,309.2,0.023770000000000024
vgg16,0.1,10,5,0,0.5409090909090909,178.2,0.02128,308.2,0.022820000000000028
vgg16,0.1,10,5,0,0.6227272727272727,161.8,0.020080000000000008,291.8,0.02162000000000004
vgg16,0.1,10,5,0,0.7045454545454545,157.3,0.017800000000000003,287.3,0.019340000000000034
vgg16,0.1,10,5,0,0.7863636363636363,156.3,0.01742,286.3,0.018960000000000032
vgg16,0.1,10,5,0,0.868181818181818,141.7,0.014139999999999986,271.7,0.015680000000000017
vgg16,0.1,10,5,0,0.95,139.2,0.013659999999999983,269.2,0.015200000000000014
vgg16,0.21250000000000002,10,5,0,0.05,194.4,0.028889999999999992,324.4,0.030430000000000023
vgg16,0.21250000000000002,10,5,0,0.1318181818181818,193.5,0.02731999999999999,323.5,0.028860000000000018
vgg16,0.21250000000000002,10,5,0,0.21363636363636362,191.7,0.026869999999999995,321.7,0.028410000000000026
vgg16,0.21250000000000002,10,5,0,0.2954545454545454,190.8,0.026869999999999995,320.8,0.028410000000000026
vgg16,0.21250000000000002,10,5,0,0.3772727272727272,184.5,0.022609999999999974,314.5,0.024150000000000005
vgg16,0.21250000000000002,10,5,0,0.459090909090909,182.5,0.021309999999999985,312.5,0.022850000000000016
vgg16,0.21250000000000002,10,5,0,0.5409090909090909,181.5,0.019779999999999985,311.5,0.021320000000000016
vgg16,0.21250000000000002,10,5,0,0.6227272727272727,179.5,0.018869999999999987,309.5,0.02041000000000002
vgg16,0.21250000000000002,10,5,0,0.7045454545454545,175.0,0.017099999999999994,305.0,0.018640000000000025
vgg16,0.21250000000000002,10,5,0,0.7863636363636363,174.0,0.01703999999999999,304.0,0.01858000000000002
vgg16,0.21250000000000002,10,5,0,0.868181818181818,164.6,0.014609999999999979,294.6,0.016150000000000008
vgg16,0.21250000000000002,10,5,0,0.95,123.2,0.009789999999999976,253.2,0.011330000000000007
vgg16,0.325,10,5,0,0.05,190.6,0.023839999999999993,320.6,0.025380000000000024
vgg16,0.325,10,5,0,0.1318181818181818,189.6,0.02226999999999999,319.6,0.02381000000000002
vgg16,0.325,10,5,0,0.21363636363636362,187.6,0.021189999999999987,317.6,0.022730000000000018
vgg16,0.325,10,5,0,0.2954545454545454,181.2,0.018779999999999984,311.2,0.020320000000000015
vgg16,0.325,10,5,0,0.3772727272727272,178.6,0.016869999999999975,308.6,0.018410000000000003
vgg16,0.325,10,5,0,0.459090909090909,176.2,0.016069999999999984,306.2,0.017610000000000015
vgg16,0.325,10,5,0,0.5409090909090909,165.7,0.012069999999999992,295.7,0.013610000000000021
vgg16,0.325,10,5,0,0.6227272727272727,163.7,0.01116999999999998,293.7,0.01271000000000001
vgg16,0.325,10,5,0,0.7045454545454545,161.7,0.011029999999999984,291.7,0.012570000000000015
vgg16,0.325,10,5,0,0.7863636363636363,153.6,0.009429999999999984,283.6,0.010970000000000013
vgg16,0.325,10,5,0,0.868181818181818,151.6,0.008779999999999987,281.6,0.010320000000000018
vgg16,0.325,10,5,0,0.95,117.5,0.008109999999999984,247.5,0.009650000000000014
vgg16,0.4375,10,5,0,0.05,190.1,0.027619999999999978,320.1,0.02916000000000001
vgg16,0.4375,10,5,0,0.1318181818181818,189.2,0.026659999999999972,319.2,0.028200000000000003
vgg16,0.4375,10,5,0,0.21363636363636362,187.1,0.02414999999999996,317.1,0.02568999999999999
vgg16,0.4375,10,5,0,0.2954545454545454,183.5,0.022159999999999968,313.5,0.0237
vgg16,0.4375,10,5,0,0.3772727272727272,180.8,0.01973999999999999,310.8,0.02128000000000002
vgg16,0.4375,10,5,0,0.459090909090909,178.0,0.018889999999999997,308.0,0.020430000000000025
vgg16,0.4375,10,5,0,0.5409090909090909,177.0,0.018269999999999998,307.0,0.01981000000000003
vgg16,0.4375,10,5,0,0.6227272727272727,175.0,0.017759999999999988,305.0,0.01930000000000002
vgg16,0.4375,10,5,0,0.7045454545454545,159.9,0.015099999999999992,289.9,0.016640000000000023
vgg16,0.4375,10,5,0,0.7863636363636363,158.9,0.014679999999999993,288.9,0.016220000000000023
vgg16,0.4375,10,5,0,0.868181818181818,156.9,0.012989999999999979,286.9,0.01453000000000001
vgg16,0.4375,10,5,0,0.95,143.9,0.011409999999999976,273.9,0.012950000000000007
vgg16,0.55,10,5,0,0.05,191.5,0.024449999999999993,321.5,0.025990000000000024
vgg16,0.55,10,5,0,0.1318181818181818,190.5,0.023159999999999993,320.5,0.02470000000000002
vgg16,0.55,10,5,0,0.21363636363636362,185.9,0.021759999999999967,315.9,0.023299999999999998
vgg16,0.55,10,5,0,0.2954545454545454,175.8,0.01808999999999996,305.8,0.01962999999999999
vgg16,0.55,10,5,0,0.3772727272727272,173.1,0.01640999999999997,303.1,0.01795
vgg16,0.55,10,5,0,0.459090909090909,171.1,0.015019999999999967,301.1,0.01656
vgg16,0.55,10,5,0,0.5409090909090909,170.1,0.014829999999999977,300.1,0.016370000000000006
vgg16,0.55,10,5,0,0.6227272727272727,165.3,0.014709999999999968,295.3,0.016249999999999997
vgg16,0.55,10,5,0,0.7045454545454545,142.5,0.012479999999999969,272.5,0.01402
vgg16,0.55,10,5,0,0.7863636363636363,134.5,0.011339999999999972,264.5,0.012880000000000003
vgg16,0.55,10,5,0,0.868181818181818,132.5,0.009919999999999974,262.5,0.011460000000000003
vgg16,0.55,10,5,0,0.95,84.2,0.006599999999999995,214.2,0.008140000000000026
vgg16,0.6625,10,5,0,0.05,193.7,0.02557999999999999,323.7,0.027120000000000023
vgg16,0.6625,10,5,0,0.1318181818181818,192.7,0.024029999999999985,322.7,0.025570000000000016
vgg16,0.6625,10,5,0,0.21363636363636362,190.7,0.02345999999999999,320.7,0.025000000000000022
vgg16,0.6625,10,5,0,0.2954545454545454,189.7,0.02294999999999999,319.7,0.024490000000000022
vgg16,0.6625,10,5,0,0.3772727272727272,170.9,0.017900000000000006,300.9,0.019440000000000034
vgg16,0.6625,10,5,0,0.459090909090909,167.9,0.016730000000000002,297.9,0.01827000000000003
vgg16,0.6625,10,5,0,0.5409090909090909,166.9,0.016730000000000002,296.9,0.01827000000000003
vgg16,0.6625,10,5,0,0.6227272727272727,154.2,0.014839999999999964,284.2,0.016379999999999995
vgg16,0.6625,10,5,0,0.7045454545454545,152.2,0.014149999999999963,282.2,0.015689999999999992
vgg16,0.6625,10,5,0,0.7863636363636363,151.0,0.014109999999999966,281.0,0.015649999999999997
vgg16,0.6625,10,5,0,0.868181818181818,149.0,0.01238999999999998,279.0,0.013930000000000008
vgg16,0.6625,10,5,0,0.95,124.1,0.010259999999999991,254.1,0.011800000000000022
vgg16,0.775,10,5,0,0.05,188.7,0.026129999999999997,318.7,0.027670000000000028
vgg16,0.775,10,5,0,0.1318181818181818,184.9,0.02379,314.9,0.02533000000000003
vgg16,0.775,10,5,0,0.21363636363636362,182.9,0.022260000000000002,312.9,0.023800000000000033
vgg16,0.775,10,5,0,0.2954545454545454,181.9,0.021830000000000006,311.9,0.023370000000000037
vgg16,0.775,10,5,0,0.3772727272727272,177.2,0.01784,307.2,0.01938000000000003
vgg16,0.775,10,5,0,0.459090909090909,175.2,0.017279999999999997,305.2,0.018820000000000024
vgg16,0.775,10,5,0,0.5409090909090909,174.2,0.017279999999999997,304.2,0.018820000000000024
vgg16,0.775,10,5,0,0.6227272727272727,172.2,0.016949999999999986,302.2,0.018490000000000017
vgg16,0.775,10,5,0,0.7045454545454545,170.2,0.016079999999999994,300.2,0.017620000000000025
vgg16,0.775,10,5,0,0.7863636363636363,169.2,0.01592999999999999,299.2,0.01747000000000002
vgg16,0.775,10,5,0,0.868181818181818,154.3,0.013539999999999964,284.3,0.015079999999999993
vgg16,0.775,10,5,0,0.95,130.6,0.012709999999999989,260.6,0.014250000000000018
vgg16,0.8875,10,5,0,0.05,183.6,0.020719999999999995,313.6,0.022260000000000023
vgg16,0.8875,10,5,0,0.1318181818181818,181.1,0.019109999999999995,311.1,0.020650000000000023
vgg16,0.8875,10,5,0,0.21363636363636362,179.1,0.01886,309.1,0.02040000000000003
vgg16,0.8875,10,5,0,0.2954545454545454,178.1,0.018400000000000007,308.1,0.019940000000000034
vgg16,0.8875,10,5,0,0.3772727272727272,159.2,0.013949999999999985,289.2,0.015490000000000014
vgg16,0.8875,10,5,0,0.459090909090909,156.7,0.013739999999999985,286.7,0.015280000000000016
vgg16,0.8875,10,5,0,0.5409090909090909,151.8,0.01319999999999999,281.8,0.01474000000000002
vgg16,0.8875,10,5,0,0.6227272727272727,149.7,0.013149999999999985,279.7,0.014690000000000014
vgg16,0.8875,10,5,0,0.7045454545454545,121.0,0.012199999999999999,251.0,0.01374000000000003
vgg16,0.8875,10,5,0,0.7863636363636363,120.0,0.012029999999999996,250.0,0.013570000000000026
vgg16,0.8875,10,5,0,0.868181818181818,114.5,0.009479999999999999,244.5,0.01102000000000003
vgg16,0.8875,10,5,0,0.95,106.9,0.00860000000000003,236.9,0.01014000000000006
vgg16,0,10,7,0,0.05,154.5,0.02062999999999998,284.5,0.022170000000000013
vgg16,0,10,7,0,0.1318181818181818,153.6,0.02011999999999998,283.6,0.021660000000000013
vgg16,0,10,7,0,0.21363636363636362,137.0,0.016839999999999987,267.0,0.018380000000000018
vgg16,0,10,7,0,0.2954545454545454,136.1,0.016839999999999987,266.1,0.018380000000000018
vgg16,0,10,7,0,0.3772727272727272,130.7,0.01561999999999999,260.7,0.01716000000000002
vgg16,0,10,7,0,0.459090909090909,128.1,0.012859999999999983,258.1,0.014400000000000013
vgg16,0,10,7,0,0.5409090909090909,127.1,0.012429999999999986,257.1,0.013970000000000015
vgg16,0,10,7,0,0.6227272727272727,116.6,0.01055999999999998,246.6,0.01210000000000001
vgg16,0,10,7,0,0.7045454545454545,114.6,0.009529999999999983,244.6,0.011070000000000014
vgg16,0,10,7,0,0.7863636363636363,113.6,0.009529999999999983,243.6,0.011070000000000014
vgg16,0,10,7,0,0.868181818181818,109.7,0.008999999999999975,239.7,0.010540000000000004
vgg16,0,10,7,0,0.95,107.7,0.008399999999999986,237.7,0.009940000000000015
vgg16,0.1,10,7,0,0.05,174.0,0.02246999999999998,304.0,0.02401000000000001
vgg16,0.1,10,7,0,0.1318181818181818,173.1,0.02195999999999998,303.1,0.02350000000000001
vgg16,0.1,10,7,0,0.21363636363636362,165.3,0.02085999999999998,295.3,0.02240000000000001
vgg16,0.1,10,7,0,0.2954545454545454,164.4,0.02085999999999998,294.4,0.02240000000000001
vgg16,0.1,10,7,0,0.3772727272727272,162.6,0.020189999999999986,292.6,0.021730000000000017
vgg16,0.1,10,7,0,0.459090909090909,160.0,0.017189999999999973,290.0,0.018730000000000004
vgg16,0.1,10,7,0,0.5409090909090909,159.0,0.016759999999999976,289.0,0.018300000000000004
vgg16,0.1,10,7,0,0.6227272727272727,148.9,0.014959999999999973,278.9,0.016500000000000004
vgg16,0.1,10,7,0,0.7045454545454545,132.1,0.0124,262.1,0.01394000000000003
vgg16,0.1,10,7,0,0.7863636363636363,131.1,0.011950000000000006,261.1,0.013490000000000035
vgg16,0.1,10,7,0,0.868181818181818,115.4,0.00988000000000001,245.4,0.011420000000000041
vgg16,0.1,10,7,0,0.95,111.2,0.008909999999999996,241.2,0.010450000000000025
vgg16,0.21250000000000002,10,7,0,0.05,168.2,0.021579999999999988,298.2,0.02312000000000002
vgg16,0.21250000000000002,10,7,0,0.1318181818181818,166.3,0.020549999999999992,296.3,0.02209000000000002
vgg16,0.21250000000000002,10,7,0,0.21363636363636362,164.5,0.019549999999999977,294.5,0.021090000000000008
vgg16,0.21250000000000002,10,7,0,0.2954545454545454,163.6,0.019309999999999983,293.6,0.020850000000000014
vgg16,0.21250000000000002,10,7,0,0.3772727272727272,161.2,0.016569999999999984,291.2,0.018110000000000015
vgg16,0.21250000000000002,10,7,0,0.459090909090909,159.2,0.016249999999999987,289.2,0.017790000000000018
vgg16,0.21250000000000002,10,7,0,0.5409090909090909,158.2,0.015610000000000002,288.2,0.017150000000000033
vgg16,0.21250000000000002,10,7,0,0.6227272727272727,156.1,0.015120000000000022,286.1,0.016660000000000053
vgg16,0.21250000000000002,10,7,0,0.7045454545454545,147.2,0.013400000000000013,277.2,0.014940000000000042
vgg16,0.21250000000000002,10,7,0,0.7863636363636363,138.1,0.012070000000000003,268.1,0.013610000000000034
vgg16,0.21250000000000002,10,7,0,0.868181818181818,136.1,0.012009999999999998,266.1,0.013550000000000029
vgg16,0.21250000000000002,10,7,0,0.95,117.5,0.007009999999999983,247.5,0.008550000000000012
vgg16,0.325,10,7,0,0.05,177.6,0.025029999999999976,307.6,0.026570000000000003
vgg16,0.325,10,7,0,0.1318181818181818,175.7,0.023999999999999976,305.7,0.025540000000000007
vgg16,0.325,10,7,0,0.21363636363636362,173.9,0.02296999999999997,303.9,0.024509999999999997
vgg16,0.325,10,7,0,0.2954545454545454,173.0,0.02295999999999997,303.0,0.0245
vgg16,0.325,10,7,0,0.3772727272727272,170.6,0.019789999999999974,300.6,0.021330000000000005
vgg16,0.325,10,7,0,0.459090909090909,165.2,0.018279999999999973,295.2,0.019820000000000004
vgg16,0.325,10,7,0,0.5409090909090909,164.2,0.017669999999999984,294.2,0.019210000000000015
vgg16,0.325,10,7,0,0.6227272727272727,162.1,0.016730000000000012,292.1,0.018270000000000043
vgg16,0.325,10,7,0,0.7045454545454545,150.6,0.013910000000000011,280.6,0.015450000000000042
vgg16,0.325,10,7,0,0.7863636363636363,141.5,0.01292000000000001,271.5,0.014460000000000039
vgg16,0.325,10,7,0,0.868181818181818,139.5,0.012890000000000002,269.5,0.014430000000000031
vgg16,0.325,10,7,0,0.95,94.8,0.006299999999999995,224.8,0.007840000000000024
vgg16,0.4375,10,7,0,0.05,156.5,0.019030000000000002,286.5,0.020570000000000033
vgg16,0.4375,10,7,0,0.1318181818181818,154.5,0.017840000000000012,284.5,0.019380000000000043
vgg16,0.4375,10,7,0,0.21363636363636362,152.7,0.017349999999999997,282.7,0.01889000000000003
vgg16,0.4375,10,7,0,0.2954545454545454,148.6,0.017109999999999993,278.6,0.01865000000000002
vgg16,0.4375,10,7,0,0.3772727272727272,146.2,0.014599999999999991,276.2,0.016140000000000022
vgg16,0.4375,10,7,0,0.459090909090909,144.2,0.014159999999999983,274.2,0.015700000000000013
vgg16,0.4375,10,7,0,0.5409090909090909,138.6,0.013219999999999987,268.6,0.014760000000000018
vgg16,0.4375,10,7,0,0.6227272727272727,125.1,0.011549999999999994,255.1,0.013090000000000023
vgg16,0.4375,10,7,0,0.7045454545454545,119.1,0.010099999999999987,249.1,0.011640000000000017
vgg16,0.4375,10,7,0,0.7863636363636363,118.1,0.010099999999999987,248.1,0.011640000000000017
vgg16,0.4375,10,7,0,0.868181818181818,115.5,0.009999999999999998,245.5,0.011540000000000028
vgg16,0.4375,10,7,0,0.95,109.2,0.007330000000000003,239.2,0.008870000000000034
vgg16,0.55,10,7,0,0.05,157.0,0.013959999999999983,287.0,0.015500000000000014
vgg16,0.55,10,7,0,0.1318181818181818,151.7,0.013849999999999984,281.7,0.015390000000000015
vgg16,0.55,10,7,0,0.21363636363636362,149.7,0.01316999999999997,279.7,0.01471
vgg16,0.55,10,7,0,0.2954545454545454,148.7,0.012689999999999969,278.7,0.014229999999999998
vgg16,0.55,10,7,0,0.3772727272727272,146.7,0.012659999999999982,276.7,0.014200000000000013
vgg16,0.55,10,7,0,0.459090909090909,143.6,0.010479999999999979,273.6,0.012020000000000008
vgg16,0.55,10,7,0,0.5409090909090909,141.8,0.010479999999999979,271.8,0.012020000000000008
vgg16,0.55,10,7,0,0.6227272727272727,133.7,0.00954999999999998,263.7,0.011090000000000011
vgg16,0.55,10,7,0,0.7045454545454545,131.6,0.008679999999999976,261.6,0.010220000000000007
vgg16,0.55,10,7,0,0.7863636363636363,130.6,0.008309999999999984,260.6,0.009850000000000015
vgg16,0.55,10,7,0,0.868181818181818,128.6,0.007999999999999997,258.6,0.009540000000000026
vgg16,0.55,10,7,0,0.95,123.2,0.00743999999999998,253.2,0.00898000000000001
vgg16,0.6625,10,7,0,0.05,148.0,0.015089999999999992,278.0,0.016630000000000023
vgg16,0.6625,10,7,0,0.1318181818181818,147.0,0.015089999999999992,277.0,0.016630000000000023
vgg16,0.6625,10,7,0,0.21363636363636362,145.0,0.013919999999999988,275.0,0.015460000000000019
vgg16,0.6625,10,7,0,0.2954545454545454,142.7,0.013449999999999985,272.7,0.014990000000000014
vgg16,0.6625,10,7,0,0.3772727272727272,136.9,0.012159999999999994,266.9,0.013700000000000023
vgg16,0.6625,10,7,0,0.459090909090909,134.5,0.011539999999999995,264.5,0.013080000000000026
vgg16,0.6625,10,7,0,0.5409090909090909,133.5,0.011259999999999992,263.5,0.012800000000000023
vgg16,0.6625,10,7,0,0.6227272727272727,123.2,0.008519999999999982,253.2,0.010060000000000013
vgg16,0.6625,10,7,0,0.7045454545454545,121.2,0.008159999999999978,251.2,0.009700000000000009
vgg16,0.6625,10,7,0,0.7863636363636363,120.2,0.007979999999999977,250.2,0.009520000000000006
vgg16,0.6625,10,7,0,0.868181818181818,111.3,0.006789999999999996,241.3,0.008330000000000027
vgg16,0.6625,10,7,0,0.95,92.4,0.006589999999999985,222.4,0.008130000000000016
vgg16,0.775,10,7,0,0.05,158.6,0.013289999999999969,288.6,0.01483
vgg16,0.775,10,7,0,0.1318181818181818,157.6,0.012979999999999959,287.6,0.014519999999999988
vgg16,0.775,10,7,0,0.21363636363636362,155.6,0.012089999999999957,285.6,0.013629999999999986
vgg16,0.775,10,7,0,0.2954545454545454,154.6,0.01205999999999997,284.6,0.013600000000000001
vgg16,0.775,10,7,0,0.3772727272727272,144.9,0.010699999999999977,274.9,0.012240000000000006
vgg16,0.775,10,7,0,0.459090909090909,142.9,0.01033999999999997,272.9,0.011880000000000002
vgg16,0.775,10,7,0,0.5409090909090909,131.2,0.008819999999999972,261.2,0.010360000000000003
vgg16,0.775,10,7,0,0.6227272727272727,124.5,0.008619999999999984,254.5,0.010160000000000013
vgg16,0.775,10,7,0,0.7045454545454545,108.2,0.007719999999999993,238.2,0.009260000000000023
vgg16,0.775,10,7,0,0.7863636363636363,107.2,0.007719999999999993,237.2,0.009260000000000023
vgg16,0.775,10,7,0,0.868181818181818,93.7,0.006280000000000008,223.7,0.007820000000000039
vgg16,0.775,10,7,0,0.95,91.7,0.006130000000000002,221.7,0.007670000000000033
vgg16,0.8875,10,7,0,0.05,144.4,0.014599999999999957,274.4,0.016139999999999988
vgg16,0.8875,10,7,0,0.1318181818181818,142.0,0.014319999999999966,272.0,0.015859999999999996
vgg16,0.8875,10,7,0,0.21363636363636362,138.7,0.013439999999999985,268.7,0.014980000000000016
vgg16,0.8875,10,7,0,0.2954545454545454,137.7,0.013439999999999985,267.7,0.014980000000000016
vgg16,0.8875,10,7,0,0.3772727272727272,130.1,0.012159999999999982,260.1,0.013700000000000013
vgg16,0.8875,10,7,0,0.459090909090909,102.6,0.010029999999999983,232.6,0.011570000000000014
vgg16,0.8875,10,7,0,0.5409090909090909,101.7,0.009799999999999986,231.7,0.011340000000000017
vgg16,0.8875,10,7,0,0.6227272727272727,99.3,0.009349999999999992,229.3,0.010890000000000021
vgg16,0.8875,10,7,0,0.7045454545454545,97.4,0.008839999999999992,227.4,0.010380000000000023
vgg16,0.8875,10,7,0,0.7863636363636363,90.3,0.00812999999999997,220.3,0.009670000000000002
vgg16,0.8875,10,7,0,0.868181818181818,77.5,0.0070599999999999994,207.5,0.00860000000000003
vgg16,0.8875,10,7,0,0.95,72.0,0.006759999999999988,202.0,0.00830000000000002
vgg16,0,10,9,0,0.05,166.4,0.01908999999999996,296.4,0.020629999999999992
vgg16,0,10,9,0,0.1318181818181818,163.8,0.017559999999999975,293.8,0.019100000000000006
vgg16,0,10,9,0,0.21363636363636362,161.8,0.01692999999999998,291.8,0.018470000000000007
vgg16,0,10,9,0,0.2954545454545454,147.0,0.014839999999999975,277.0,0.016380000000000006
vgg16,0,10,9,0,0.3772727272727272,145.0,0.012999999999999966,275.0,0.014539999999999997
vgg16,0,10,9,0,0.459090909090909,143.0,0.012199999999999966,273.0,0.013739999999999997
vgg16,0,10,9,0,0.5409090909090909,138.6,0.011809999999999965,268.6,0.013349999999999996
vgg16,0,10,9,0,0.6227272727272727,136.6,0.01075999999999997,266.6,0.0123
vgg16,0,10,9,0,0.7045454545454545,134.6,0.010339999999999983,264.6,0.011880000000000012
vgg16,0,10,9,0,0.7863636363636363,133.4,0.010339999999999983,263.4,0.011880000000000012
vgg16,0,10,9,0,0.868181818181818,114.4,0.008030000000000004,244.4,0.009570000000000033
vgg16,0,10,9,0,0.95,100.4,0.007559999999999989,230.4,0.00910000000000002
vgg16,0.1,10,9,0,0.05,185.4,0.02294999999999996,315.4,0.02448999999999999
vgg16,0.1,10,9,0,0.1318181818181818,184.4,0.02183999999999997,314.4,0.02338
vgg16,0.1,10,9,0,0.21363636363636362,182.4,0.020189999999999986,312.4,0.021730000000000017
vgg16,0.1,10,9,0,0.2954545454545454,171.8,0.01864999999999998,301.8,0.020190000000000007
vgg16,0.1,10,9,0,0.3772727272727272,167.1,0.014649999999999963,297.1,0.016189999999999993
vgg16,0.1,10,9,0,0.459090909090909,165.1,0.014609999999999967,295.1,0.016149999999999998
vgg16,0.1,10,9,0,0.5409090909090909,164.1,0.014549999999999962,294.1,0.016089999999999993
vgg16,0.1,10,9,0,0.6227272727272727,162.0,0.013499999999999967,292.0,0.015039999999999998
vgg16,0.1,10,9,0,0.7045454545454545,159.4,0.01337999999999997,289.4,0.01492
vgg16,0.1,10,9,0,0.7863636363636363,158.4,0.01337999999999997,288.4,0.01492
vgg16,0.1,10,9,0,0.868181818181818,142.7,0.01198999999999999,272.7,0.01353000000000002
vgg16,0.1,10,9,0,0.95,114.6,0.009260000000000001,244.6,0.010800000000000032
vgg16,0.21250000000000002,10,9,0,0.05,164.3,0.017719999999999958,294.3,0.01925999999999999
vgg16,0.21250000000000002,10,9,0,0.1318181818181818,163.3,0.017719999999999958,293.3,0.01925999999999999
vgg16,0.21250000000000002,10,9,0,0.21363636363636362,159.0,0.01650999999999998,289.0,0.01805000000000001
vgg16,0.21250000000000002,10,9,0,0.2954545454545454,158.0,0.01581999999999999,288.0,0.01736000000000002
vgg16,0.21250000000000002,10,9,0,0.3772727272727272,133.7,0.012329999999999997,263.7,0.013870000000000026
vgg16,0.21250000000000002,10,9,0,0.459090909090909,131.4,0.011259999999999992,261.4,0.012800000000000023
vgg16,0.21250000000000002,10,9,0,0.5409090909090909,125.8,0.011079999999999979,255.8,0.01262000000000001
vgg16,0.21250000000000002,10,9,0,0.6227272727272727,123.8,0.010029999999999983,253.8,0.011570000000000014
vgg16,0.21250000000000002,10,9,0,0.7045454545454545,121.0,0.009319999999999972,251.0,0.010860000000000003
vgg16,0.21250000000000002,10,9,0,0.7863636363636363,116.0,0.00842999999999997,246.0,0.009970000000000001
vgg16,0.21250000000000002,10,9,0,0.868181818181818,69.4,0.006849999999999967,199.4,0.008389999999999998
vgg16,0.21250000000000002,10,9,0,0.95,67.4,0.006589999999999962,197.4,0.008129999999999993
vgg16,0.325,10,9,0,0.05,155.1,0.01639999999999995,285.1,0.017939999999999977
vgg16,0.325,10,9,0,0.1318181818181818,154.1,0.01638999999999994,284.1,0.017929999999999967
vgg16,0.325,10,9,0,0.21363636363636362,152.1,0.015429999999999966,282.1,0.016969999999999996
vgg16,0.325,10,9,0,0.2954545454545454,151.1,0.015429999999999966,281.1,0.016969999999999996
vgg16,0.325,10,9,0,0.3772727272727272,149.1,0.013249999999999994,279.1,0.014790000000000025
vgg16,0.325,10,9,0,0.459090909090909,138.2,0.01089,268.2,0.01243000000000003
vgg16,0.325,10,9,0,0.5409090909090909,137.2,0.01089,267.2,0.01243000000000003
vgg16,0.325,10,9,0,0.6227272727272727,135.0,0.010549999999999993,265.0,0.012090000000000023
vgg16,0.325,10,9,0,0.7045454545454545,133.0,0.010139999999999993,263.0,0.011680000000000024
vgg16,0.325,10,9,0,0.7863636363636363,131.8,0.009899999999999997,261.8,0.011440000000000028
vgg16,0.325,10,9,0,0.868181818181818,129.8,0.009169999999999989,259.8,0.01071000000000002
vgg16,0.325,10,9,0,0.95,125.7,0.008709999999999985,255.7,0.010250000000000014
vgg16,0.4375,10,9,0,0.05,168.6,0.016149999999999942,298.6,0.017689999999999973
vgg16,0.4375,10,9,0,0.1318181818181818,167.6,0.015819999999999945,297.6,0.017359999999999976
vgg16,0.4375,10,9,0,0.21363636363636362,164.3,0.014869999999999972,294.3,0.01641
vgg16,0.4375,10,9,0,0.2954545454545454,163.3,0.014869999999999972,293.3,0.01641
vgg16,0.4375,10,9,0,0.3772727272727272,161.3,0.012639999999999974,291.3,0.014180000000000003
vgg16,0.4375,10,9,0,0.459090909090909,141.9,0.010909999999999998,271.9,0.012450000000000027
vgg16,0.4375,10,9,0,0.5409090909090909,140.9,0.010909999999999998,270.9,0.012450000000000027
vgg16,0.4375,10,9,0,0.6227272727272727,138.9,0.01056999999999999,268.9,0.01211000000000002
vgg16,0.4375,10,9,0,0.7045454545454545,129.7,0.009749999999999991,259.7,0.011290000000000022
vgg16,0.4375,10,9,0,0.7863636363636363,128.7,0.009749999999999991,258.7,0.011290000000000022
vgg16,0.4375,10,9,0,0.868181818181818,124.8,0.008579999999999977,254.8,0.010120000000000007
vgg16,0.4375,10,9,0,0.95,122.8,0.008329999999999982,252.8,0.009870000000000012
vgg16,0.55,10,9,0,0.05,171.4,0.016099999999999993,301.4,0.017640000000000024
vgg16,0.55,10,9,0,0.1318181818181818,170.4,0.015679999999999982,300.4,0.017220000000000013
vgg16,0.55,10,9,0,0.21363636363636362,168.4,0.014979999999999983,298.4,0.016520000000000014
vgg16,0.55,10,9,0,0.2954545454545454,150.8,0.013359999999999973,280.8,0.014900000000000002
vgg16,0.55,10,9,0,0.3772727272727272,148.8,0.013270000000000004,278.8,0.014810000000000035
vgg16,0.55,10,9,0,0.459090909090909,141.4,0.011170000000000003,271.4,0.012710000000000032
vgg16,0.55,10,9,0,0.5409090909090909,140.4,0.011170000000000003,270.4,0.012710000000000032
vgg16,0.55,10,9,0,0.6227272727272727,134.0,0.010260000000000002,264.0,0.011800000000000033
vgg16,0.55,10,9,0,0.7045454545454545,132.0,0.009379999999999989,262.0,0.010920000000000018
vgg16,0.55,10,9,0,0.7863636363636363,120.0,0.008219999999999995,250.0,0.009760000000000024
vgg16,0.55,10,9,0,0.868181818181818,104.1,0.006459999999999988,234.1,0.008000000000000018
vgg16,0.55,10,9,0,0.95,75.5,0.005920000000000003,205.5,0.0074600000000000334
vgg16,0.6625,10,9,0,0.05,160.0,0.016249999999999952,290.0,0.017789999999999983
vgg16,0.6625,10,9,0,0.1318181818181818,159.0,0.014859999999999951,289.0,0.01639999999999998
vgg16,0.6625,10,9,0,0.21363636363636362,157.0,0.014359999999999961,287.0,0.01589999999999999
vgg16,0.6625,10,9,0,0.2954545454545454,156.0,0.014329999999999964,286.0,0.015869999999999995
vgg16,0.6625,10,9,0,0.3772727272727272,153.2,0.013999999999999957,283.2,0.015539999999999988
vgg16,0.6625,10,9,0,0.459090909090909,140.2,0.01144999999999996,270.2,0.012989999999999991
vgg16,0.6625,10,9,0,0.5409090909090909,139.2,0.01114999999999996,269.2,0.01268999999999999
vgg16,0.6625,10,9,0,0.6227272727272727,137.2,0.00985999999999997,267.2,0.011399999999999999
vgg16,0.6625,10,9,0,0.7045454545454545,130.0,0.008969999999999968,260.0,0.010509999999999997
vgg16,0.6625,10,9,0,0.7863636363636363,128.3,0.008929999999999971,258.3,0.010470000000000002
vgg16,0.6625,10,9,0,0.868181818181818,124.4,0.008049999999999979,254.4,0.00959000000000001
vgg16,0.6625,10,9,0,0.95,97.0,0.007249999999999979,227.0,0.00879000000000001
vgg16,0.775,10,9,0,0.05,153.6,0.01588999999999996,283.6,0.01742999999999999
vgg16,0.775,10,9,0,0.1318181818181818,152.7,0.014879999999999971,282.7,0.01642
vgg16,0.775,10,9,0,0.21363636363636362,150.9,0.014419999999999978,280.9,0.01596000000000001
vgg16,0.775,10,9,0,0.2954545454545454,150.0,0.014359999999999973,280.0,0.015900000000000004
vgg16,0.775,10,9,0,0.3772727272727272,148.2,0.01335999999999996,278.2,0.014899999999999991
vgg16,0.775,10,9,0,0.459090909090909,145.7,0.01255999999999996,275.7,0.014099999999999991
vgg16,0.775,10,9,0,0.5409090909090909,140.0,0.011269999999999957,270.0,0.012809999999999988
vgg16,0.775,10,9,0,0.6227272727272727,130.4,0.010279999999999956,260.4,0.011819999999999987
vgg16,0.775,10,9,0,0.7045454545454545,126.3,0.008789999999999954,256.3,0.010329999999999983
vgg16,0.775,10,9,0,0.7863636363636363,108.7,0.008659999999999946,238.7,0.010199999999999976
vgg16,0.775,10,9,0,0.868181818181818,106.7,0.007729999999999959,236.7,0.00926999999999999
vgg16,0.775,10,9,0,0.95,75.4,0.006399999999999961,205.4,0.007939999999999992
vgg16,0.8875,10,9,0,0.05,166.4,0.01527999999999996,296.4,0.01681999999999999
vgg16,0.8875,10,9,0,0.1318181818181818,165.3,0.014919999999999956,295.3,0.016459999999999985
vgg16,0.8875,10,9,0,0.21363636363636362,163.5,0.014429999999999976,293.5,0.015970000000000005
vgg16,0.8875,10,9,0,0.2954545454545454,162.4,0.014429999999999976,292.4,0.015970000000000005
vgg16,0.8875,10,9,0,0.3772727272727272,160.6,0.013309999999999966,290.6,0.014849999999999997
vgg16,0.8875,10,9,0,0.459090909090909,157.7,0.012989999999999969,287.7,0.014529999999999998
vgg16,0.8875,10,9,0,0.5409090909090909,156.7,0.01287999999999997,286.7,0.014419999999999999
vgg16,0.8875,10,9,0,0.6227272727272727,134.7,0.010829999999999984,264.7,0.012370000000000015
vgg16,0.8875,10,9,0,0.7045454545454545,132.7,0.009779999999999978,262.7,0.011320000000000007
vgg16,0.8875,10,9,0,0.7863636363636363,131.7,0.00956999999999999,261.7,0.01111000000000002
vgg16,0.8875,10,9,0,0.868181818181818,124.7,0.008339999999999969,254.7,0.00988
vgg16,0.8875,10,9,0,0.95,76.8,0.007899999999999985,206.8,0.009440000000000014
vgg16,0,10,11,0,0.05,176.6,0.01819999999999996,306.6,0.01973999999999999
vgg16,0,10,11,0,0.1318181818181818,175.6,0.01790999999999996,305.6,0.019449999999999988
vgg16,0,10,11,0,0.21363636363636362,173.6,0.017849999999999967,303.6,0.019389999999999998
vgg16,0,10,11,0,0.2954545454545454,172.6,0.017369999999999962,302.6,0.018909999999999993
vgg16,0,10,11,0,0.3772727272727272,169.6,0.01500999999999999,299.6,0.01655000000000002
vgg16,0,10,11,0,0.459090909090909,167.6,0.013449999999999985,297.6,0.014990000000000014
vgg16,0,10,11,0,0.5409090909090909,166.6,0.013439999999999985,296.6,0.014980000000000016
vgg16,0,10,11,0,0.6227272727272727,163.8,0.013019999999999986,293.8,0.014560000000000017
vgg16,0,10,11,0,0.7045454545454545,161.8,0.012459999999999994,291.8,0.014000000000000023
vgg16,0,10,11,0,0.7863636363636363,156.9,0.01227999999999998,286.9,0.01382000000000001
vgg16,0,10,11,0,0.868181818181818,149.1,0.010329999999999973,279.1,0.011870000000000002
vgg16,0,10,11,0,0.95,132.9,0.008829999999999982,262.9,0.010370000000000013
vgg16,0.1,10,11,0,0.05,153.9,0.013509999999999977,283.9,0.015050000000000008
vgg16,0.1,10,11,0,0.1318181818181818,152.9,0.013249999999999961,282.9,0.014789999999999992
vgg16,0.1,10,11,0,0.21363636363636362,150.9,0.012979999999999969,280.9,0.01452
vgg16,0.1,10,11,0,0.2954545454545454,149.9,0.012839999999999985,279.9,0.014380000000000014
vgg16,0.1,10,11,0,0.3772727272727272,146.9,0.01098,276.9,0.012520000000000031
vgg16,0.1,10,11,0,0.459090909090909,144.9,0.009960000000000002,274.9,0.011500000000000033
vgg16,0.1,10,11,0,0.5409090909090909,143.9,0.009950000000000004,273.9,0.011490000000000033
vgg16,0.1,10,11,0,0.6227272727272727,141.3,0.009530000000000005,271.3,0.011070000000000035
vgg16,0.1,10,11,0,0.7045454545454545,139.3,0.00928000000000001,269.3,0.010820000000000041
vgg16,0.1,10,11,0,0.7863636363636363,135.0,0.009200000000000009,265.0,0.010740000000000038
vgg16,0.1,10,11,0,0.868181818181818,126.9,0.007929999999999993,256.9,0.009470000000000024
vgg16,0.1,10,11,0,0.95,107.4,0.0067199999999999925,237.4,0.008260000000000023
vgg16,0.21250000000000002,10,11,0,0.05,178.0,0.018339999999999967,308.0,0.01988
vgg16,0.21250000000000002,10,11,0,0.1318181818181818,177.0,0.018049999999999955,307.0,0.019589999999999986
vgg16,0.21250000000000002,10,11,0,0.21363636363636362,175.0,0.017309999999999947,305.0,0.018849999999999978
vgg16,0.21250000000000002,10,11,0,0.2954545454545454,174.0,0.017299999999999937,304.0,0.018839999999999968
vgg16,0.21250000000000002,10,11,0,0.3772727272727272,170.9,0.014579999999999971,300.9,0.016120000000000002
vgg16,0.21250000000000002,10,11,0,0.459090909090909,168.9,0.013499999999999967,298.9,0.015039999999999998
vgg16,0.21250000000000002,10,11,0,0.5409090909090909,167.3,0.012989999999999969,297.3,0.014529999999999998
vgg16,0.21250000000000002,10,11,0,0.6227272727272727,164.5,0.012299999999999978,294.5,0.013840000000000009
vgg16,0.21250000000000002,10,11,0,0.7045454545454545,162.5,0.012299999999999978,292.5,0.013840000000000009
vgg16,0.21250000000000002,10,11,0,0.7863636363636363,154.6,0.011039999999999994,284.6,0.012580000000000025
vgg16,0.21250000000000002,10,11,0,0.868181818181818,133.4,0.00895999999999999,263.4,0.01050000000000002
vgg16,0.21250000000000002,10,11,0,0.95,130.3,0.008390000000000009,260.3,0.00993000000000004
vgg16,0.325,10,11,0,0.05,153.1,0.014939999999999964,283.1,0.016479999999999995
vgg16,0.325,10,11,0,0.1318181818181818,152.1,0.013949999999999973,282.1,0.015490000000000004
vgg16,0.325,10,11,0,0.21363636363636362,150.1,0.012969999999999959,280.1,0.01450999999999999
vgg16,0.325,10,11,0,0.2954545454545454,149.1,0.012959999999999949,279.1,0.01449999999999998
vgg16,0.325,10,11,0,0.3772727272727272,145.1,0.011609999999999964,275.1,0.013149999999999995
vgg16,0.325,10,11,0,0.459090909090909,143.1,0.01085999999999997,273.1,0.0124
vgg16,0.325,10,11,0,0.5409090909090909,142.1,0.009919999999999974,272.1,0.011460000000000003
vgg16,0.325,10,11,0,0.6227272727272727,125.2,0.00824999999999998,255.2,0.00979000000000001
vgg16,0.325,10,11,0,0.7045454545454545,123.2,0.00824999999999998,253.2,0.00979000000000001
vgg16,0.325,10,11,0,0.7863636363636363,108.7,0.007089999999999985,238.7,0.008630000000000016
vgg16,0.325,10,11,0,0.868181818181818,106.7,0.0070399999999999794,236.7,0.00858000000000001
vgg16,0.325,10,11,0,0.95,104.7,0.0061699999999999975,234.7,0.007710000000000028
vgg16,0.4375,10,11,0,0.05,129.0,0.013209999999999967,259.0,0.014749999999999996
vgg16,0.4375,10,11,0,0.1318181818181818,128.0,0.012999999999999979,258.0,0.014540000000000008
vgg16,0.4375,10,11,0,0.21363636363636362,126.0,0.012279999999999958,256.0,0.013819999999999989
vgg16,0.4375,10,11,0,0.2954545454545454,125.0,0.01175999999999997,255.0,0.013300000000000001
vgg16,0.4375,10,11,0,0.3772727272727272,120.9,0.01095999999999998,250.9,0.012500000000000011
vgg16,0.4375,10,11,0,0.459090909090909,118.9,0.010219999999999984,248.9,0.011760000000000015
vgg16,0.4375,10,11,0,0.5409090909090909,117.9,0.010199999999999997,247.9,0.011740000000000028
vgg16,0.4375,10,11,0,0.6227272727272727,104.0,0.008699999999999996,234.0,0.010240000000000027
vgg16,0.4375,10,11,0,0.7045454545454545,102.0,0.008359999999999979,232.0,0.00990000000000001
vgg16,0.4375,10,11,0,0.7863636363636363,101.0,0.008129999999999981,231.0,0.009670000000000012
vgg16,0.4375,10,11,0,0.868181818181818,99.0,0.008009999999999984,229.0,0.009550000000000013
vgg16,0.4375,10,11,0,0.95,85.7,0.006249999999999978,215.7,0.007790000000000008
vgg16,0.55,10,11,0,0.05,175.3,0.016599999999999983,305.3,0.01814000000000001
vgg16,0.55,10,11,0,0.1318181818181818,173.7,0.016369999999999975,303.7,0.017910000000000002
vgg16,0.55,10,11,0,0.21363636363636362,151.5,0.013709999999999977,281.5,0.015250000000000008
vgg16,0.55,10,11,0,0.2954545454545454,150.5,0.012979999999999969,280.5,0.01452
vgg16,0.55,10,11,0,0.3772727272727272,143.0,0.011149999999999983,273.0,0.012690000000000012
vgg16,0.55,10,11,0,0.459090909090909,141.0,0.01034999999999998,271.0,0.011890000000000012
vgg16,0.55,10,11,0,0.5409090909090909,130.9,0.009739999999999993,260.9,0.011280000000000023
vgg16,0.55,10,11,0,0.6227272727272727,128.9,0.009539999999999983,258.9,0.011080000000000012
vgg16,0.55,10,11,0,0.7045454545454545,126.9,0.009250000000000003,256.9,0.010790000000000032
vgg16,0.55,10,11,0,0.7863636363636363,125.8,0.009180000000000011,255.8,0.01072000000000004
vgg16,0.55,10,11,0,0.868181818181818,123.8,0.009180000000000011,253.8,0.01072000000000004
vgg16,0.55,10,11,0,0.95,111.3,0.007930000000000015,241.3,0.009470000000000044
vgg16,0.6625,10,11,0,0.05,166.7,0.016609999999999958,296.7,0.01814999999999999
vgg16,0.6625,10,11,0,0.1318181818181818,165.7,0.01650999999999996,295.7,0.01804999999999999
vgg16,0.6625,10,11,0,0.21363636363636362,163.7,0.016159999999999973,293.7,0.017700000000000004
vgg16,0.6625,10,11,0,0.2954545454545454,162.7,0.015929999999999965,292.7,0.017469999999999996
vgg16,0.6625,10,11,0,0.3772727272727272,160.7,0.01480999999999998,290.7,0.01635000000000001
vgg16,0.6625,10,11,0,0.459090909090909,158.7,0.013849999999999984,288.7,0.015390000000000015
vgg16,0.6625,10,11,0,0.5409090909090909,157.7,0.013499999999999979,287.7,0.015040000000000008
vgg16,0.6625,10,11,0,0.6227272727272727,155.7,0.013299999999999968,285.7,0.014839999999999997
vgg16,0.6625,10,11,0,0.7045454545454545,135.9,0.01018,265.9,0.01172000000000003
vgg16,0.6625,10,11,0,0.7863636363636363,134.9,0.01018,264.9,0.01172000000000003
vgg16,0.6625,10,11,0,0.868181818181818,132.9,0.00960000000000002,262.9,0.01114000000000005
vgg16,0.6625,10,11,0,0.95,130.9,0.00940000000000003,260.9,0.01094000000000006
vgg16,0.775,10,11,0,0.05,154.2,0.01417999999999996,284.2,0.01571999999999999
vgg16,0.775,10,11,0,0.1318181818181818,153.2,0.014139999999999963,283.2,0.015679999999999993
vgg16,0.775,10,11,0,0.21363636363636362,147.3,0.01315999999999996,277.3,0.01469999999999999
vgg16,0.775,10,11,0,0.2954545454545454,131.2,0.012029999999999975,261.2,0.013570000000000004
vgg16,0.775,10,11,0,0.3772727272727272,129.2,0.011249999999999972,259.2,0.012790000000000001
vgg16,0.775,10,11,0,0.459090909090909,127.2,0.009729999999999971,257.2,0.011270000000000002
vgg16,0.775,10,11,0,0.5409090909090909,123.8,0.009729999999999971,253.8,0.011270000000000002
vgg16,0.775,10,11,0,0.6227272727272727,106.3,0.009299999999999965,236.3,0.010839999999999994
vgg16,0.775,10,11,0,0.7045454545454545,104.3,0.008909999999999973,234.3,0.010450000000000004
vgg16,0.775,10,11,0,0.7863636363636363,103.3,0.008909999999999973,233.3,0.010450000000000004
vgg16,0.775,10,11,0,0.868181818181818,90.6,0.006499999999999973,220.6,0.008040000000000002
vgg16,0.775,10,11,0,0.95,64.0,0.005779999999999974,194.0,0.0073200000000000045
vgg16,0.8875,10,11,0,0.05,139.4,0.012009999999999965,269.4,0.013549999999999996
vgg16,0.8875,10,11,0,0.1318181818181818,138.4,0.011989999999999968,268.4,0.013529999999999997
vgg16,0.8875,10,11,0,0.21363636363636362,136.4,0.011169999999999958,266.4,0.012709999999999989
vgg16,0.8875,10,11,0,0.2954545454545454,135.4,0.011169999999999958,265.4,0.012709999999999989
vgg16,0.8875,10,11,0,0.3772727272727272,129.9,0.011029999999999962,259.9,0.012569999999999993
vgg16,0.8875,10,11,0,0.459090909090909,120.7,0.008779999999999987,250.7,0.010320000000000018
vgg16,0.8875,10,11,0,0.5409090909090909,118.9,0.008779999999999987,248.9,0.010320000000000018
vgg16,0.8875,10,11,0,0.6227272727272727,116.9,0.008779999999999987,246.9,0.010320000000000018
vgg16,0.8875,10,11,0,0.7045454545454545,102.7,0.007920000000000005,232.7,0.009460000000000034
vgg16,0.8875,10,11,0,0.7863636363636363,101.7,0.007579999999999998,231.7,0.009120000000000027
vgg16,0.8875,10,11,0,0.868181818181818,78.3,0.007019999999999993,208.3,0.008560000000000022
vgg16,0.8875,10,11,0,0.95,39.1,0.004819999999999991,169.1,0.006360000000000021
vgg16,0,10,13,0,0.05,176.0,0.015519999999999945,306.0,0.017059999999999974
vgg16,0,10,13,0,0.1318181818181818,175.0,0.014739999999999965,305.0,0.016279999999999996
vgg16,0,10,13,0,0.21363636363636362,167.5,0.012599999999999978,297.5,0.014140000000000008
vgg16,0,10,13,0,0.2954545454545454,166.5,0.01238999999999999,296.5,0.01393000000000002
vgg16,0,10,13,0,0.3772727272727272,164.5,0.012049999999999983,294.5,0.013590000000000014
vgg16,0,10,13,0,0.459090909090909,162.5,0.012049999999999983,292.5,0.013590000000000014
vgg16,0,10,13,0,0.5409090909090909,161.5,0.012039999999999985,291.5,0.013580000000000014
vgg16,0,10,13,0,0.6227272727272727,154.6,0.011290000000000012,284.6,0.012830000000000041
vgg16,0,10,13,0,0.7045454545454545,152.6,0.010110000000000008,282.6,0.011650000000000039
vgg16,0,10,13,0,0.7863636363636363,147.1,0.009070000000000012,277.1,0.010610000000000041
vgg16,0,10,13,0,0.868181818181818,144.9,0.008519999999999995,274.9,0.010060000000000024
vgg16,0,10,13,0,0.95,139.4,0.007750000000000002,269.4,0.009290000000000031
vgg16,0.1,10,13,0,0.05,169.6,0.015029999999999932,299.6,0.016569999999999963
vgg16,0.1,10,13,0,0.1318181818181818,168.6,0.014219999999999965,298.6,0.015759999999999996
vgg16,0.1,10,13,0,0.21363636363636362,166.6,0.013759999999999961,296.6,0.01529999999999999
vgg16,0.1,10,13,0,0.2954545454545454,165.6,0.013279999999999981,295.6,0.01482000000000001
vgg16,0.1,10,13,0,0.3772727272727272,163.6,0.012429999999999974,293.6,0.013970000000000005
vgg16,0.1,10,13,0,0.459090909090909,161.6,0.012019999999999986,291.6,0.013560000000000016
vgg16,0.1,10,13,0,0.5409090909090909,160.6,0.012019999999999986,290.6,0.013560000000000016
vgg16,0.1,10,13,0,0.6227272727272727,155.1,0.011199999999999998,285.1,0.012740000000000029
vgg16,0.1,10,13,0,0.7045454545454545,153.1,0.010729999999999995,283.1,0.012270000000000026
vgg16,0.1,10,13,0,0.7863636363636363,147.6,0.009100000000000007,277.6,0.010640000000000038
vgg16,0.1,10,13,0,0.868181818181818,131.5,0.008450000000000013,261.5,0.009990000000000044
vgg16,0.1,10,13,0,0.95,115.4,0.006780000000000008,245.4,0.00832000000000004
vgg16,0.21250000000000002,10,13,0,0.05,170.9,0.015539999999999953,300.9,0.017079999999999984
vgg16,0.21250000000000002,10,13,0,0.1318181818181818,168.9,0.014409999999999968,298.9,0.01595
vgg16,0.21250000000000002,10,13,0,0.21363636363636362,166.9,0.013939999999999952,296.9,0.015479999999999983
vgg16,0.21250000000000002,10,13,0,0.2954545454545454,165.9,0.013509999999999966,295.9,0.015049999999999997
vgg16,0.21250000000000002,10,13,0,0.3772727272727272,163.0,0.012479999999999958,293.0,0.014019999999999987
vgg16,0.21250000000000002,10,13,0,0.459090909090909,161.0,0.01205999999999997,291.0,0.013600000000000001
vgg16,0.21250000000000002,10,13,0,0.5409090909090909,160.0,0.011869999999999981,290.0,0.01341000000000001
vgg16,0.21250000000000002,10,13,0,0.6227272727272727,149.6,0.011129999999999984,279.6,0.012670000000000015
vgg16,0.21250000000000002,10,13,0,0.7045454545454545,147.6,0.010299999999999976,277.6,0.011840000000000007
vgg16,0.21250000000000002,10,13,0,0.7863636363636363,130.5,0.008699999999999996,260.5,0.010240000000000027
vgg16,0.21250000000000002,10,13,0,0.868181818181818,128.5,0.008469999999999988,258.5,0.010010000000000019
vgg16,0.21250000000000002,10,13,0,0.95,117.7,0.00754999999999999,247.7,0.00909000000000002
vgg16,0.325,10,13,0,0.05,153.9,0.013919999999999955,283.9,0.015459999999999984
vgg16,0.325,10,13,0,0.1318181818181818,152.9,0.013059999999999983,282.9,0.014600000000000012
vgg16,0.325,10,13,0,0.21363636363636362,150.9,0.012589999999999968,280.9,0.014129999999999998
vgg16,0.325,10,13,0,0.2954545454545454,149.9,0.012159999999999982,279.9,0.013700000000000013
vgg16,0.325,10,13,0,0.3772727272727272,147.9,0.011209999999999965,277.9,0.012749999999999994
vgg16,0.325,10,13,0,0.459090909090909,145.9,0.010749999999999982,275.9,0.012290000000000013
vgg16,0.325,10,13,0,0.5409090909090909,144.9,0.010749999999999982,274.9,0.012290000000000013
vgg16,0.325,10,13,0,0.6227272727272727,137.7,0.009839999999999993,267.7,0.011380000000000024
vgg16,0.325,10,13,0,0.7045454545454545,135.7,0.00936999999999999,265.7,0.01091000000000002
vgg16,0.325,10,13,0,0.7863636363636363,115.7,0.007859999999999978,245.7,0.009400000000000009
vgg16,0.325,10,13,0,0.868181818181818,102.7,0.00712999999999997,232.7,0.00867
vgg16,0.325,10,13,0,0.95,100.7,0.006799999999999995,230.7,0.008340000000000024
vgg16,0.4375,10,13,0,0.05,148.6,0.01365999999999995,278.6,0.015199999999999981
vgg16,0.4375,10,13,0,0.1318181818181818,147.6,0.01237999999999997,277.6,0.013919999999999998
vgg16,0.4375,10,13,0,0.21363636363636362,145.6,0.011839999999999972,275.6,0.013380000000000003
vgg16,0.4375,10,13,0,0.2954545454545454,144.6,0.011629999999999984,274.6,0.013170000000000015
vgg16,0.4375,10,13,0,0.3772727272727272,142.1,0.011089999999999978,272.1,0.012630000000000008
vgg16,0.4375,10,13,0,0.459090909090909,140.1,0.010869999999999958,270.1,0.012409999999999987
vgg16,0.4375,10,13,0,0.5409090909090909,139.1,0.010869999999999958,269.1,0.012409999999999987
vgg16,0.4375,10,13,0,0.6227272727272727,133.4,0.009919999999999962,263.4,0.011459999999999993
vgg16,0.4375,10,13,0,0.7045454545454545,131.4,0.009499999999999963,261.4,0.011039999999999994
vgg16,0.4375,10,13,0,0.7863636363636363,127.6,0.00873999999999997,257.6,0.010280000000000001
vgg16,0.4375,10,13,0,0.868181818181818,124.8,0.00794999999999999,254.8,0.009490000000000021
vgg16,0.4375,10,13,0,0.95,105.0,0.0061599999999999875,235.0,0.007700000000000018
vgg16,0.55,10,13,0,0.05,160.1,0.015329999999999955,290.1,0.016869999999999986
vgg16,0.55,10,13,0,0.1318181818181818,159.1,0.013529999999999976,289.1,0.015070000000000005
vgg16,0.55,10,13,0,0.21363636363636362,157.1,0.012759999999999983,287.1,0.014300000000000012
vgg16,0.55,10,13,0,0.2954545454545454,156.1,0.01258999999999998,286.1,0.014130000000000009
vgg16,0.55,10,13,0,0.3772727272727272,154.1,0.012449999999999984,284.1,0.013990000000000013
vgg16,0.55,10,13,0,0.459090909090909,152.1,0.012449999999999984,282.1,0.013990000000000013
vgg16,0.55,10,13,0,0.5409090909090909,150.4,0.012449999999999984,280.4,0.013990000000000013
vgg16,0.55,10,13,0,0.6227272727272727,144.5,0.011449999999999993,274.5,0.012990000000000024
vgg16,0.55,10,13,0,0.7045454545454545,141.5,0.010329999999999995,271.5,0.011870000000000025
vgg16,0.55,10,13,0,0.7863636363636363,140.5,0.009819999999999985,270.5,0.011360000000000014
vgg16,0.55,10,13,0,0.868181818181818,138.5,0.00976999999999999,268.5,0.01131000000000002
vgg16,0.55,10,13,0,0.95,107.9,0.007399999999999995,237.9,0.008940000000000026
vgg16,0.6625,10,13,0,0.05,167.6,0.01588999999999996,297.6,0.01742999999999999
vgg16,0.6625,10,13,0,0.1318181818181818,166.6,0.01430999999999999,296.6,0.01585000000000002
vgg16,0.6625,10,13,0,0.21363636363636362,164.6,0.013539999999999996,294.6,0.015080000000000027
vgg16,0.6625,10,13,0,0.2954545454545454,163.6,0.013369999999999993,293.6,0.014910000000000024
vgg16,0.6625,10,13,0,0.3772727272727272,151.7,0.011670000000000003,281.7,0.013210000000000032
vgg16,0.6625,10,13,0,0.459090909090909,149.7,0.011670000000000003,279.7,0.013210000000000032
vgg16,0.6625,10,13,0,0.5409090909090909,121.1,0.00957,251.1,0.011110000000000031
vgg16,0.6625,10,13,0,0.6227272727272727,96.6,0.007019999999999982,226.6,0.008560000000000012
vgg16,0.6625,10,13,0,0.7045454545454545,94.6,0.0068699999999999985,224.6,0.008410000000000029
vgg16,0.6625,10,13,0,0.7863636363636363,93.6,0.0065999999999999835,223.6,0.008140000000000014
vgg16,0.6625,10,13,0,0.868181818181818,91.3,0.006549999999999989,221.3,0.008090000000000019
vgg16,0.6625,10,13,0,0.95,72.3,0.005889999999999995,202.3,0.007430000000000025
vgg16,0.775,10,13,0,0.05,159.3,0.012449999999999961,289.3,0.013989999999999992
vgg16,0.775,10,13,0,0.1318181818181818,158.3,0.011189999999999978,288.3,0.012730000000000009
vgg16,0.775,10,13,0,0.21363636363636362,151.0,0.010919999999999985,281.0,0.012460000000000016
vgg16,0.775,10,13,0,0.2954545454545454,150.0,0.010919999999999985,280.0,0.012460000000000016
vgg16,0.775,10,13,0,0.3772727272727272,146.0,0.010439999999999994,276.0,0.011980000000000024
vgg16,0.775,10,13,0,0.459090909090909,144.0,0.01018,274.0,0.01172000000000003
vgg16,0.775,10,13,0,0.5409090909090909,132.8,0.009739999999999981,262.8,0.011280000000000012
vgg16,0.775,10,13,0,0.6227272727272727,108.8,0.00722999999999997,238.8,0.00877
vgg16,0.775,10,13,0,0.7045454545454545,106.8,0.007209999999999972,236.8,0.008750000000000003
vgg16,0.775,10,13,0,0.7863636363636363,105.8,0.007209999999999972,235.8,0.008750000000000003
vgg16,0.775,10,13,0,0.868181818181818,99.3,0.006799999999999973,229.3,0.008340000000000004
vgg16,0.775,10,13,0,0.95,91.2,0.0063899999999999955,221.2,0.007930000000000026
vgg16,0.8875,10,13,0,0.05,160.4,0.013759999999999961,290.4,0.01529999999999999
vgg16,0.8875,10,13,0,0.1318181818181818,159.4,0.012670000000000004,289.4,0.014210000000000033
vgg16,0.8875,10,13,0,0.21363636363636362,157.4,0.012209999999999999,287.4,0.01375000000000003
vgg16,0.8875,10,13,0,0.2954545454545454,156.4,0.012039999999999995,286.4,0.013580000000000026
vgg16,0.8875,10,13,0,0.3772727272727272,154.4,0.011999999999999988,284.4,0.013540000000000019
vgg16,0.8875,10,13,0,0.459090909090909,152.4,0.01156999999999998,282.4,0.01311000000000001
vgg16,0.8875,10,13,0,0.5409090909090909,151.4,0.011519999999999985,281.4,0.013060000000000016
vgg16,0.8875,10,13,0,0.6227272727272727,149.4,0.011519999999999985,279.4,0.013060000000000016
vgg16,0.8875,10,13,0,0.7045454545454545,138.2,0.009299999999999998,268.2,0.010840000000000027
vgg16,0.8875,10,13,0,0.7863636363636363,129.6,0.008460000000000013,259.6,0.010000000000000042
vgg16,0.8875,10,13,0,0.868181818181818,123.8,0.007489999999999997,253.8,0.009030000000000028
vgg16,0.8875,10,13,0,0.95,111.6,0.006879999999999986,241.6,0.008420000000000016
vgg16,0,10,15,0,0.05,166.3,0.012799999999999968,296.3,0.014339999999999997
vgg16,0,10,15,0,0.1318181818181818,165.0,0.01208999999999999,295.0,0.01363000000000002
vgg16,0,10,15,0,0.21363636363636362,163.0,0.011639999999999973,293.0,0.013180000000000002
vgg16,0,10,15,0,0.2954545454545454,162.0,0.011049999999999982,292.0,0.012590000000000013
vgg16,0,10,15,0,0.3772727272727272,160.0,0.011049999999999982,290.0,0.012590000000000013
vgg16,0,10,15,0,0.459090909090909,157.7,0.010439999999999982,287.7,0.011980000000000013
vgg16,0,10,15,0,0.5409090909090909,151.7,0.009429999999999994,281.7,0.010970000000000025
vgg16,0,10,15,0,0.6227272727272727,149.7,0.009099999999999997,279.7,0.010640000000000028
vgg16,0,10,15,0,0.7045454545454545,147.7,0.008929999999999983,277.7,0.010470000000000012
vgg16,0,10,15,0,0.7863636363636363,146.7,0.008639999999999981,276.7,0.010180000000000012
vgg16,0,10,15,0,0.868181818181818,144.7,0.008509999999999985,274.7,0.010050000000000014
vgg16,0,10,15,0,0.95,141.8,0.007989999999999987,271.8,0.009530000000000016
vgg16,0.1,10,15,0,0.05,167.3,0.012919999999999964,297.3,0.014459999999999995
vgg16,0.1,10,15,0,0.1318181818181818,166.3,0.012709999999999977,296.3,0.014250000000000007
vgg16,0.1,10,15,0,0.21363636363636362,164.3,0.011869999999999981,294.3,0.01341000000000001
vgg16,0.1,10,15,0,0.2954545454545454,163.3,0.011559999999999992,293.3,0.013100000000000023
vgg16,0.1,10,15,0,0.3772727272727272,161.3,0.011359999999999981,291.3,0.012900000000000012
vgg16,0.1,10,15,0,0.459090909090909,159.1,0.011239999999999972,289.1,0.012780000000000003
vgg16,0.1,10,15,0,0.5409090909090909,158.1,0.010879999999999978,288.1,0.01242000000000001
vgg16,0.1,10,15,0,0.6227272727272727,156.1,0.01005999999999999,286.1,0.011600000000000022
vgg16,0.1,10,15,0,0.7045454545454545,154.1,0.010019999999999984,284.1,0.011560000000000015
vgg16,0.1,10,15,0,0.7863636363636363,147.0,0.009129999999999994,277.0,0.010670000000000023
vgg16,0.1,10,15,0,0.868181818181818,145.0,0.008529999999999972,275.0,0.01007
vgg16,0.1,10,15,0,0.95,135.3,0.007229999999999981,265.3,0.00877000000000001
vgg16,0.21250000000000002,10,15,0,0.05,162.7,0.01338999999999998,292.7,0.01493000000000001
vgg16,0.21250000000000002,10,15,0,0.1318181818181818,161.7,0.01338999999999998,291.7,0.01493000000000001
vgg16,0.21250000000000002,10,15,0,0.21363636363636362,159.7,0.012749999999999973,289.7,0.014290000000000002
vgg16,0.21250000000000002,10,15,0,0.2954545454545454,158.7,0.01197999999999999,288.7,0.013520000000000022
vgg16,0.21250000000000002,10,15,0,0.3772727272727272,156.7,0.011929999999999986,286.7,0.013470000000000015
vgg16,0.21250000000000002,10,15,0,0.459090909090909,154.5,0.011539999999999984,284.5,0.013080000000000013
vgg16,0.21250000000000002,10,15,0,0.5409090909090909,153.5,0.011209999999999987,283.5,0.012750000000000017
vgg16,0.21250000000000002,10,15,0,0.6227272727272727,151.2,0.00989,281.2,0.011430000000000029
vgg16,0.21250000000000002,10,15,0,0.7045454545454545,149.2,0.009679999999999989,279.2,0.011220000000000018
vgg16,0.21250000000000002,10,15,0,0.7863636363636363,141.4,0.008840000000000004,271.4,0.010380000000000033
vgg16,0.21250000000000002,10,15,0,0.868181818181818,139.4,0.008620000000000006,269.4,0.010160000000000035
vgg16,0.21250000000000002,10,15,0,0.95,78.8,0.006659999999999999,208.8,0.00820000000000003
vgg16,0.325,10,15,0,0.05,131.7,0.01205999999999997,261.7,0.013600000000000001
vgg16,0.325,10,15,0,0.1318181818181818,130.7,0.01204999999999996,260.7,0.013589999999999991
vgg16,0.325,10,15,0,0.21363636363636362,128.7,0.011339999999999972,258.7,0.012880000000000003
vgg16,0.325,10,15,0,0.2954545454545454,122.0,0.009279999999999988,252.0,0.010820000000000019
vgg16,0.325,10,15,0,0.3772727272727272,120.0,0.00895999999999999,250.0,0.01050000000000002
vgg16,0.325,10,15,0,0.459090909090909,118.0,0.008709999999999996,248.0,0.010250000000000026
vgg16,0.325,10,15,0,0.5409090909090909,117.0,0.008379999999999999,247.0,0.00992000000000003
vgg16,0.325,10,15,0,0.6227272727272727,115.0,0.007560000000000011,245.0,0.009100000000000042
vgg16,0.325,10,15,0,0.7045454545454545,113.0,0.007540000000000002,243.0,0.009080000000000032
vgg16,0.325,10,15,0,0.7863636363636363,112.0,0.0074400000000000134,242.0,0.008980000000000044
vgg16,0.325,10,15,0,0.868181818181818,110.0,0.007240000000000002,240.0,0.008780000000000033
vgg16,0.325,10,15,0,0.95,108.0,0.006910000000000005,238.0,0.008450000000000036
vgg16,0.4375,10,15,0,0.05,163.5,0.01398999999999998,293.5,0.01553000000000001
vgg16,0.4375,10,15,0,0.1318181818181818,156.5,0.012159999999999994,286.5,0.013700000000000023
vgg16,0.4375,10,15,0,0.21363636363636362,134.6,0.009609999999999997,264.6,0.011150000000000026
vgg16,0.4375,10,15,0,0.2954545454545454,133.6,0.008899999999999996,263.6,0.010440000000000027
vgg16,0.4375,10,15,0,0.3772727272727272,131.3,0.008619999999999994,261.3,0.010160000000000025
vgg16,0.4375,10,15,0,0.459090909090909,128.9,0.00825999999999999,258.9,0.00980000000000002
vgg16,0.4375,10,15,0,0.5409090909090909,127.9,0.007929999999999993,257.9,0.009470000000000024
vgg16,0.4375,10,15,0,0.6227272727272727,125.9,0.007599999999999996,255.9,0.009140000000000027
vgg16,0.4375,10,15,0,0.7045454545454545,112.4,0.007099999999999984,242.4,0.008640000000000014
vgg16,0.4375,10,15,0,0.7863636363636363,111.4,0.006999999999999995,241.4,0.008540000000000025
vgg16,0.4375,10,15,0,0.868181818181818,91.2,0.006659999999999999,221.2,0.00820000000000003
vgg16,0.4375,10,15,0,0.95,89.4,0.006569999999999998,219.4,0.008110000000000029
vgg16,0.55,10,15,0,0.05,167.3,0.013839999999999974,297.3,0.015380000000000005
vgg16,0.55,10,15,0,0.1318181818181818,161.7,0.012539999999999985,291.7,0.014080000000000014
vgg16,0.55,10,15,0,0.21363636363636362,157.6,0.011209999999999975,287.6,0.012750000000000006
vgg16,0.55,10,15,0,0.2954545454545454,151.5,0.010639999999999983,281.5,0.012180000000000014
vgg16,0.55,10,15,0,0.3772727272727272,149.5,0.010079999999999978,279.5,0.011620000000000009
vgg16,0.55,10,15,0,0.459090909090909,125.5,0.008609999999999984,255.5,0.010150000000000015
vgg16,0.55,10,15,0,0.5409090909090909,124.5,0.008279999999999987,254.5,0.009820000000000018
vgg16,0.55,10,15,0,0.6227272727272727,122.5,0.008009999999999995,252.5,0.009550000000000025
vgg16,0.55,10,15,0,0.7045454545454545,120.5,0.00773999999999998,250.5,0.00928000000000001
vgg16,0.55,10,15,0,0.7863636363636363,119.5,0.0074199999999999934,249.5,0.008960000000000024
vgg16,0.55,10,15,0,0.868181818181818,99.2,0.007239999999999991,229.2,0.00878000000000002
vgg16,0.55,10,15,0,0.95,90.9,0.006450000000000011,220.9,0.007990000000000042
vgg16,0.6625,10,15,0,0.05,157.3,0.012359999999999972,287.3,0.013900000000000001
vgg16,0.6625,10,15,0,0.1318181818181818,142.5,0.010339999999999993,272.5,0.011880000000000024
vgg16,0.6625,10,15,0,0.21363636363636362,140.5,0.010339999999999993,270.5,0.011880000000000024
vgg16,0.6625,10,15,0,0.2954545454545454,133.8,0.010079999999999988,263.8,0.01162000000000002
vgg16,0.6625,10,15,0,0.3772727272727272,131.8,0.00964999999999997,261.8,0.01119
vgg16,0.6625,10,15,0,0.459090909090909,125.2,0.008039999999999992,255.2,0.009580000000000023
vgg16,0.6625,10,15,0,0.5409090909090909,124.2,0.007709999999999995,254.2,0.009250000000000026
vgg16,0.6625,10,15,0,0.6227272727272727,119.3,0.006640000000000002,249.3,0.008180000000000031
vgg16,0.6625,10,15,0,0.7045454545454545,117.3,0.006629999999999992,247.3,0.008170000000000021
vgg16,0.6625,10,15,0,0.7863636363636363,116.3,0.006409999999999994,246.3,0.007950000000000023
vgg16,0.6625,10,15,0,0.868181818181818,86.3,0.005689999999999973,216.3,0.007230000000000003
vgg16,0.6625,10,15,0,0.95,67.6,0.004959999999999987,197.6,0.006500000000000017
vgg16,0.775,10,15,0,0.05,144.6,0.010999999999999977,274.6,0.012540000000000006
vgg16,0.775,10,15,0,0.1318181818181818,143.6,0.01085999999999998,273.6,0.012400000000000012
vgg16,0.775,10,15,0,0.21363636363636362,141.6,0.010209999999999986,271.6,0.011750000000000016
vgg16,0.775,10,15,0,0.2954545454545454,140.6,0.010189999999999987,270.6,0.011730000000000018
vgg16,0.775,10,15,0,0.3772727272727272,129.6,0.008139999999999958,259.6,0.009679999999999989
vgg16,0.775,10,15,0,0.459090909090909,108.9,0.007289999999999963,238.9,0.008829999999999994
vgg16,0.775,10,15,0,0.5409090909090909,105.0,0.006059999999999966,235.0,0.007599999999999996
vgg16,0.775,10,15,0,0.6227272727272727,103.0,0.0060199999999999585,233.0,0.007559999999999989
vgg16,0.775,10,15,0,0.7045454545454545,100.5,0.005869999999999975,230.5,0.007410000000000005
vgg16,0.775,10,15,0,0.7863636363636363,99.5,0.005369999999999986,229.5,0.006910000000000016
vgg16,0.775,10,15,0,0.868181818181818,97.5,0.005309999999999981,227.5,0.0068500000000000115
vgg16,0.775,10,15,0,0.95,95.5,0.005039999999999989,225.5,0.006580000000000019
vgg16,0.8875,10,15,0,0.05,153.3,0.011899999999999977,283.3,0.013440000000000007
vgg16,0.8875,10,15,0,0.1318181818181818,152.3,0.011619999999999974,282.3,0.013160000000000005
vgg16,0.8875,10,15,0,0.21363636363636362,142.0,0.009959999999999969,272.0,0.0115
vgg16,0.8875,10,15,0,0.2954545454545454,141.0,0.009609999999999962,271.0,0.011149999999999993
vgg16,0.8875,10,15,0,0.3772727272727272,119.5,0.008179999999999955,249.5,0.009719999999999984
vgg16,0.8875,10,15,0,0.459090909090909,106.3,0.00771999999999996,236.3,0.00925999999999999
vgg16,0.8875,10,15,0,0.5409090909090909,105.3,0.0071799999999999755,235.3,0.008720000000000006
vgg16,0.8875,10,15,0,0.6227272727272727,103.3,0.006579999999999975,233.3,0.008120000000000006
vgg16,0.8875,10,15,0,0.7045454545454545,101.3,0.006569999999999965,231.3,0.008109999999999996
vgg16,0.8875,10,15,0,0.7863636363636363,92.5,0.006079999999999974,222.5,0.007620000000000004
vgg16,0.8875,10,15,0,0.868181818181818,90.5,0.00602999999999998,220.5,0.00757000000000001
vgg16,0.8875,10,15,0,0.95,75.9,0.005779999999999985,205.9,0.007320000000000016
vgg16,0,10,17,0,0.05,156.8,0.012409999999999966,286.8,0.013949999999999995
vgg16,0,10,17,0,0.1318181818181818,155.8,0.01135999999999997,285.8,0.0129
vgg16,0,10,17,0,0.21363636363636362,153.8,0.01135999999999997,283.8,0.0129
vgg16,0,10,17,0,0.2954545454545454,151.4,0.011189999999999967,281.4,0.012729999999999997
vgg16,0,10,17,0,0.3772727272727272,148.3,0.01006999999999999,278.3,0.01161000000000002
vgg16,0,10,17,0,0.459090909090909,141.1,0.008830000000000005,271.1,0.010370000000000035
vgg16,0,10,17,0,0.5409090909090909,140.1,0.008610000000000007,270.1,0.010150000000000037
vgg16,0,10,17,0,0.6227272727272727,134.8,0.007850000000000013,264.8,0.009390000000000042
vgg16,0,10,17,0,0.7045454545454545,111.9,0.005669999999999997,241.9,0.007210000000000027
vgg16,0,10,17,0,0.7863636363636363,109.2,0.005630000000000001,239.2,0.007170000000000032
vgg16,0,10,17,0,0.868181818181818,78.2,0.005219999999999991,208.2,0.006760000000000021
vgg16,0,10,17,0,0.95,62.4,0.004839999999999978,192.4,0.006380000000000008
vgg16,0.1,10,17,0,0.05,140.7,0.010549999999999981,270.7,0.012090000000000012
vgg16,0.1,10,17,0,0.1318181818181818,139.7,0.010549999999999981,269.7,0.012090000000000012
vgg16,0.1,10,17,0,0.21363636363636362,132.0,0.009989999999999976,262.0,0.011530000000000007
vgg16,0.1,10,17,0,0.2954545454545454,131.0,0.009989999999999976,261.0,0.011530000000000007
vgg16,0.1,10,17,0,0.3772727272727272,129.0,0.009469999999999989,259.0,0.01101000000000002
vgg16,0.1,10,17,0,0.459090909090909,127.0,0.008830000000000005,257.0,0.010370000000000035
vgg16,0.1,10,17,0,0.5409090909090909,125.2,0.008070000000000011,255.2,0.00961000000000004
vgg16,0.1,10,17,0,0.6227272727272727,112.8,0.006100000000000017,242.8,0.007640000000000047
vgg16,0.1,10,17,0,0.7045454545454545,109.9,0.005420000000000003,239.9,0.006960000000000033
vgg16,0.1,10,17,0,0.7863636363636363,108.7,0.005420000000000003,238.7,0.006960000000000033
vgg16,0.1,10,17,0,0.868181818181818,76.4,0.0040699999999999955,206.4,0.005610000000000026
vgg16,0.1,10,17,0,0.95,53.6,0.004079999999999984,183.6,0.005620000000000014
vgg16,0.21250000000000002,10,17,0,0.05,130.2,0.010589999999999966,260.2,0.012129999999999997
vgg16,0.21250000000000002,10,17,0,0.1318181818181818,129.2,0.010489999999999954,259.2,0.012029999999999985
vgg16,0.21250000000000002,10,17,0,0.21363636363636362,127.2,0.010219999999999962,257.2,0.011759999999999993
vgg16,0.21250000000000002,10,17,0,0.2954545454545454,126.2,0.010099999999999975,256.2,0.011640000000000006
vgg16,0.21250000000000002,10,17,0,0.3772727272727272,124.2,0.009449999999999991,254.2,0.010990000000000022
vgg16,0.21250000000000002,10,17,0,0.459090909090909,122.2,0.009119999999999994,252.2,0.010660000000000025
vgg16,0.21250000000000002,10,17,0,0.5409090909090909,120.4,0.00827000000000001,250.4,0.009810000000000041
vgg16,0.21250000000000002,10,17,0,0.6227272727272727,114.0,0.0068900000000000185,244.0,0.008430000000000049
vgg16,0.21250000000000002,10,17,0,0.7045454545454545,111.1,0.006500000000000017,241.1,0.008040000000000047
vgg16,0.21250000000000002,10,17,0,0.7863636363636363,109.9,0.006500000000000017,239.9,0.008040000000000047
vgg16,0.21250000000000002,10,17,0,0.868181818181818,91.3,0.005149999999999999,221.3,0.006690000000000029
vgg16,0.21250000000000002,10,17,0,0.95,59.3,0.005179999999999974,189.3,0.006720000000000004
vgg16,0.325,10,17,0,0.05,109.0,0.008329999999999994,239.0,0.009870000000000023
vgg16,0.325,10,17,0,0.1318181818181818,108.0,0.008329999999999994,238.0,0.009870000000000023
vgg16,0.325,10,17,0,0.21363636363636362,106.0,0.007999999999999985,236.0,0.009540000000000015
vgg16,0.325,10,17,0,0.2954545454545454,105.0,0.007999999999999985,235.0,0.009540000000000015
vgg16,0.325,10,17,0,0.3772727272727272,103.0,0.007999999999999985,233.0,0.009540000000000015
vgg16,0.325,10,17,0,0.459090909090909,101.0,0.007669999999999988,231.0,0.009210000000000019
vgg16,0.325,10,17,0,0.5409090909090909,97.1,0.006579999999999997,227.1,0.008120000000000027
vgg16,0.325,10,17,0,0.6227272727272727,95.1,0.0061800000000000075,225.1,0.007720000000000038
vgg16,0.325,10,17,0,0.7045454545454545,87.5,0.005490000000000006,217.5,0.007030000000000036
vgg16,0.325,10,17,0,0.7863636363636363,75.6,0.004570000000000007,205.6,0.006110000000000037
vgg16,0.325,10,17,0,0.868181818181818,67.6,0.0042099999999999915,197.6,0.005750000000000022
vgg16,0.325,10,17,0,0.95,65.6,0.0039799999999999836,195.6,0.005520000000000014
vgg16,0.4375,10,17,0,0.05,131.3,0.009889999999999965,261.3,0.011429999999999996
vgg16,0.4375,10,17,0,0.1318181818181818,130.3,0.009889999999999965,260.3,0.011429999999999996
vgg16,0.4375,10,17,0,0.21363636363636362,128.3,0.00974999999999997,258.3,0.01129
vgg16,0.4375,10,17,0,0.2954545454545454,127.3,0.00974999999999997,257.3,0.01129
vgg16,0.4375,10,17,0,0.3772727272727272,124.0,0.009399999999999974,254.0,0.010940000000000005
vgg16,0.4375,10,17,0,0.459090909090909,121.5,0.008629999999999981,251.5,0.010170000000000012
vgg16,0.4375,10,17,0,0.5409090909090909,117.5,0.007539999999999991,247.5,0.009080000000000022
vgg16,0.4375,10,17,0,0.6227272727272727,109.6,0.0064099999999999826,239.6,0.007950000000000013
vgg16,0.4375,10,17,0,0.7045454545454545,91.8,0.0053399999999999784,221.8,0.0068800000000000085
vgg16,0.4375,10,17,0,0.7863636363636363,77.1,0.0041900000000000045,207.1,0.005730000000000035
vgg16,0.4375,10,17,0,0.868181818181818,58.5,0.0033100000000000017,188.5,0.004850000000000032
vgg16,0.4375,10,17,0,0.95,50.2,0.002809999999999979,180.2,0.004350000000000009
vgg16,0.55,10,17,0,0.05,137.5,0.009609999999999985,267.5,0.011150000000000016
vgg16,0.55,10,17,0,0.1318181818181818,136.5,0.009609999999999985,266.5,0.011150000000000016
vgg16,0.55,10,17,0,0.21363636363636362,134.0,0.008839999999999982,264.0,0.01038000000000001
vgg16,0.55,10,17,0,0.2954545454545454,133.0,0.008829999999999982,263.0,0.010370000000000013
vgg16,0.55,10,17,0,0.3772727272727272,129.7,0.008619999999999994,259.7,0.010160000000000025
vgg16,0.55,10,17,0,0.459090909090909,127.7,0.008239999999999992,257.7,0.009780000000000021
vgg16,0.55,10,17,0,0.5409090909090909,126.7,0.007659999999999989,256.7,0.009200000000000019
vgg16,0.55,10,17,0,0.6227272727272727,124.7,0.007609999999999994,254.7,0.009150000000000024
vgg16,0.55,10,17,0,0.7045454545454545,116.7,0.006879999999999997,246.7,0.008420000000000028
vgg16,0.55,10,17,0,0.7863636363636363,82.5,0.005209999999999992,212.5,0.0067500000000000225
vgg16,0.55,10,17,0,0.868181818181818,46.7,0.003599999999999981,176.7,0.005140000000000011
vgg16,0.55,10,17,0,0.95,44.7,0.003359999999999974,174.7,0.004900000000000004
vgg16,0.6625,10,17,0,0.05,88.4,0.007250000000000001,218.4,0.00879000000000003
vgg16,0.6625,10,17,0,0.1318181818181818,87.4,0.007250000000000001,217.4,0.00879000000000003
vgg16,0.6625,10,17,0,0.21363636363636362,83.9,0.007110000000000005,213.9,0.008650000000000036
vgg16,0.6625,10,17,0,0.2954545454545454,82.9,0.007110000000000005,212.9,0.008650000000000036
vgg16,0.6625,10,17,0,0.3772727272727272,74.9,0.0072200000000000155,204.9,0.008760000000000046
vgg16,0.6625,10,17,0,0.459090909090909,70.4,0.005600000000000016,200.4,0.0071400000000000465
vgg16,0.6625,10,17,0,0.5409090909090909,69.5,0.005600000000000016,199.5,0.0071400000000000465
vgg16,0.6625,10,17,0,0.6227272727272727,53.8,0.004939999999999989,183.8,0.006480000000000019
vgg16,0.6625,10,17,0,0.7045454545454545,36.4,0.0042799999999999835,166.4,0.005820000000000014
vgg16,0.6625,10,17,0,0.7863636363636363,32.5,0.0041999999999999815,162.5,0.005740000000000012
vgg16,0.6625,10,17,0,0.868181818181818,-11.8,0.0022399999999999755,118.2,0.0037800000000000056
vgg16,0.6625,10,17,0,0.95,-20.5,0.0032799999999999717,109.5,0.004820000000000002
vgg16,0.775,10,17,0,0.05,134.2,0.010089999999999977,264.2,0.011630000000000007
vgg16,0.775,10,17,0,0.1318181818181818,132.2,0.010009999999999974,262.2,0.011550000000000005
vgg16,0.775,10,17,0,0.21363636363636362,130.2,0.00986999999999998,260.2,0.011410000000000009
vgg16,0.775,10,17,0,0.2954545454545454,129.2,0.00986999999999998,259.2,0.011410000000000009
vgg16,0.775,10,17,0,0.3772727272727272,118.4,0.009099999999999964,248.4,0.010639999999999993
vgg16,0.775,10,17,0,0.459090909090909,113.8,0.007869999999999966,243.8,0.009409999999999996
vgg16,0.775,10,17,0,0.5409090909090909,78.4,0.005509999999999959,208.4,0.0070499999999999894
vgg16,0.775,10,17,0,0.6227272727272727,76.5,0.005099999999999971,206.5,0.006640000000000002
vgg16,0.775,10,17,0,0.7045454545454545,74.7,0.00501999999999998,204.7,0.00656000000000001
vgg16,0.775,10,17,0,0.7863636363636363,73.8,0.005009999999999992,203.8,0.006550000000000023
vgg16,0.775,10,17,0,0.868181818181818,66.5,0.00492999999999999,196.5,0.00647000000000002
vgg16,0.775,10,17,0,0.95,60.4,0.004599999999999982,190.4,0.006140000000000012
vgg16,0.8875,10,17,0,0.05,152.5,0.011639999999999994,282.5,0.013180000000000025
vgg16,0.8875,10,17,0,0.1318181818181818,151.5,0.010570000000000001,281.5,0.012110000000000032
vgg16,0.8875,10,17,0,0.21363636363636362,148.2,0.010419999999999995,278.2,0.011960000000000026
vgg16,0.8875,10,17,0,0.2954545454545454,130.6,0.009479999999999978,260.6,0.011020000000000007
vgg16,0.8875,10,17,0,0.3772727272727272,128.0,0.009109999999999962,258.0,0.010649999999999993
vgg16,0.8875,10,17,0,0.459090909090909,117.5,0.008629999999999981,247.5,0.010170000000000012
vgg16,0.8875,10,17,0,0.5409090909090909,107.8,0.006969999999999976,237.8,0.008510000000000007
vgg16,0.8875,10,17,0,0.6227272727272727,94.9,0.0052299999999999795,224.9,0.0067700000000000095
vgg16,0.8875,10,17,0,0.7045454545454545,92.9,0.004999999999999982,222.9,0.006540000000000013
vgg16,0.8875,10,17,0,0.7863636363636363,79.7,0.0046499999999999875,209.7,0.0061900000000000175
vgg16,0.8875,10,17,0,0.868181818181818,69.4,0.004349999999999998,199.4,0.005890000000000029
vgg16,0.8875,10,17,0,0.95,65.7,0.004020000000000001,195.7,0.005560000000000032
vgg16,0,10,19,0,0.05,139.7,0.00984999999999998,269.7,0.011390000000000011
vgg16,0,10,19,0,0.1318181818181818,138.7,0.00984999999999998,268.7,0.011390000000000011
vgg16,0,10,19,0,0.21363636363636362,136.7,0.009499999999999986,266.7,0.011040000000000017
vgg16,0,10,19,0,0.2954545454545454,126.9,0.008960000000000001,256.9,0.010500000000000032
vgg16,0,10,19,0,0.3772727272727272,124.9,0.008719999999999995,254.9,0.010260000000000024
vgg16,0,10,19,0,0.459090909090909,122.9,0.007979999999999998,252.9,0.009520000000000028
vgg16,0,10,19,0,0.5409090909090909,121.9,0.007710000000000006,251.9,0.009250000000000036
vgg16,0,10,19,0,0.6227272727272727,108.2,0.006910000000000016,238.2,0.008450000000000046
vgg16,0,10,19,0,0.7045454545454545,100.6,0.0059600000000000096,230.6,0.00750000000000004
vgg16,0,10,19,0,0.7863636363636363,99.6,0.005930000000000013,229.6,0.0074700000000000434
vgg16,0,10,19,0,0.868181818181818,88.1,0.005009999999999992,218.1,0.006550000000000023
vgg16,0,10,19,0,0.95,86.1,0.004899999999999993,216.1,0.006440000000000024
vgg16,0.1,10,19,0,0.05,114.3,0.008299999999999984,244.3,0.009840000000000015
vgg16,0.1,10,19,0,0.1318181818181818,113.3,0.008289999999999987,243.3,0.009830000000000016
vgg16,0.1,10,19,0,0.21363636363636362,111.3,0.008079999999999999,241.3,0.009620000000000028
vgg16,0.1,10,19,0,0.2954545454545454,105.0,0.007779999999999987,235.0,0.009320000000000018
vgg16,0.1,10,19,0,0.3772727272727272,103.0,0.007779999999999987,233.0,0.009320000000000018
vgg16,0.1,10,19,0,0.459090909090909,101.0,0.006889999999999985,231.0,0.008430000000000016
vgg16,0.1,10,19,0,0.5409090909090909,100.0,0.006369999999999998,230.0,0.007910000000000028
vgg16,0.1,10,19,0,0.6227272727272727,98.0,0.0063200000000000036,228.0,0.007860000000000034
vgg16,0.1,10,19,0,0.7045454545454545,92.0,0.006109999999999993,222.0,0.007650000000000023
vgg16,0.1,10,19,0,0.7863636363636363,91.0,0.006079999999999997,221.0,0.007620000000000027
vgg16,0.1,10,19,0,0.868181818181818,89.0,0.005789999999999984,219.0,0.0073300000000000145
vgg16,0.1,10,19,0,0.95,86.9,0.005619999999999981,216.9,0.007160000000000011
vgg16,0.21250000000000002,10,19,0,0.05,139.3,0.010309999999999963,269.3,0.011849999999999994
vgg16,0.21250000000000002,10,19,0,0.1318181818181818,138.3,0.010309999999999963,268.3,0.011849999999999994
vgg16,0.21250000000000002,10,19,0,0.21363636363636362,136.3,0.009679999999999989,266.3,0.011220000000000018
vgg16,0.21250000000000002,10,19,0,0.2954545454545454,135.3,0.009489999999999998,265.3,0.01103000000000003
vgg16,0.21250000000000002,10,19,0,0.3772727272727272,122.0,0.007829999999999993,252.0,0.009370000000000022
vgg16,0.21250000000000002,10,19,0,0.459090909090909,120.0,0.007040000000000002,250.0,0.008580000000000032
vgg16,0.21250000000000002,10,19,0,0.5409090909090909,113.0,0.0064999999999999945,243.0,0.008040000000000025
vgg16,0.21250000000000002,10,19,0,0.6227272727272727,98.9,0.005199999999999994,228.9,0.006740000000000024
vgg16,0.21250000000000002,10,19,0,0.7045454545454545,71.4,0.004589999999999994,201.4,0.006130000000000024
vgg16,0.21250000000000002,10,19,0,0.7863636363636363,70.4,0.0043599999999999976,200.4,0.005900000000000028
vgg16,0.21250000000000002,10,19,0,0.868181818181818,64.1,0.0038000000000000035,194.1,0.005340000000000034
vgg16,0.21250000000000002,10,19,0,0.95,62.1,0.0037899999999999935,192.1,0.005330000000000024
vgg16,0.325,10,19,0,0.05,131.8,0.009679999999999977,261.8,0.011220000000000008
vgg16,0.325,10,19,0,0.1318181818181818,130.8,0.009679999999999977,260.8,0.011220000000000008
vgg16,0.325,10,19,0,0.21363636363636362,128.8,0.009449999999999981,258.8,0.01099000000000001
vgg16,0.325,10,19,0,0.2954545454545454,127.8,0.009449999999999981,257.8,0.01099000000000001
vgg16,0.325,10,19,0,0.3772727272727272,123.5,0.008679999999999976,253.5,0.010220000000000007
vgg16,0.325,10,19,0,0.459090909090909,121.5,0.007799999999999996,251.5,0.009340000000000025
vgg16,0.325,10,19,0,0.5409090909090909,114.4,0.00724999999999999,244.4,0.00879000000000002
vgg16,0.325,10,19,0,0.6227272727272727,91.2,0.005099999999999993,221.2,0.0066400000000000235
vgg16,0.325,10,19,0,0.7045454545454545,84.9,0.004679999999999995,214.9,0.006220000000000026
vgg16,0.325,10,19,0,0.7863636363636363,83.9,0.0043999999999999925,213.9,0.005940000000000023
vgg16,0.325,10,19,0,0.868181818181818,64.1,0.004020000000000001,194.1,0.005560000000000032
vgg16,0.325,10,19,0,0.95,62.1,0.004020000000000001,192.1,0.005560000000000032
vgg16,0.4375,10,19,0,0.05,140.1,0.010409999999999985,270.1,0.011950000000000016
vgg16,0.4375,10,19,0,0.1318181818181818,139.1,0.010409999999999985,269.1,0.011950000000000016
vgg16,0.4375,10,19,0,0.21363636363636362,125.9,0.009599999999999997,255.9,0.011140000000000028
vgg16,0.4375,10,19,0,0.2954545454545454,124.9,0.009449999999999991,254.9,0.010990000000000022
vgg16,0.4375,10,19,0,0.3772727272727272,122.9,0.009379999999999977,252.9,0.010920000000000008
vgg16,0.4375,10,19,0,0.459090909090909,120.9,0.009019999999999983,250.9,0.010560000000000014
vgg16,0.4375,10,19,0,0.5409090909090909,119.9,0.008699999999999996,249.9,0.010240000000000027
vgg16,0.4375,10,19,0,0.6227272727272727,111.7,0.00825999999999998,241.7,0.009800000000000008
vgg16,0.4375,10,19,0,0.7045454545454545,109.7,0.007489999999999985,239.7,0.009030000000000015
vgg16,0.4375,10,19,0,0.7863636363636363,106.7,0.006909999999999983,236.7,0.008450000000000013
vgg16,0.4375,10,19,0,0.868181818181818,86.8,0.006310000000000005,216.8,0.007850000000000034
vgg16,0.4375,10,19,0,0.95,60.9,0.004660000000000009,190.9,0.006200000000000039
vgg16,0.55,10,19,0,0.05,121.2,0.009139999999999981,251.2,0.010680000000000012
vgg16,0.55,10,19,0,0.1318181818181818,120.3,0.009139999999999981,250.3,0.010680000000000012
vgg16,0.55,10,19,0,0.21363636363636362,117.9,0.008799999999999985,247.9,0.010340000000000016
vgg16,0.55,10,19,0,0.2954545454545454,117.0,0.008499999999999997,247.0,0.010040000000000026
vgg16,0.55,10,19,0,0.3772727272727272,115.2,0.008169999999999978,245.2,0.009710000000000007
vgg16,0.55,10,19,0,0.459090909090909,113.4,0.008079999999999986,243.4,0.009620000000000017
vgg16,0.55,10,19,0,0.5409090909090909,103.6,0.006919999999999982,233.6,0.008460000000000013
vgg16,0.55,10,19,0,0.6227272727272727,101.8,0.006759999999999977,231.8,0.008300000000000007
vgg16,0.55,10,19,0,0.7045454545454545,84.0,0.00619999999999995,214.0,0.00773999999999998
vgg16,0.55,10,19,0,0.7863636363636363,68.0,0.0043899999999999495,198.0,0.0059299999999999796
vgg16,0.55,10,19,0,0.868181818181818,36.1,0.00417999999999995,166.1,0.00571999999999998
vgg16,0.55,10,19,0,0.95,34.5,0.003909999999999958,164.5,0.005449999999999988
vgg16,0.6625,10,19,0,0.05,114.1,0.00783999999999998,244.1,0.00938000000000001
vgg16,0.6625,10,19,0,0.1318181818181818,113.1,0.007559999999999978,243.1,0.009100000000000007
vgg16,0.6625,10,19,0,0.21363636363636362,111.0,0.007379999999999986,241.0,0.008920000000000016
vgg16,0.6625,10,19,0,0.2954545454545454,110.0,0.007369999999999988,240.0,0.008910000000000019
vgg16,0.6625,10,19,0,0.3772727272727272,108.0,0.007309999999999983,238.0,0.008850000000000014
vgg16,0.6625,10,19,0,0.459090909090909,76.1,0.006499999999999973,206.1,0.008040000000000002
vgg16,0.6625,10,19,0,0.5409090909090909,75.2,0.006499999999999973,205.2,0.008040000000000002
vgg16,0.6625,10,19,0,0.6227272727272727,73.4,0.006079999999999974,203.4,0.007620000000000004
vgg16,0.6625,10,19,0,0.7045454545454545,65.5,0.006219999999999981,195.5,0.007760000000000012
vgg16,0.6625,10,19,0,0.7863636363636363,49.6,0.00532999999999999,179.6,0.00687000000000002
vgg16,0.6625,10,19,0,0.868181818181818,18.2,0.0043499999999999876,148.2,0.005890000000000018
vgg16,0.6625,10,19,0,0.95,12.9,0.0038799999999999946,142.9,0.005420000000000025
vgg16,0.775,10,19,0,0.05,98.5,0.008029999999999982,228.5,0.009570000000000013
vgg16,0.775,10,19,0,0.1318181818181818,97.6,0.007749999999999979,227.6,0.00929000000000001
vgg16,0.775,10,19,0,0.21363636363636362,95.8,0.00744999999999999,225.8,0.00899000000000002
vgg16,0.775,10,19,0,0.2954545454545454,94.9,0.00744999999999999,224.9,0.00899000000000002
vgg16,0.775,10,19,0,0.3772727272727272,93.1,0.0069399999999999904,223.1,0.00848000000000002
vgg16,0.775,10,19,0,0.459090909090909,91.3,0.006509999999999993,221.3,0.008050000000000024
vgg16,0.775,10,19,0,0.5409090909090909,90.4,0.006509999999999993,220.4,0.008050000000000024
vgg16,0.775,10,19,0,0.6227272727272727,79.7,0.005959999999999988,209.7,0.007500000000000018
vgg16,0.775,10,19,0,0.7045454545454545,74.0,0.005209999999999981,204.0,0.006750000000000011
vgg16,0.775,10,19,0,0.7863636363636363,73.1,0.005209999999999981,203.1,0.006750000000000011
vgg16,0.775,10,19,0,0.868181818181818,71.3,0.005149999999999999,201.3,0.006690000000000029
vgg16,0.775,10,19,0,0.95,69.5,0.004859999999999998,199.5,0.006400000000000028
vgg16,0.8875,10,19,0,0.05,145.4,0.010719999999999997,275.4,0.012260000000000026
vgg16,0.8875,10,19,0,0.1318181818181818,144.4,0.010549999999999993,274.4,0.012090000000000023
vgg16,0.8875,10,19,0,0.21363636363636362,142.4,0.01016999999999999,272.4,0.01171000000000002
vgg16,0.8875,10,19,0,0.2954545454545454,141.4,0.01016999999999999,271.4,0.01171000000000002
vgg16,0.8875,10,19,0,0.3772727272727272,137.2,0.009649999999999992,267.2,0.011190000000000023
vgg16,0.8875,10,19,0,0.459090909090909,134.6,0.009110000000000007,264.6,0.010650000000000038
vgg16,0.8875,10,19,0,0.5409090909090909,133.6,0.008510000000000007,263.6,0.010050000000000036
vgg16,0.8875,10,19,0,0.6227272727272727,102.3,0.007089999999999974,232.3,0.008630000000000004
vgg16,0.8875,10,19,0,0.7045454545454545,100.3,0.006809999999999983,230.3,0.008350000000000014
vgg16,0.8875,10,19,0,0.7863636363636363,98.2,0.006759999999999977,228.2,0.008300000000000007
vgg16,0.8875,10,19,0,0.868181818181818,96.4,0.0070399999999999794,226.4,0.00858000000000001
vgg16,0.8875,10,19,0,0.95,86.4,0.00612999999999998,216.4,0.00767000000000001
