0,2.187674247395352,0.16158,1.973088995218277,24.55
1,1.8927116488556728,0.27152,1.8888017964363097,30.73
2,1.675649939595586,0.36266,1.4860024464130401,43.54
3,1.5085099505646455,0.4373,1.5134538674354554,43.41
4,1.3837746543347682,0.49432,1.3836447310447693,48.49
5,1.2827000584443817,0.53536,1.2256561768054963,56.67
6,1.178535197854347,0.5787,1.0941027045249938,60.39
7,1.0927093878121632,0.61024,1.0376115012168885,63.61
8,1.021469432527147,0.641,0.9798816055059433,65.92
9,0.9556686841618375,0.66378,0.9834083145856858,65.28
10,0.900434711857525,0.6825,0.9568959909677506,66.27
11,0.8510183371851207,0.70424,0.8270720714330673,71.74
12,0.8043285076270628,0.72152,0.8918327176570893,69.2
13,0.7634925929176838,0.73488,0.7664996993541717,72.58
14,0.731714838758454,0.74454,0.7517236602306366,74.45
15,0.6990240798581897,0.75752,0.7752986639738083,72.94
16,0.6715023893377056,0.76582,0.8186657357215882,72.09
17,0.6480031042452663,0.77812,0.743775660097599,75.39
18,0.6171397110995125,0.78412,0.6976333436369896,75.98
19,0.5969284110514405,0.79246,0.6379324561357498,77.99
20,0.5753690324476003,0.80134,0.6196965873241425,78.8
21,0.5550488714519364,0.8068,0.6379496997594833,78.02
22,0.543896702092017,0.81096,0.6547905135154725,78.1
23,0.5214099302468702,0.82128,0.6580902248620987,78.16
24,0.5100237248498766,0.82414,0.6985706257820129,76.57
25,0.49308538444511724,0.83076,0.6735782158374787,77.41
26,0.48114742898880064,0.83236,0.6104749083518982,79.26
27,0.46897236160610034,0.83674,0.5962205258011818,80.24
28,0.4495944214598907,0.84392,0.6080831423401832,79.27
29,0.43994590472382356,0.84692,0.7120166066288948,76.61
30,0.4232332354692547,0.85322,0.5960065120458603,80.47
31,0.4149965092425456,0.85676,0.6894009044766426,77.43
32,0.4031004134346457,0.85926,0.6441204088926316,79.33
33,0.39564883575567505,0.8634,0.6182112687826157,80.29
34,0.38175961539111175,0.86666,0.5931397068500519,80.53
35,0.3707462474513237,0.87044,0.6204586383700371,80.4
36,0.3664367469527837,0.87122,0.6742703399062157,79.26
37,0.3570448989453523,0.87462,0.6642079493403434,79.26
38,0.34059030343504515,0.88188,0.6250260257720948,80.7
39,0.3407880123466482,0.8805,0.6000934171676636,81.25
40,0.332490056791269,0.88414,0.5937813526391983,81.41
41,0.31949413893625256,0.88856,0.5765961623191833,82.19
42,0.3091750651445535,0.89254,0.617474003136158,81.47
43,0.30369763194447585,0.89442,0.6370969861745834,80.79
44,0.2926706882465221,0.89704,0.6096298891305924,81.7
45,0.28835278818064636,0.89916,0.6147529849410057,81.74
46,0.27528707105714034,0.90418,0.6938529521226883,80.38
47,0.281968774335921,0.90138,0.63532659471035,81.33
48,0.2693595336678693,0.90536,0.6213257685303688,82.35
49,0.267792833354467,0.90608,0.6287911841273308,81.57
50,0.2593873592136461,0.90902,0.6140631273388862,81.74
51,0.2504158712866361,0.91138,0.647508490383625,81.21
52,0.24621529760949143,0.91268,0.6224256411194802,82.6
53,0.241130455242246,0.91486,0.636756288409233,81.77
54,0.23297366619948537,0.91678,0.6122590374946594,82.14
55,0.23074799055790962,0.9182,0.6005531096458435,82.75
56,0.22200977337329894,0.92168,0.6489206272363662,81.71
57,0.2250929802008297,0.9192,0.6359618806838989,82.17
58,0.21311717867241492,0.92376,0.6403219366073608,82.41
59,0.21537730747552783,0.92374,0.6203132879734039,82.48
60,0.2052865379949665,0.92814,0.6232288324832916,82.52
61,0.20153243500558313,0.92902,0.663000014424324,82.38
62,0.19359020434339028,0.93234,0.6651520308852196,82.45
63,0.19459300951274763,0.93188,0.7001280903816223,81.77
64,0.18805480825588528,0.93364,0.7159679704904556,82.01
65,0.18517188421067068,0.93406,0.6517880526185036,82.53
66,0.17975565726342407,0.93696,0.6584461373090744,82.59
67,0.17813502485528016,0.93674,0.7151499143242837,80.4
68,0.17640144964846807,0.93848,0.6556309545040131,82.38
69,0.17155284201130844,0.93974,0.7016827023029327,82.13
70,0.16493354262331564,0.94248,0.7971867600083351,79.85
71,0.16404884742082232,0.94212,0.6462436264753342,82.89
72,0.16212847535415073,0.94334,0.7007723179459572,82.28
73,0.15566021879501354,0.94566,0.6831222265958786,82.78
74,0.15533731110832272,0.94572,0.7028199720382691,82.19
75,0.15332742563217802,0.94542,0.6478630632162095,82.98
76,0.14682731994658785,0.9484,0.6934249943494797,82.75
77,0.1471403248970161,0.94778,0.7815898978710174,81.27
78,0.14343182161412277,0.94928,0.6874391135573387,83.08
79,0.1385605249010846,0.95038,0.6996945944428444,82.55
80,0.13523200085705808,0.9517,0.7130992555618286,82.67
81,0.1364134205290881,0.95234,0.6990179052948952,82.83
82,0.1293861340645634,0.95476,0.7497767946124076,81.73
83,0.13279411332953311,0.95322,0.685511314868927,83.12
84,0.1283277022983412,0.95526,0.6833801114559174,82.68
85,0.12341663831144647,0.95708,0.7280348727107048,81.96
86,0.12553885169422535,0.95612,0.7309602984786033,82.8
87,0.12206469375230468,0.9572,0.7084076875448226,83.26
88,0.11570560120408187,0.96012,0.7058321580290794,83.38
89,0.12446163555659602,0.95594,0.7408551543951034,82.35
90,0.11201748093756873,0.95988,0.7399048218131066,82.58
91,0.11346378795745428,0.96084,0.7274452206492424,82.94
92,0.11395382544840388,0.96062,0.7552874714136124,82.62
93,0.11003396535277976,0.96138,0.7216278436779976,83.09
94,0.10971572892764188,0.96108,0.7264229071140289,83.29
95,0.10749420332138801,0.96222,0.7993378412723541,82.56
96,0.10868096211567864,0.96178,0.7124276348948478,82.84
97,0.10287966848829823,0.96272,0.7107816168665886,83.53
98,0.1024118121284658,0.9646,0.7696164706349373,82.81
99,0.09818977432425523,0.96478,0.7895578953623772,82.77
100,0.10288468043288916,0.96368,0.7274338114261627,83.2
101,0.09539999995771271,0.96688,0.7733740192651749,83.15
102,0.09400300471983908,0.96742,0.7721264368295669,82.71
103,0.09815715846922392,0.9657,0.7343753796815872,83.72
104,0.09427985198357526,0.96664,0.7533081141114235,82.71
105,0.09010650854452949,0.9689,0.7604469987750053,83.54
106,0.09187890915081019,0.9671,0.756141659617424,83.64
107,0.09636929986612572,0.96666,0.7635402891039849,82.7
108,0.08651781986798625,0.96992,0.8100725162029266,83.0
109,0.08467205501902286,0.97064,0.7609359142184258,82.9
110,0.08389960622410182,0.97056,0.7746975374221802,83.21
111,0.08516741698831701,0.97,0.7640891075134277,82.98
112,0.08213623323003806,0.97122,0.7734853368997574,83.03
113,0.08269576632591617,0.97112,0.7846033492684364,82.93
114,0.08406515793917733,0.97052,0.8234593892097473,82.76
115,0.08210285845905771,0.97084,0.763040361404419,83.3
116,0.0782083764939052,0.97242,0.8447184932231903,82.44
117,0.08180338476339112,0.97126,0.7473220327496528,83.12
118,0.07688784897517975,0.97246,0.7653404957056046,83.49
119,0.07328041655766537,0.97432,0.8213597869873047,81.79
120,0.07550060496096263,0.97404,0.7714024165272713,83.55
121,0.0732578023353501,0.97472,0.8552012661099434,83.08
122,0.07481896104600728,0.97406,0.805048462152481,83.52
123,0.07120672120805592,0.97538,0.8098111233115196,83.01
124,0.07244787075559196,0.97512,0.8052069959044457,83.28
125,0.06853523399309276,0.97654,0.831668010354042,83.07
126,0.07235425639221126,0.97418,0.8157220086455346,83.35
127,0.06883552321292402,0.97592,0.9169743442535401,81.46
128,0.06775582516018082,0.977,0.8230429911613464,83.26
129,0.06690380441696595,0.97718,0.8276649847626686,83.49
130,0.06838921701911922,0.97664,0.8162855747342109,83.16
131,0.0680653410046683,0.97656,0.8709543493390083,82.85
132,0.06530253279030018,0.97752,0.8575566017627716,83.3
133,0.06158954876444071,0.97894,0.8148211985826492,83.48
134,0.061262961300780704,0.97926,0.880776449739933,82.51
135,0.06205088807665326,0.97874,0.8185323110222816,82.98
136,0.062115577385401174,0.97824,0.8372172433137893,83.71
137,0.0646107415370929,0.97776,0.7964481183886528,83.34
138,0.061659899037664806,0.97848,0.8736401861906051,83.15
139,0.06312210112810135,0.97786,0.8426099109649658,83.71
140,0.059992576889750904,0.97904,0.8335119634866714,83.28
141,0.05904541229424269,0.97978,0.8610394781827927,82.87
142,0.058491296232546994,0.97984,0.892010979950428,82.87
143,0.05906279920064427,0.97992,0.8432343816757202,83.04
144,0.057016815575759126,0.98004,0.8868663620948791,82.6
145,0.058004584987564466,0.98008,0.8798716592788697,83.19
146,0.058444816190415944,0.97994,0.8761065864562988,82.5
147,0.055664577390379305,0.98104,0.8745117232203483,83.1
148,0.053910262644519584,0.98118,0.8612643766403199,83.34
149,0.05476746071711221,0.98026,0.8867177748680115,83.14
150,0.05705291583486225,0.98054,0.8342352953553199,83.17
151,0.05387977341575848,0.98166,0.8351718008518219,83.47
152,0.052726661548247115,0.98108,0.9133278313279152,82.74
153,0.05330841137629831,0.98134,0.8290856727957725,83.15
154,0.05169241461912384,0.9818,0.8914385631680488,83.08
155,0.05254588494329806,0.98236,0.8536126160621643,83.16
156,0.05145817739731821,0.98274,0.8657947364449501,82.89
157,0.05044428175767822,0.98196,0.924647621512413,82.63
158,0.05022656811339318,0.98302,0.8701994585990905,83.21
159,0.05181657944989326,0.98268,0.8771743044257164,83.34
160,0.049395837937779435,0.98292,0.8891815394163132,82.93
161,0.04810460985107038,0.98254,0.9254873970150947,83.16
162,0.04919730100656867,0.98322,0.880371553003788,83.53
163,0.04560940277755565,0.98446,0.842368828356266,83.63
164,0.045513671787117446,0.98416,0.8368216180801391,83.35
165,0.04790731287701889,0.9829,0.8579649904370308,82.95
166,0.04547455940690949,0.98472,0.8744409546256066,83.66
167,0.047224091156326295,0.98396,0.8894016194343567,82.89
168,0.04610173399452968,0.98382,0.8529203924536705,83.68
169,0.045511454372378565,0.98434,0.927040365934372,82.81
170,0.044379024387663585,0.9853,0.8488857445120811,83.31
171,0.0477192445855845,0.98352,0.8387318739295005,83.22
172,0.04406984251015165,0.98454,0.8820923954248429,83.5
173,0.04045490100693977,0.9857,0.9283897531032562,83.45
174,0.04139495701016977,0.9853,0.8692911571264267,83.72
175,0.04503279902955608,0.98454,0.8652825546264649,83.5
176,0.04576642120547612,0.98496,0.9267902106046677,82.9
177,0.039072370647317,0.98632,0.930882541835308,83.57
178,0.04278912563400958,0.98546,0.9097145357728005,83.39
179,0.04249233280396675,0.98546,0.9369700342416764,83.21
180,0.04188077882780215,0.98588,0.8842318791151047,84.29
181,0.04148960796177692,0.98564,0.8929735943675041,83.63
182,0.03897370167476747,0.98644,0.9401319950819016,82.71
183,0.03970275432004801,0.98614,0.9099572542309761,83.53
184,0.039985136176600024,0.9864,0.8558800309896469,83.76
185,0.043341160206424305,0.98462,0.8764770892262459,83.26
186,0.03945311211059084,0.98672,0.8577677121758461,83.79
187,0.03695357992740162,0.98764,0.9226619079709053,83.43
188,0.03902620604247464,0.9867,0.886066437959671,83.25
189,0.04126230572514674,0.9864,0.8984113100171089,83.34
190,0.041447472046403325,0.98612,0.893729238808155,82.53
191,0.03690057445574752,0.98708,0.8833983007073403,83.92
192,0.03622635039965363,0.98798,0.9072330170869827,83.89
193,0.03735894510698745,0.9871,0.8824991562962532,83.75
194,0.03712554907669192,0.9874,0.8913647627830505,83.72
195,0.03840115006603396,0.98748,0.8596892234683037,83.82
196,0.03753759034568696,0.98726,0.923496507704258,83.44
197,0.03714522614579677,0.98704,0.8737629705667496,83.55
198,0.03686551419098664,0.98752,0.8633658242225647,83.63
199,0.03249985014226602,0.98892,0.9260878878831863,83.5
200,0.03881736423420098,0.9872,0.8951987066864967,83.4
201,0.037368920257748545,0.98686,0.9375740307569503,83.57
202,0.035578594675830674,0.98788,0.9258639907836914,83.88
203,0.03336519981398607,0.98876,0.9122240677475929,83.58
204,0.0379987264676091,0.9872,0.8633655387163163,83.72
205,0.03075441376060781,0.98916,0.9211740282177925,83.53
206,0.03432459729816526,0.98824,0.926686635017395,83.57
207,0.035341202555333864,0.98814,0.9764295309782028,82.28
208,0.03226592395540394,0.9888,0.9754070037603378,83.12
209,0.03421399950066491,0.9884,0.9493698713183403,83.27
210,0.036800381053439184,0.98694,0.9193362042307853,83.04
211,0.03318538569638034,0.98804,0.9851961994171142,83.3
212,0.032740500291137745,0.9886,0.9230150237679482,83.73
213,0.034376568963651155,0.98806,0.930650919675827,83.64
214,0.03476702389986162,0.98814,0.8978376242518425,83.71
215,0.02965592019155126,0.99044,0.9661529666185379,83.21
216,0.032650944431457676,0.9889,0.9668766206502915,83.73
217,0.03303675661744821,0.98936,0.9418827611207962,83.15
218,0.032638026834906214,0.98918,0.908501363992691,83.36
219,0.030502887452235613,0.98954,0.9098753982782364,83.72
220,0.03153084321400089,0.98912,0.9139918485283851,83.66
221,0.032958147480436,0.98916,0.9170036691427231,83.46
222,0.029985663676967898,0.98954,0.9276239341497421,83.7
223,0.032848518970601086,0.989,0.9086524403095245,83.94
224,0.03111277184332423,0.98926,0.9119714492559433,83.76
225,0.028342812176784287,0.99026,1.0080797308683396,83.71
226,0.033712656149054734,0.98842,0.9590897011756897,83.27
227,0.03352662751360622,0.98838,0.8943215763568878,83.55
228,0.027252992207798962,0.99084,0.9564824432134629,83.47
229,0.028153771058182276,0.9909,0.9509031444787979,83.56
230,0.031205375142909986,0.98904,0.9736665591597558,83.35
231,0.03149689176141301,0.98928,0.9394304022192955,83.44
232,0.029366549803837277,0.98968,0.9277547067403793,83.66
233,0.028009437615304347,0.9905,0.9547876653075218,83.31
234,0.030214561272145765,0.98966,0.9002103853225708,83.82
235,0.025938400007841533,0.9907,1.0288241904973985,83.54
236,0.0307638425156093,0.98936,0.9251972538232803,83.43
237,0.02693428102013705,0.9908,0.9183919313549995,84.06
238,0.026156275592687184,0.99126,0.9786418145895004,83.72
239,0.030075106029029543,0.99018,0.9380835235118866,83.99
240,0.029725417242292555,0.98988,0.9514026057720184,83.86
241,0.02550827266405458,0.99144,0.9835273760557175,83.7
242,0.026511032110475518,0.99112,0.9976809594035149,83.58
243,0.027161083400935468,0.99098,0.9720956215262413,83.94
244,0.028078752124439114,0.98988,1.0066861343383788,83.98
245,0.029170686136121334,0.99016,0.903419224023819,83.8
246,0.026748699490981333,0.99062,0.9448947414755822,83.74
247,0.026667733202733652,0.99086,0.980604643523693,83.93
248,0.02440461799349931,0.9915,1.001066516637802,83.73
249,0.02934062590970255,0.98994,0.9245195728540421,84.07
250,0.02634524444565939,0.99116,0.9737746074795723,83.5
251,0.027048569744276572,0.99068,0.9561134168505668,84.05
252,0.026893149336080644,0.99122,0.9440469855070114,84.1
253,0.026418038060331283,0.99094,0.9339327305555344,83.98
254,0.02823659054020329,0.99062,0.8919078093767167,84.13
255,0.02612005190833298,0.99082,0.9477231970429421,83.74
256,0.02558583578617667,0.99126,0.9559605696797371,83.88
257,0.026701472001745725,0.99074,0.9264499735832215,83.99
258,0.02733349070295958,0.9907,0.939669126868248,83.51
259,0.02565218914119179,0.99084,0.9597920650243759,83.91
260,0.025771507331172522,0.9913,0.9431289181113243,83.76
261,0.025677939772110463,0.99136,0.9310136160254479,83.84
262,0.024488036232569333,0.99132,0.9650186666846275,83.68
263,0.02276532462490794,0.99196,0.987144052684307,83.65
264,0.025225413303412592,0.99136,0.9657990312576294,83.77
265,0.024930106228231774,0.99154,0.9640393978357316,83.61
266,0.025017108638411212,0.99166,0.9454940047860145,83.96
267,0.02268338517840866,0.99252,1.0103416165709496,83.21
268,0.025946788451708187,0.99134,0.9663890099525452,83.13
269,0.025088373671674057,0.99134,0.9607863721251487,84.26
270,0.02680577697885006,0.9911,0.9027069395780564,83.91
271,0.020263873210386432,0.99344,0.998978009223938,83.78
272,0.02565907590362765,0.99174,0.9543611088395119,83.67
273,0.02289590760684379,0.99252,0.9414947181940079,83.77
274,0.024318247704821473,0.99146,0.9172474697232247,83.77
275,0.019909668485145738,0.99312,0.9963978478312492,83.52
276,0.024337186247034147,0.99192,0.986584115922451,83.48
277,0.025748554631457914,0.99112,0.9882591038942337,83.23
278,0.021511390238352444,0.9926,1.0117679473757744,83.57
279,0.025551415865531054,0.9914,0.9318648362159729,83.36
280,0.023089310964164528,0.99202,0.9569848528504372,83.86
281,0.020900640369909802,0.99324,0.961227474808693,83.59
282,0.024717518564342233,0.99162,0.9808497899770736,83.61
283,0.022243558021876816,0.9929,0.966350807249546,83.94
284,0.02162898621995888,0.99234,0.9446213892102242,84.15
285,0.02376334164815638,0.99162,0.97914735019207,83.29
286,0.021830598864218464,0.99272,0.938933464884758,84.0
287,0.02146322268973607,0.99314,0.9429987859725952,83.94
288,0.018571714358523374,0.99364,1.0078126445412636,83.74
289,0.023264036143479674,0.99228,0.9894168627262115,83.83
290,0.024118220805169066,0.99198,0.9626818463206291,83.35
291,0.0227584471101956,0.99218,0.9398479431867599,84.16
292,0.020825417437221463,0.99322,1.0212972837686538,83.86
293,0.023750783094321676,0.99264,1.0056852504611016,83.46
294,0.02246911689410429,0.99266,0.9658894082903862,83.92
295,0.02195598873431268,0.9925,0.9501005265116692,84.08
296,0.019100818644894664,0.99316,0.9990675693750382,83.59
297,0.020250974782763997,0.99332,0.9550024104118348,84.15
298,0.020972554531434307,0.99318,0.9829280433058739,84.03
299,0.021861215376907297,0.99258,1.0475499865412712,83.31
300,0.02259490188792386,0.99214,0.9459390944242477,83.62
301,0.01962090414160353,0.99306,1.030806578397751,83.79
302,0.023281901715147067,0.99222,0.961010815501213,83.71
303,0.017806088989255165,0.99376,1.0224384880065918,83.75
304,0.022719950755805615,0.9928,0.9458831372857094,83.78
305,0.019407468897950315,0.9936,0.9812844201922417,83.89
306,0.021074831444065054,0.99272,0.9910772442817688,83.69
307,0.02152924336102384,0.99274,0.9871085184812546,83.62
308,0.022810697398336646,0.99248,0.9184438982605934,84.14
309,0.01870402574296231,0.99372,0.9736457619071007,84.02
310,0.021802102291808866,0.9929,0.9524185791611671,83.48
311,0.021260770518913903,0.9927,0.9931223484873771,83.66
312,0.019246438651552896,0.99344,1.0401042088866235,83.19
313,0.021263299698052962,0.99316,0.9643636235594749,83.82
314,0.01694757265307943,0.99424,0.9960024014115334,84.07
315,0.01922777120281211,0.99344,1.0250179427862167,84.0
316,0.019497208979666766,0.99314,1.0085485410690307,83.95
317,0.020433662722454123,0.99342,1.0049146166443825,83.93
318,0.018935023183527085,0.99392,1.0229726535081864,83.8
319,0.016979975340044712,0.99448,1.0248571646213531,83.82
320,0.020317534151513255,0.99346,0.9754107058048248,83.56
321,0.019000204434246777,0.99382,0.9746476289629936,83.79
322,0.019219521461697794,0.9933,0.989604457616806,83.96
323,0.01964747576433641,0.9937,0.9832201224565505,84.0
324,0.017726061127298628,0.99406,0.9841696864366531,83.89
325,0.020171024696067776,0.99358,0.96856660425663,83.71
326,0.018642817730205537,0.99368,0.9938644230365753,83.47
327,0.0176299114561523,0.99438,1.001987264752388,83.7
328,0.02025085925589056,0.99344,0.9827944833040237,84.07
329,0.016893160779534094,0.99436,1.0247588250041009,84.01
330,0.02040756785589487,0.99292,1.007573808133602,83.44
331,0.017570526327204218,0.99458,1.0192274194955826,83.67
332,0.018260594000063284,0.99378,1.0439551249146461,83.08
333,0.018293472676826142,0.9932,1.015118674337864,84.01
334,0.01842619985332498,0.99324,0.9810448026657105,84.14
335,0.018811251982436765,0.99372,0.9562343257665634,83.75
336,0.01609489231196511,0.99462,0.9910427927970886,84.04
337,0.017298479223876354,0.99438,0.9925619634985924,84.33
338,0.019931390284277175,0.99354,1.0175476104021073,83.69
339,0.017613504232619617,0.99436,1.036166054904461,84.18
340,0.016550210807139,0.9944,1.0461808747053147,83.76
341,0.01715913021286754,0.99456,1.0234579250216485,84.21
342,0.01790716008895346,0.99398,0.9758368784189224,83.91
343,0.016374997180098157,0.99438,0.9813770163059234,84.3
344,0.016264341957390765,0.99436,0.9723492869734764,83.97
345,0.015513697943990797,0.99474,1.0975964573025703,82.63
346,0.017238540029453346,0.99404,1.0370687383413315,83.65
347,0.018674703514979928,0.99346,1.01887297809124,83.7
348,0.017391596280057414,0.99426,1.054845418035984,83.81
349,0.020286068629921244,0.99298,1.0276094922423362,83.87
350,0.016938768508260513,0.99424,1.0184163573384284,84.09
351,0.014632072628420941,0.99536,1.0261600267887117,84.07
352,0.018138331675972275,0.99364,1.0204069674015046,84.17
353,0.015862859455068285,0.99492,0.9797354355454445,84.05
354,0.01723937554787511,0.99436,0.9995508575439453,83.99
355,0.018399785770594007,0.994,0.9885832390189171,83.88
356,0.015402380980865653,0.99474,1.0150577861070633,84.21
357,0.015880806274507244,0.99434,1.019511947929859,84.12
358,0.01751045430617412,0.99384,1.0792975094914437,83.51
359,0.017566214584747847,0.99418,0.9952953234314919,84.05
360,0.017525318452654898,0.9941,0.985779596567154,83.71
361,0.015199889527539106,0.99492,1.0675156185030936,84.32
362,0.01993697692665136,0.99346,0.9402833792567253,83.66
363,0.017181911041288425,0.99398,0.9990106332302093,83.55
364,0.015387744791960568,0.9951,1.0311957767605782,84.2
365,0.015604576586609912,0.99502,1.053569964468479,83.63
366,0.01365286693015062,0.99556,1.0684603255987168,84.02
367,0.014891646822671528,0.99504,1.0937825831770898,83.76
368,0.016637089248250008,0.99416,1.0478260082006454,83.98
369,0.016355981902621896,0.99482,1.0066877788305282,84.15
370,0.01568229589849482,0.99494,1.035876245200634,83.33
371,0.016649986324293535,0.99458,1.005178070962429,83.86
372,0.015985115819498706,0.9949,1.03763791680336,83.51
373,0.01541822982470855,0.99472,1.014975225329399,83.77
374,0.0153464319999032,0.99538,1.0691891723871232,83.59
375,0.015982654779349143,0.99472,1.035386535525322,84.31
376,0.014984514247483153,0.99484,1.0800704655051232,83.59
377,0.017238691889221214,0.99416,1.0225298261642457,84.1
378,0.014357843805495126,0.99528,1.0939132714271544,83.44
379,0.017081449179888686,0.99438,1.0748711055517197,83.76
380,0.013925497589247,0.9951,1.093522824048996,83.99
381,0.016669776238253355,0.99434,1.032473295032978,83.97
382,0.014838563195397586,0.9949,1.004891127049923,83.97
383,0.015449088543196163,0.99476,1.0054991137981415,84.11
384,0.014635264054131325,0.99506,1.00667588442564,84.08
385,0.014548239451201867,0.9954,1.070946896970272,83.91
386,0.01584687881181231,0.99464,1.0387704947590828,83.97
387,0.01369987625975276,0.99536,1.0447283780574799,83.87
388,0.016477748890683683,0.99454,1.0297647297382355,84.12
389,0.01406161259869328,0.9953,1.0546834042668343,84.24
390,0.016163616311972214,0.9943,1.0211616057157515,83.99
391,0.014237879893964018,0.99526,1.054102377295494,84.01
392,0.015098897864103622,0.99564,1.0299364143610001,83.97
393,0.013753521058451184,0.99552,1.0897504234313964,83.66
394,0.015118656004719493,0.99452,1.052894740998745,83.62
395,0.015558282289739765,0.99498,1.047654390335083,83.93
396,0.014338725294722507,0.9952,1.0443545478582381,84.03
397,0.014347555434993466,0.99526,1.0615927076339722,83.83
398,0.01538593549629116,0.9947,1.0360626471042633,83.85
399,0.015820605175383865,0.99478,1.0273106241226195,83.67
