0,2.1956217968860248,0.26076,1.6902432346343994,38.41
1,1.5358671245672513,0.43776,1.7542994236946106,43.09
2,1.2669507708695844,0.5423,1.2623909157514572,57.72
3,1.036407360030562,0.63272,1.206820981502533,58.64
4,0.8498829885212051,0.70292,0.9151541143655777,69.27
5,0.7074949500505882,0.75516,0.800246077477932,73.62
6,0.6093294167762522,0.78926,0.6955275243520737,76.88
7,0.5365994844747626,0.81502,0.6295886412262917,78.92
8,0.4771502821341805,0.83378,0.565309587419033,80.77
9,0.4339635455623612,0.85012,0.7231498789787293,76.36
10,0.3932902993219893,0.86282,0.5546546092629433,81.78
11,0.35466305850564367,0.87642,0.48680150479078294,83.76
12,0.3275988741832621,0.88628,0.6283658991754055,82.35
13,0.29944349152733907,0.89506,0.5553173398971558,83.09
14,0.2775163193378607,0.90348,0.47521488040685655,85.17
15,0.2558745004027091,0.91146,0.5339888180792332,84.69
16,0.23731619717977237,0.9174,0.45774896547198296,86.0
17,0.21861020509925339,0.92452,0.40478810608386995,87.63
18,0.20353811207558492,0.93018,0.5244401846826077,84.55
19,0.19277577641446267,0.93288,0.41644487902522087,87.56
20,0.17446972210617626,0.93786,0.42512009873986245,87.38
21,0.16477723228161598,0.94196,0.5326945570111274,84.44
22,0.1547281880627203,0.9444,0.4415989769995213,87.33
23,0.14180563199703042,0.95088,0.4430417132377624,87.84
24,0.12948886357495548,0.95332,0.4439261941611767,87.93
25,0.12668662480152476,0.95438,0.5006833286583423,87.24
26,0.11968287128164336,0.95764,0.4329251313209534,87.92
27,0.11481781896499112,0.95928,0.4637491159141064,87.75
28,0.10234058360614436,0.96552,0.5410152307152748,86.98
29,0.09548244778724278,0.96638,0.406762458756566,89.2
30,0.0888049018276317,0.96922,0.3785332668572664,89.94
31,0.0923464387140768,0.96742,0.7813060316443443,82.82
32,0.08194908382051894,0.97062,0.5637153784930706,86.74
33,0.0792991705477009,0.97166,0.49519384041428566,88.71
34,0.07273521468214825,0.97422,0.41663394719362257,89.69
35,0.06741540820416435,0.97548,0.44000771179795267,89.65
36,0.06841014157456662,0.97628,0.41116783119738104,89.99
37,0.06298250543510975,0.97822,0.37754563450813294,90.92
38,0.05495445864260806,0.98056,0.5473702269792556,87.63
39,0.05636827812037047,0.97986,0.4991960284113884,88.9
40,0.05628426890829792,0.98016,0.432399620115757,90.5
41,0.05921849291628736,0.97928,0.5463126645982266,88.72
42,0.05100614549425404,0.9824,0.43585081834346057,90.27
43,0.04681156076433714,0.98356,0.4513266526162624,90.31
44,0.040340144782686785,0.98586,0.4905696749687195,89.99
45,0.04238670870966619,0.98444,0.4534070698916912,90.51
46,0.04000232826508677,0.98588,0.4522907119244337,90.52
47,0.03932792913464024,0.98632,0.4181682425737381,90.9
48,0.03507001919533743,0.98788,0.46744934633374213,90.92
49,0.03285800373596151,0.98858,0.5449420788884163,89.34
50,0.033664084037246605,0.9885,0.4581159257888794,90.88
51,0.03160966652424058,0.98942,0.4465057794004679,91.18
52,0.03108715811444213,0.98928,0.5759326933324337,88.75
53,0.032803898963057784,0.98834,0.44356606528162956,91.08
54,0.027928399917719615,0.99006,0.5087217415869236,90.66
55,0.030885969910322858,0.98964,0.4581033707410097,90.69
56,0.026804090943187475,0.99048,0.4560904661566019,91.12
57,0.027959336064603477,0.9899,0.49187283404171467,90.71
58,0.02658095005470926,0.99048,0.43461577996611594,91.17
59,0.02960439035526055,0.98982,0.41055314414203165,91.42
60,0.024228608245244417,0.99156,0.44758964657783507,91.7
61,0.02257223747422933,0.9923,0.4411240468174219,91.49
62,0.019655603167536617,0.99344,0.47885299257934094,91.14
63,0.021356852510777277,0.99228,0.494203666895628,90.75
64,0.023862383797612338,0.99118,0.49991860322654247,91.61
65,0.019265285666908143,0.9934,0.5461003674566746,90.1
66,0.023528866722341387,0.9918,0.43717154998332264,91.71
67,0.01847726222880356,0.99372,0.5001619300246238,90.78
68,0.021357211605895817,0.9928,33321.24528320313,41.53
69,0.03420456404061726,0.98772,0.5109698267281055,90.17
70,0.020252842041651915,0.99332,0.4920079644024372,91.33
71,0.0190526828422304,0.99384,0.4907085431367159,91.33
72,0.015617356514153273,0.99452,0.4964802165329456,91.16
73,0.014681360024549162,0.99484,0.5285152246430517,90.76
74,0.018707796269098815,0.99346,0.4802844961732626,91.36
75,0.016059946527940107,0.99428,0.4954554034024477,91.62
76,0.014180083428045063,0.99522,0.6263330832123757,89.61
77,0.015772633665107914,0.9947,0.48480902560055256,91.62
78,0.018888558501668293,0.9941,0.4832485180720687,91.45
79,0.014207660558793094,0.99516,0.4547178529202938,92.01
80,0.016176823345596527,0.99448,0.5178109700232745,90.96
81,0.014241640382181958,0.99516,0.47864891931414605,91.83
82,0.014752548311829872,0.99492,0.46942995198071,92.01
83,0.010587011296016252,0.9967,0.4671244952082634,91.93
84,0.01346477604163882,0.99504,0.5243125393567607,91.16
85,0.01436365024208108,0.99492,0.4880881541967392,91.66
86,0.008983381988142457,0.99688,0.5039422203600407,91.84
87,0.010500080267037682,0.99626,0.46814496837556363,92.29
88,0.014556367442135692,0.99482,0.5062717629224062,91.65
89,0.014118723600776508,0.99508,0.4677809151262045,92.0
90,0.009495561089738251,0.99688,0.5372959894686937,91.37
91,0.012064857344576897,0.99618,0.45240411259233954,92.24
92,0.005378863631326067,0.99842,0.42398416452109816,92.61
93,0.003723179650920368,0.99888,0.41982734359800816,92.8
94,0.002063700005107219,0.99944,0.41960547156631944,92.84
95,0.0017508315289227227,0.9996,0.42418707519769666,92.85
96,0.0014294280934899622,0.99976,0.4284788727015257,92.78
97,0.0013816665201221623,0.99966,0.42403054937720297,92.88
98,0.001304030725065514,0.99976,0.43320998549461365,92.79
99,0.001090112498061031,0.99974,0.4250648305565119,92.82
100,0.0012303183908196752,0.99972,0.4242970888316631,92.74
101,0.0010969959350679156,0.99976,0.4261725203692913,92.83
102,0.0011639545559692566,0.99978,0.42786092273890974,92.84
103,0.0014259751666994655,0.99964,0.42441570237278936,92.83
104,0.0011684236603805706,0.99972,0.426030300706625,92.93
105,0.0013934801797085689,0.99962,0.42679560981690884,92.86
106,0.0012381539169146352,0.9997,0.4303550908714533,92.76
107,0.0014880907220427718,0.99958,0.4244758752733469,92.86
108,0.0013680863670547448,0.99962,0.42702088922262194,92.85
109,0.0012283488974699278,0.99976,0.42390615336596965,92.86
110,0.0011377013286205289,0.99974,0.4269387426972389,92.81
111,0.0013323927073694212,0.99962,0.42427525363862517,92.8
112,0.0013062992668978614,0.9998,0.43029222458600996,92.96
113,0.001177332125386209,0.99966,0.42574846304953096,92.86
114,0.0014061682250263178,0.9996,0.4229742828011513,92.85
115,0.0011412230598808165,0.99968,0.43010913610458373,92.83
116,0.0013167348454485748,0.99972,0.4313719929754734,92.83
117,0.0012675563468659758,0.99974,0.4270513470470905,92.88
118,0.0013832343794578743,0.99966,0.4258285860717297,92.92
119,0.0015440139493159474,0.99966,0.42607897348701956,92.95
120,0.0012633481403560285,0.99972,0.4247741458564997,92.88
121,0.0010302785317749356,0.99978,0.42490931645035745,92.88
122,0.0012827559881617345,0.99966,0.4273104236274958,92.79
123,0.001355197983752231,0.99978,0.4279283092916012,92.79
124,0.0012013811284326055,0.99976,0.4203179129213095,92.8
125,0.0013023150298828402,0.99966,0.4286374405026436,92.86
126,0.0011459914735182548,0.9997,0.4228187063336372,92.87
127,0.00149612094048182,0.9995,0.423705383092165,92.88
128,0.0009486432175312484,0.9999,0.4270400806516409,92.91
129,0.00132801258922233,0.99968,0.43115813434123995,92.72
130,0.001163887167724607,0.99976,0.4258657223731279,92.77
131,0.001166372035472321,0.99976,0.427871226593852,92.88
132,0.001369413318317336,0.99966,0.42953533343970773,92.81
133,0.001334610968222157,0.99948,0.42640735790133477,92.84
134,0.0012223321935245315,0.99974,0.42460562869906426,92.82
135,0.0012472561691612865,0.99966,0.4302678219974041,92.79
136,0.00111269887604946,0.99966,0.423789779022336,92.95
137,0.0012301320405563821,0.9998,0.425532059147954,92.86
138,0.001018363580381905,0.9998,0.4251693048328161,92.94
139,0.0013437949730169094,0.99966,0.4200526891648769,92.81
140,0.0011716163219430585,0.9997,0.4293319062143564,92.83
141,0.0014290636162469497,0.9996,0.4275429917871952,92.88
142,0.0012657545488196737,0.99966,0.4276461608707905,92.82
143,0.0011247010982554891,0.99976,0.4286641413718462,92.78
144,0.0013553363112065837,0.99966,0.42879512183368207,92.82
145,0.0015208716130615367,0.99956,0.4304165247827768,92.91
146,0.0012585901619491043,0.99964,0.42308273904025556,92.93
147,0.0012114176206895724,0.99986,0.4269856378436089,92.88
148,0.0012215214826570362,0.9997,0.4233862081170082,92.88
149,0.001199001411121646,0.99972,0.4244861453771591,92.87
150,0.0012250108772914384,0.99968,0.42210247851908206,92.95
151,0.001117410160133096,0.99976,0.4257437995076179,92.96
152,0.0012737535302142571,0.99966,0.4253141361474991,92.91
153,0.0011498190271962895,0.99974,0.425219202786684,92.9
154,0.0012208764148635498,0.99976,0.42244471415877344,92.9
155,0.0014867589906807227,0.9996,0.42685258723795416,92.88
156,0.0012323572583969379,0.99964,0.43224343962967393,92.83
157,0.0012389155357237667,0.99972,0.42235578790307043,92.92
158,0.001016926008948858,0.99984,0.4266992477327585,92.9
159,0.00123763538684453,0.99966,0.42983513049781324,92.77
160,0.0011704514798162805,0.99972,0.42853245563805104,92.73
161,0.0012480653858150516,0.9997,0.4260622823983431,92.85
162,0.0011752158708354134,0.99974,0.4300122308731079,92.89
163,0.0013054212414757218,0.99956,0.4245126460492611,92.85
164,0.0012922082677670537,0.99974,0.4265894689410925,92.71
165,0.0015353671091375277,0.99958,0.4211033520847559,92.93
166,0.001036362443387251,0.9998,0.421871674656868,92.91
167,0.0009951557973632739,0.9998,0.42638520084321496,92.87
168,0.0011548760640041908,0.99974,0.42103860720992087,92.85
169,0.0013925071453343354,0.99966,0.4257322489470243,92.81
170,0.001097881348080584,0.99974,0.42636916920542717,92.96
171,0.0013045109503264146,0.99964,0.42589450053870676,92.86
172,0.001243491583239392,0.99972,0.42900250293314457,92.88
173,0.0013360378039611355,0.99966,0.4299754852801561,92.82
174,0.001306303390449144,0.99964,0.42888074725866315,92.86
175,0.001309734608387322,0.9997,0.4258404890447855,92.9
176,0.001179339235548473,0.9997,0.42696369528770445,92.91
177,0.0012418105769569,0.9997,0.4276392316818237,92.82
178,0.0012351730786034833,0.99968,0.4290240881592035,92.85
179,0.001562323419341777,0.99962,0.4275983303785324,92.88
180,0.001333424603328933,0.99968,0.4263830866664648,92.85
181,0.0011417927405656413,0.9997,0.4253411938995123,92.93
182,0.001053649246159112,0.99982,0.4296630035340786,92.82
183,0.001364038234738552,0.99958,0.4234495157003403,92.79
184,0.0013019962612476409,0.99968,0.42487007223069667,92.91
185,0.0011911123609983142,0.99976,0.42243898555636406,92.91
186,0.0015376927203062892,0.99968,0.4245573225617409,92.92
187,0.0013509073639776834,0.9997,0.4257130791246891,92.91
188,0.0013178778256115783,0.99968,0.4272875216603279,92.84
189,0.0012328782043827082,0.99974,0.42897097289562225,92.75
190,0.0013917489715701784,0.99976,0.424217521622777,92.94
191,0.001378430206982313,0.99966,0.42693488374352456,92.95
192,0.0014846583070886104,0.99966,0.4304537355154753,92.78
193,0.0013829365849335347,0.99964,0.4253068608045578,92.97
194,0.001520995286476734,0.99954,0.428879854157567,92.95
195,0.0010966812519480468,0.99972,0.42752436734735966,92.78
196,0.0010335214283538248,0.99978,0.4201325760036707,92.82
197,0.0010926159124945284,0.99974,0.424360916018486,92.97
198,0.001181137020615718,0.9997,0.4268182216584682,92.83
199,0.0012810034786804776,0.99972,0.4284002501517534,92.76
200,0.0015453823968348906,0.99956,0.4283044634014368,92.83
201,0.0012970849099900106,0.99964,0.42979198426008225,92.84
202,0.0014281304766926581,0.99956,0.42461884588003157,92.87
203,0.0011859778705609204,0.99976,0.4231759861111641,92.87
204,0.0014776377269523004,0.99956,0.4284081260114908,92.76
205,0.0013446391826909979,0.99976,0.4266942337155342,92.92
206,0.0011471823462859139,0.99978,0.42649232141673565,92.86
207,0.0012039791116320653,0.99974,0.42722081184387206,92.79
208,0.001343075859617121,0.99956,0.4265174766257405,92.74
209,0.001307447020293754,0.99964,0.4317549077048898,92.77
210,0.0010612638462308074,0.99976,0.42909707091748717,92.89
211,0.0013451149339450922,0.9997,0.4202883757650852,92.83
212,0.001560517636787556,0.99956,0.4272207922488451,92.82
213,0.0011774375310490417,0.9998,0.42723924823105336,92.82
214,0.001343355249718327,0.9997,0.4282380632311106,92.88
215,0.001517754253901421,0.9997,0.4243993744254112,92.95
216,0.0013040185145571676,0.99962,0.42587677836418153,92.88
217,0.00147167143347437,0.9996,0.4230100253224373,92.94
218,0.0012560159353839466,0.99974,0.4262143651396036,92.89
219,0.0015807436078844462,0.99964,0.4294902090728283,92.84
220,0.0012215200473394846,0.9997,0.42643123388290405,92.78
221,0.0011007207605983023,0.99976,0.42431919716298583,92.97
222,0.0011654304783515004,0.9997,0.42158076494932173,92.84
223,0.0016017499653880943,0.9996,0.4293251749128103,92.8
224,0.0012898015568022143,0.99966,0.4251594977080822,92.88
225,0.001170784945774209,0.99972,0.4230427249521017,92.91
226,0.0010732692430618213,0.99978,0.4254948602616787,92.84
227,0.0012380063724037155,0.99964,0.4248914226144552,92.88
228,0.0013609466135806744,0.99964,0.42305857487022874,92.89
229,0.0013872179476058354,0.99966,0.4287076897919178,92.93
230,0.0012884670082489243,0.99972,0.4223350729048252,92.87
231,0.0013032957644718687,0.99972,0.426742078140378,92.88
232,0.0011206961634671292,0.99982,0.4268389976769686,92.85
233,0.0013414776996117505,0.99964,0.42366137109696866,92.85
234,0.0014848603159570328,0.99952,0.42505014389753343,92.9
235,0.0011227016996406495,0.99978,0.4304700334370136,92.77
236,0.0015661255039674852,0.99956,0.42892735853791236,92.8
237,0.0013681982427186695,0.99958,0.4256385809183121,92.89
238,0.0015584381835465498,0.99948,0.4255301924049854,92.75
239,0.0012662124203290561,0.99968,0.4261421608179808,92.9
240,0.0012025243830164451,0.99974,0.4278890861570835,92.77
241,0.0013572231391825906,0.99954,0.42598747603595255,92.84
242,0.0013342374730902864,0.99976,0.4228943103551865,92.96
243,0.0014633496048981729,0.99956,0.42759162992238997,92.89
244,0.001254308145599003,0.9997,0.43050706051290033,92.9
245,0.0009337862015075391,0.99984,0.42785199627280235,92.97
246,0.0013871591224375627,0.9997,0.43091748006641867,92.83
247,0.0013889480315436445,0.99968,0.42480940774083137,92.87
248,0.0014173355381673827,0.9997,0.426887042671442,92.76
249,0.0014011473263925908,0.99966,0.4306505241245031,92.8
250,0.0012705742189174762,0.99968,0.4245824033021927,92.92
251,0.001708350216230268,0.9995,0.4255301774293184,92.93
252,0.0013740785858210396,0.99962,0.43041850335896015,92.79
253,0.001063738050653249,0.9998,0.4266157132387161,92.8
254,0.0013337936776373393,0.99964,0.4230472621321678,92.84
255,0.0014497845507640144,0.99968,0.4302228057384491,92.9
256,0.0013677976549119743,0.99966,0.42403720766305925,92.86
257,0.0011747980171115176,0.99976,0.42453366696834566,92.88
258,0.0012680926595997931,0.99974,0.4255125120282173,92.92
259,0.0010761238138555832,0.99978,0.42643540367484095,92.9
260,0.001222470229196236,0.99968,0.4342518263310194,92.9
261,0.0015557387048322612,0.99956,0.42950539357960227,92.83
262,0.0011783576053653576,0.99976,0.42452368840575216,92.99
263,0.0013540335094986145,0.99968,0.42958637669682503,92.89
264,0.001415385932801083,0.99966,0.4258733712136745,92.82
265,0.001123061600855276,0.99976,0.42966669544577596,92.9
266,0.001210255356912818,0.99976,0.42295884668827055,92.89
267,0.0013191562665202429,0.99966,0.4255598908662796,92.79
268,0.0009493239528877372,0.99988,0.4231342525780201,92.94
269,0.0011715240033460742,0.99978,0.42347068183124065,92.86
270,0.0012971321525781052,0.9997,0.4224940551072359,92.86
271,0.0013708913436188074,0.9996,0.42400611847639086,92.86
272,0.0012114614401908252,0.99974,0.42240143671631813,92.81
273,0.0011638374622899902,0.99974,0.4265898363292217,92.78
274,0.0014803121176064776,0.99966,0.4228603445738554,92.82
275,0.0011841006767715726,0.99968,0.4322507334500551,92.84
276,0.001355125509259646,0.99966,0.42826806992292404,92.81
277,0.0013609780489368534,0.99974,0.43374461159110067,92.82
278,0.0012812505902238952,0.99966,0.43285559721291067,92.88
279,0.0011990544283637524,0.99976,0.4278492303937674,92.83
280,0.001355049021713569,0.9997,0.42731773912906645,92.76
281,0.0013017643215087102,0.99954,0.4240178219974041,92.81
282,0.0011627030398999162,0.99974,0.4288496751338243,92.86
283,0.0014688850745506337,0.99964,0.4285634538531303,92.79
284,0.0010621894046466541,0.99976,0.43268604300916197,92.87
285,0.0011072624903505721,0.99978,0.4230373247712851,92.89
286,0.0010955990561212073,0.99972,0.4269835341721773,93.01
287,0.0012452650619932757,0.99974,0.42682959236204626,92.88
288,0.0012698769569396973,0.99972,0.427262961268425,92.8
289,0.0012877694387084153,0.99974,0.4251098603010178,92.75
290,0.0012592841978305463,0.99974,0.42333400636911395,92.88
291,0.0012830415688281822,0.99972,0.42251038022339343,92.81
292,0.001408842794806756,0.99976,0.4236942745000124,92.96
293,0.0016135027607702805,0.99954,0.43065628461539746,92.89
294,0.001228979026066268,0.9997,0.42585406728088854,92.93
295,0.0014262313580425108,0.99962,0.4237089865654707,92.91
296,0.001571709977082826,0.99956,0.4262224457040429,92.88
297,0.0012752329430464283,0.99958,0.42813285134732726,92.9
298,0.0011643358432423428,0.99972,0.42086446717381476,92.89
299,0.0013215915797768955,0.99974,0.4293689616024494,92.88
300,0.0014745424870941121,0.99958,0.4266262809932232,92.89
301,0.0012678972009540824,0.99972,0.4272444873303175,92.88
302,0.0012753678383329488,0.99964,0.42551827773451806,92.94
303,0.0010935061306352049,0.99974,0.42214267395436766,92.81
304,0.0012753455913947214,0.9997,0.425478198453784,92.78
305,0.0012650817842282298,0.9997,0.4265203818678856,92.89
306,0.001329203195812757,0.99962,0.4278913085907698,92.94
307,0.001377106806628949,0.99964,0.4263202191889286,92.86
308,0.0011943873523286713,0.99964,0.4264960937201977,92.87
309,0.0011629458964037736,0.99978,0.42703298598527906,92.77
310,0.0012512648194704366,0.99968,0.4241642513871193,92.88
311,0.0014196501344667456,0.99958,0.4213293985277414,92.91
312,0.00114630744278924,0.99964,0.42501838095486166,92.84
313,0.0012316757150928079,0.9997,0.4272028497606516,92.83
314,0.0013519214499560768,0.99968,0.43094331577420236,92.82
315,0.0010814896477476421,0.9998,0.43028409317135813,92.93
316,0.0010495915741878835,0.99976,0.42711206309497357,92.94
317,0.0011484670869643142,0.99972,0.4265406286716461,92.83
318,0.0015683762938775065,0.99946,0.42629593148827555,92.8
319,0.0014044898264395915,0.99966,0.427329540476203,92.89
320,0.001263053962931661,0.9997,0.4274291010946035,92.9
321,0.0009370554362342138,0.99984,0.42521930001676084,92.87
322,0.0012188614614050636,0.99976,0.42729248203337195,92.86
323,0.0014189982391081637,0.99958,0.42486122660338876,92.85
324,0.0012196386237810378,0.9996,0.4235631000250578,92.86
325,0.001033981639893054,0.9998,0.42702833786606786,92.86
326,0.001379820205273626,0.99962,0.42921367086470125,92.85
327,0.001565790557496399,0.9996,0.42831012412905695,92.82
328,0.0013919863230584528,0.99956,0.42831036269664763,92.8
329,0.0009778695986168507,0.9999,0.4271386159956455,92.76
330,0.0012585174206279867,0.99974,0.4257869839668274,92.92
331,0.0013906233848722848,0.99964,0.4237602796405554,92.82
332,0.0012414567112979833,0.99976,0.42988791190087794,92.78
333,0.001304624945192081,0.99966,0.42558248348534106,92.84
334,0.00153977536331967,0.99966,0.42479568749666213,92.87
335,0.0012624882847306503,0.99968,0.426643196195364,92.86
336,0.0012089874490600109,0.99972,0.4258458984643221,92.89
337,0.0013521473407132022,0.9996,0.4285578136146069,92.86
338,0.001253658723410057,0.9997,0.4328302166610956,92.75
339,0.0012574044015744457,0.99966,0.42674666196107863,92.9
340,0.0009781854460015893,0.99984,0.4260914952307939,92.86
341,0.0014287885573781643,0.99964,0.42583902783691885,92.89
342,0.0012592401020848157,0.99972,0.4236585311591625,92.81
343,0.0013627395414903013,0.99964,0.42858681656420233,92.89
344,0.0012812815349646713,0.99958,0.42773951947689054,92.8
345,0.0012273492496710776,0.9997,0.42390350729227066,92.87
346,0.0012718643259216585,0.99974,0.4285707749426365,92.85
347,0.001420800944285877,0.99956,0.43211709044873714,92.81
348,0.0012751641595112981,0.99968,0.42570584632456304,92.86
349,0.0013439019508076275,0.99964,0.43144413582980634,92.82
350,0.0013385020653688042,0.99972,0.4255622930824757,92.89
351,0.0011988411588437112,0.99976,0.42647000558674336,92.82
352,0.0011486662623217648,0.99974,0.4258589254319668,92.89
353,0.0013599064944120234,0.99962,0.4297053229808807,92.86
354,0.0011385067573288822,0.99968,0.42802198976278305,92.87
355,0.0015329112348806523,0.99966,0.42406464405357835,92.87
356,0.0013866882147196005,0.99962,0.42779945597052577,92.87
357,0.0013165455492412258,0.99962,0.4272071495652199,92.9
358,0.0011999365580586782,0.9997,0.4267347140982747,92.79
359,0.0014623570300000327,0.99964,0.4286818850785494,92.85
360,0.0013353261439239279,0.99978,0.4303934003412724,92.94
361,0.00147390644948976,0.99952,0.42407979898154735,92.91
362,0.0012925054049058317,0.99968,0.42145882174372673,92.93
363,0.0012366021628413201,0.99976,0.4255361786484718,92.89
364,0.0011820565537570993,0.99972,0.4220417422056198,92.76
365,0.0012941757202758204,0.99966,0.4252669420838356,92.96
366,0.0012863686265390548,0.99964,0.4222760275006294,92.79
367,0.0012193817102387214,0.9997,0.42714032392948864,92.81
368,0.001278992654765239,0.99972,0.42667375445365907,92.83
369,0.001087924207342923,0.99972,0.4266003932803869,92.83
370,0.0012811735005783694,0.99972,0.4250641995668411,92.77
371,0.0013074444343700357,0.9997,0.42029571153223516,92.9
372,0.0015594881760966405,0.99954,0.4309842579066753,92.85
373,0.0012381201386070617,0.99964,0.4256895101815462,92.85
374,0.0012371587659925451,0.9997,0.4282956762611866,92.81
375,0.0012765763742227554,0.99974,0.42874290883541105,92.77
376,0.0011662102207336622,0.99976,0.42713804326951504,92.77
377,0.0010049193277996739,0.99984,0.4246144787967205,92.93
378,0.001312422498938856,0.99974,0.4260875925421715,92.99
379,0.0013163314508202741,0.99964,0.4250241645425558,92.83
380,0.0013525542338489486,0.9997,0.42501351080834865,92.74
381,0.0013278605649545503,0.99968,0.42801041193306444,92.88
382,0.0011604836834666064,0.99978,0.4263076113909483,92.82
383,0.00166948350417205,0.99948,0.42522074818611144,92.94
384,0.0012309087092651453,0.99972,0.42636064819991587,92.92
385,0.0011594063885833907,0.9997,0.4295767518132925,92.85
386,0.0012161776490184678,0.99974,0.4296263514459133,92.86
387,0.0014560214088856936,0.99958,0.4276428771018982,92.9
388,0.0012352954015097655,0.99974,0.4292824500054121,92.83
389,0.0010881241725232509,0.99988,0.4279408869147301,92.88
390,0.0010643200648863993,0.99986,0.4264618747681379,92.88
391,0.001099638835005367,0.9998,0.42203350029885767,92.84
392,0.00128823572464878,0.99962,0.4265659634023905,92.9
393,0.0013123319125222161,0.99962,0.4291043493896723,92.81
394,0.0012208837634690888,0.99964,0.4226293037086725,92.91
395,0.001267868977830843,0.99968,0.41858078055083753,92.95
396,0.0011741041679672486,0.99976,0.42962828651070595,92.8
397,0.001242020638579803,0.9997,0.42331851527094844,92.82
398,0.0015551210612209294,0.99964,0.4292844171077013,92.82
399,0.0011326564928492034,0.99968,0.42178372785449025,93.01
