0,1.962132421295966,0.31244,1.568733456134796,44.06
1,1.3892640512617653,0.48796,1.6020021891593934,46.42
2,1.1152036127531926,0.60002,1.243893750309944,58.07
3,0.8814400181441051,0.68942,0.874015142917633,70.3
4,0.704470505723563,0.75284,0.8319725281000138,72.6
5,0.5888111701097025,0.79546,0.6138569062948227,79.52
6,0.9067470813956102,0.68184,0.8486016726493836,72.19
7,0.620713627094503,0.78714,0.9741751217842102,77.43
8,0.5254120086617482,0.81676,2.5692357087135314,76.05
9,0.46141015995493934,0.84148,1.435539273917675,81.08
10,0.4119123818014589,0.85654,0.598407441675663,80.6
11,0.3787536778489647,0.86936,0.575835430920124,83.79
12,0.34625461426994686,0.87886,1.2402091059088707,81.95
13,0.32024842481631455,0.8882,0.6734843903779983,82.15
14,0.291343044823088,0.89816,0.49554152131080625,85.34
15,0.27510103442327444,0.90388,0.7008033311367035,80.49
16,0.25657745044859476,0.9096,0.9759903514385223,86.3
17,0.23571449794504037,0.91778,0.6426188091933728,84.93
18,0.21671950609406546,0.92382,1.1636264638602734,86.11
19,0.203012327556415,0.9296,0.4528265109658241,86.4
20,0.18494203623832034,0.93526,0.43590927571058274,86.29
21,0.1720548193530201,0.93864,0.5007761284708977,85.32
22,0.16482990323696906,0.94208,0.4109018163383007,87.55
23,0.15233259747171646,0.94504,0.4411217856407166,87.33
24,0.14204917632786515,0.95034,0.394315908998251,88.76
25,0.13196204888546254,0.9535,0.4111537745594978,88.8
26,0.12222348417505584,0.95562,0.4477145071327686,87.77
27,0.10948248230435355,0.96138,0.48004489541053774,87.84
28,0.10828998442405782,0.96178,0.3976558998972177,89.42
29,0.10227983508287641,0.96304,0.649793968051672,84.59
30,0.09326610084423019,0.96728,0.4857505342364311,87.59
31,0.08799513424639507,0.96938,0.5054242153465748,87.92
32,0.08281849814421685,0.9704,0.43442565873265265,89.43
33,0.07916618998893692,0.97222,0.4707935860753059,88.89
34,0.07344476854824045,0.97408,0.5850366297364235,87.41
35,0.07199613545137598,0.97422,0.444544470384717,89.31
36,0.06852530041599975,0.97572,0.47104240506887435,89.21
37,0.06507442574328778,0.97648,0.6183017079532146,86.54
38,0.05747756922660429,0.97932,0.5368601031601429,87.92
39,0.06178692690170635,0.97774,0.4264316469430923,90.19
40,0.054389494199715456,0.98134,0.4152516073733568,90.48
41,0.04941304597308111,0.98256,0.4540525981038809,89.51
42,0.049466002527672005,0.982,0.7158096164464951,86.96
43,0.05103647970425351,0.98202,0.4585365591198206,90.06
44,0.045637763183935524,0.98394,0.4347617369145155,90.39
45,0.04078618670001512,0.98604,0.47952144883573056,89.92
46,0.0430981905421104,0.9847,0.488210174292326,89.56
47,0.0422788057714472,0.98456,0.4367663565278053,91.03
48,0.03911735544867261,0.98646,0.47074472438544035,90.52
49,0.03811302714411865,0.98658,0.44557906948029996,90.96
50,0.03239096189036851,0.9888,0.5388514909148217,89.95
51,0.0360922631128784,0.987,0.47942197903990746,90.53
52,0.03159897639642439,0.98888,0.5993200071901083,88.96
53,0.032397104832141296,0.98872,0.4521851237118244,91.07
54,0.03053264434704238,0.98942,0.5122984533011913,89.99
55,0.02884642049775023,0.98988,0.4794407552480698,90.84
56,0.029854503372098173,0.98946,0.5329551090300083,89.69
57,0.02748988381089152,0.99038,0.6989277961850167,88.54
58,0.027332794261843804,0.9902,0.452558349147439,91.26
59,0.0281919666251544,0.99044,0.504875508993864,90.72
60,0.022376886609455814,0.99238,0.47382274381816386,90.84
61,0.0214367971500701,0.99242,0.5773063928633928,89.79
62,0.022927671380321996,0.99198,0.8116344407200813,87.25
63,0.02514702510779433,0.99106,0.4527571665495634,91.09
64,0.020524855021892302,0.9932,0.5463480742275715,90.25
65,0.011093370306789113,0.9963,0.4224166028946638,91.92
66,0.005631695038226941,0.99828,0.42308119595050814,92.23
67,0.004497480485826502,0.99874,0.4342533850669861,92.12
68,0.003719648647317401,0.99888,0.43513276651501653,92.31
69,0.0035733440295433448,0.99892,0.4463964665681124,92.12
70,0.002891219282984886,0.99918,0.4464723847061396,92.33
71,0.0024679191639799328,0.99922,0.4503066777437925,92.27
72,0.00263462003285918,0.9993,0.4530533037334681,92.33
73,0.0024548536257358636,0.99928,0.4497591170668602,92.38
74,0.0025778020396554735,0.99938,0.45454825073480604,92.36
75,0.002524779586400122,0.99924,0.45422272525727747,92.34
76,0.0023998692174694593,0.99938,0.4540224254131317,92.33
77,0.0025922875726938515,0.99928,0.45857662878930566,92.29
78,0.002550249588657933,0.99934,0.4524056498706341,92.28
79,0.0025363208046016257,0.99924,0.4559342340379953,92.27
80,0.0019903341010498727,0.99948,0.45390364170074465,92.3
81,0.0020677589851876964,0.99942,0.45590677842497823,92.31
82,0.0021006901626927123,0.9994,0.4545032616704702,92.39
83,0.0027125769323381164,0.99934,0.456063154861331,92.32
84,0.0023668855791935304,0.99946,0.45544842518866063,92.43
85,0.0024795440475806558,0.99926,0.4596923316270113,92.34
86,0.002307329765137504,0.99928,0.4495746687054634,92.41
87,0.0022808727534378275,0.99948,0.45725375957787034,92.33
88,0.002238496939841922,0.9994,0.45746968790888787,92.3
89,0.002498940345557297,0.99936,0.4530949515849352,92.27
90,0.002484086515081813,0.99938,0.4521115937829018,92.38
91,0.002431259354781312,0.99934,0.4532042533159256,92.36
92,0.002601459719445509,0.99918,0.4572138164937496,92.37
93,0.0023339995070803636,0.99934,0.4545230298489332,92.36
94,0.002261090030878201,0.99934,0.4541372384130955,92.35
95,0.0024662253535007272,0.99932,0.45020185701549054,92.36
96,0.002063051096724627,0.99954,0.4557198467850685,92.37
97,0.002277828142260704,0.99936,0.4507497199624777,92.42
98,0.002510243267549769,0.99922,0.45863290160894393,92.35
99,0.002448613823530987,0.99944,0.451553859859705,92.37
100,0.002201881848492712,0.99924,0.4553976818919182,92.39
101,0.0020200702185501985,0.99952,0.45331067122519014,92.34
102,0.0025909489563778233,0.99908,0.4578200318664312,92.28
103,0.0022272226183920564,0.99936,0.4496220576018095,92.36
104,0.0022940389071222003,0.99944,0.4469137870520353,92.41
105,0.0024937123660427815,0.99928,0.45383670695126055,92.44
106,0.002517780434945241,0.99932,0.4516751495748758,92.41
107,0.002339020836391234,0.99946,0.4566028546541929,92.43
108,0.0022687924258551462,0.99936,0.45353145852684973,92.43
109,0.0024144401101817083,0.99936,0.45039817415177824,92.41
110,0.002496811153981692,0.99932,0.4538944237679243,92.39
111,0.0021359539016738266,0.99934,0.46227452032268046,92.34
112,0.0022486013466316034,0.99932,0.4600890628248453,92.39
113,0.002288245517388939,0.99956,0.45680259227752684,92.33
114,0.0020466579614928267,0.99952,0.45003012716770174,92.36
115,0.0023311533473308207,0.99936,0.45435886867344377,92.28
116,0.002414519545625743,0.99924,0.45780321829020976,92.31
117,0.002081739454706738,0.99946,0.450799592807889,92.51
118,0.0023891564391319976,0.99934,0.45117478132247923,92.31
119,0.0022746547027919775,0.9994,0.4539332231134176,92.35
120,0.0022037712156848834,0.99942,0.4552767965942621,92.32
121,0.002758188370872489,0.99918,0.4574497393518686,92.28
122,0.0021926085015072884,0.99942,0.45236771650612356,92.41
123,0.002304844512387424,0.99932,0.45277276925742627,92.32
124,0.0025119873739140645,0.9993,0.4497015850991011,92.37
125,0.0025511539348846545,0.99926,0.4502132861316204,92.43
126,0.0020996569197320038,0.99946,0.4546142190694809,92.46
127,0.0021960227803834486,0.99938,0.4599921859055758,92.23
128,0.001857483779545278,0.99956,0.45047115556895734,92.37
129,0.002122694148135412,0.99948,0.4556745072454214,92.28
130,0.002128547209950969,0.99946,0.4493226676434279,92.44
131,0.0025120366274205314,0.99916,0.4535670382529497,92.37
132,0.0023964960937914643,0.99932,0.4543231900781393,92.37
133,0.0023366884141445845,0.99944,0.4539651034027338,92.35
134,0.002495028097611254,0.99926,0.4510382251441479,92.43
135,0.0023755606558933723,0.99938,0.4523673119395971,92.39
136,0.0023505996121927298,0.9995,0.45931544445455075,92.37
137,0.002136203743841337,0.99954,0.46584963783621786,92.34
138,0.002593476252030114,0.99924,0.4543938458710909,92.42
139,0.002398426708815348,0.9993,0.4546814475953579,92.42
140,0.002199792883732854,0.99942,0.4545013417303562,92.4
141,0.002142868486478391,0.99952,0.4516770201176405,92.38
142,0.0022877524956724966,0.99954,0.4525350704044104,92.41
143,0.0023296166835424237,0.9995,0.4582429173588753,92.34
144,0.00216543397215931,0.99944,0.44795748837292193,92.36
145,0.0025522107281662583,0.9993,0.4612460020929575,92.42
146,0.0020447387348126876,0.99936,0.4493868087977171,92.46
147,0.002446237873509907,0.99922,0.4542655640095472,92.31
148,0.0023163783904689046,0.99936,0.4538793750852346,92.3
149,0.0023272130507356525,0.99938,0.4569380911439657,92.33
150,0.002394494482690035,0.99918,0.4482985012233257,92.48
151,0.0021342224115222966,0.99944,0.45644853003323077,92.36
152,0.0023791364753943966,0.99942,0.4549735894799232,92.3
153,0.0019473502700648193,0.9996,0.4511837413161993,92.44
154,0.002116198879559441,0.99958,0.4631717981398106,92.31
155,0.002153192178758285,0.99958,0.45270911417901516,92.34
156,0.0024865747508070373,0.99936,0.45045532934367655,92.49
157,0.0026120907469840762,0.99924,0.45633638367056845,92.49
158,0.0020982117077712054,0.99942,0.4501449175179005,92.44
159,0.0023392874347355663,0.99938,0.4532957649230957,92.36
160,0.0021635652912775877,0.99946,0.45575155042111876,92.32
161,0.0024398337944548892,0.99926,0.44742496907711027,92.41
162,0.00231489883569043,0.99928,0.452225940823555,92.32
163,0.002685113956191865,0.99918,0.4561955956369638,92.36
164,0.0024399973107906785,0.99932,0.45409855239093305,92.3
165,0.00256421826874374,0.99932,0.4551950116455555,92.31
166,0.0022663337760902656,0.99936,0.4560195188224316,92.35
167,0.002080666107933044,0.99934,0.45149803906679153,92.38
168,0.002223461088986443,0.99948,0.4568297060579061,92.42
169,0.0022274045669056874,0.99942,0.4581212680786848,92.41
170,0.0023909728735765144,0.99932,0.4491455989331007,92.43
171,0.0020508956936154694,0.99956,0.4565087371319532,92.37
172,0.0025446421978950542,0.99926,0.4543620333075523,92.35
173,0.002100916863258337,0.99944,0.45316461622715,92.36
174,0.002236669670696349,0.99938,0.4486753337830305,92.43
175,0.0025983944173243977,0.99916,0.44844402343034745,92.43
176,0.002440621383854991,0.9994,0.45590829513967035,92.45
177,0.002025694388638982,0.99952,0.45225520990788937,92.35
178,0.0022189381331100566,0.99942,0.45497091971337794,92.33
179,0.0024639862578224076,0.99948,0.45760903231799605,92.28
180,0.0019191216763473399,0.99954,0.4523957411944866,92.39
181,0.0019495021837675358,0.9995,0.4584705309569836,92.31
182,0.0022507866039452955,0.9994,0.4540234250575304,92.4
183,0.002162920393975978,0.9994,0.4545664498209953,92.41
184,0.002188935928294421,0.99948,0.4533415679633617,92.35
185,0.0024156271041754413,0.99934,0.4507667138427496,92.34
186,0.002074508412825682,0.99954,0.4569301176071167,92.32
187,0.002253516207096617,0.99946,0.4583094795048237,92.33
188,0.002301804858612378,0.99946,0.4529239286482334,92.31
189,0.0025695249666948146,0.99924,0.4504910407215357,92.37
190,0.0018977183399631469,0.99958,0.45013345777988434,92.34
191,0.0025000298753633256,0.99922,0.4526853561401367,92.43
192,0.002300365382562513,0.99936,0.4516172676533461,92.39
193,0.0026693669864741127,0.99924,0.4559513049572706,92.25
194,0.0022113305700244977,0.99932,0.4500660590082407,92.41
195,0.0022070858713306124,0.99926,0.45403221920132636,92.34
196,0.0022229059234834957,0.99952,0.4555107790231705,92.39
197,0.0024605579522397857,0.99938,0.4524108396470547,92.3
198,0.0025875583443495317,0.99924,0.4533713010698557,92.37
199,0.0023991502973291536,0.99942,0.45197033017873767,92.41
200,0.0022191631290918727,0.99948,0.4560631240159273,92.36
201,0.0021906509117730665,0.99948,0.456777276545763,92.38
202,0.0021084906385692038,0.99936,0.4553858845680952,92.44
203,0.002446171058260876,0.99932,0.4530937188118696,92.36
204,0.0027766539846234917,0.99912,0.4511932364106178,92.33
205,0.0024883140955129853,0.99932,0.45000601194798945,92.34
206,0.0021131024469652443,0.9995,0.45748170979321,92.3
207,0.0024998729205642687,0.99928,0.4541128856688738,92.35
208,0.0024293822967602166,0.99926,0.4546897186338901,92.35
209,0.0023204458719941184,0.99934,0.4561578118801117,92.28
210,0.002116053682912583,0.99936,0.45778021089732646,92.4
211,0.0024828351386513114,0.99926,0.46112052120268343,92.3
212,0.0024737924318927367,0.9993,0.4529839077591896,92.46
213,0.002165477019776364,0.9994,0.45275224931538105,92.41
214,0.002354960768636021,0.99938,0.45092198364436625,92.42
215,0.0027959058751992863,0.99912,0.4550426195561886,92.37
216,0.0023516926466656462,0.99924,0.4520272421091795,92.4
217,0.0026245844952971736,0.99934,0.45747628778219224,92.38
218,0.002292469252541642,0.9994,0.4510183673352003,92.37
219,0.0025592632610705155,0.99926,0.4499473729729652,92.36
220,0.0022550778687399986,0.99946,0.4478303401917219,92.37
221,0.0023690898705612095,0.99944,0.4569243714213371,92.32
222,0.0022062420863789194,0.99948,0.4529506739974022,92.36
223,0.00209600835695596,0.99946,0.4513381277769804,92.38
224,0.002296242537103472,0.99938,0.4536294865608215,92.37
225,0.002158681442395396,0.99938,0.4566336876899004,92.31
226,0.00220246774042049,0.99952,0.4540637493878603,92.36
227,0.002372645849688857,0.99934,0.4494306317716837,92.27
228,0.002342663076527588,0.99936,0.4497217631340027,92.32
229,0.002449261235987858,0.99938,0.45462377220392225,92.34
230,0.0018352500893666272,0.99954,0.45770423248410225,92.37
231,0.002634711935163459,0.99944,0.4497574005275965,92.44
232,0.0023949294843945575,0.99934,0.4544961877912283,92.4
233,0.0025344474484100526,0.9993,0.452309862524271,92.41
234,0.0023007337051584287,0.99936,0.4513580622524023,92.33
235,0.00222038677917398,0.99946,0.45727710030972957,92.39
236,0.0022232574117837397,0.99942,0.46021826840937136,92.29
237,0.0028015554999373496,0.99906,0.4538299725949764,92.39
238,0.0021358959414326893,0.99954,0.46303005807101727,92.38
239,0.002310041771710986,0.9995,0.4558906874805689,92.38
240,0.0021485649180286526,0.99944,0.45047137506306173,92.34
241,0.0021125704602813562,0.99938,0.4544704316556454,92.4
242,0.002403409188420362,0.99924,0.4478870611637831,92.43
243,0.0023793670541756903,0.99932,0.45959795251488683,92.36
244,0.002547313168179244,0.99924,0.45755277678370476,92.28
245,0.0026679582187615317,0.99924,0.45702776305377485,92.48
246,0.00221604631309781,0.99948,0.45716515354812143,92.34
247,0.0022836635770547725,0.9993,0.45614660531282425,92.43
248,0.002488072136240771,0.99936,0.45063710503280163,92.34
249,0.0025074498750545715,0.9994,0.46218026004731655,92.39
250,0.002379718658221347,0.9993,0.4489987578988075,92.39
251,0.002491546849109223,0.9992,0.45383914835751055,92.34
252,0.0021764493354483353,0.99944,0.45327714838087557,92.32
253,0.0022613794115298163,0.9994,0.45361935697495936,92.44
254,0.0028808269125875086,0.9992,0.45367020860314367,92.42
255,0.0025679329398285854,0.9993,0.45002313382923603,92.45
256,0.002040386478149551,0.99956,0.45790262050926683,92.33
257,0.0025767016936453237,0.99938,0.45660932138562205,92.44
258,0.002282916661113729,0.99944,0.45393260940909386,92.38
259,0.0022108686511473886,0.99944,0.45627058021724226,92.4
260,0.0025881523137812113,0.99928,0.4618812806159258,92.34
261,0.0027855475292638742,0.99908,0.4538711269944906,92.37
262,0.0024491100855421185,0.9992,0.4546916200965643,92.39
263,0.0019602345631254212,0.99942,0.45475128702819345,92.43
264,0.0027336000271773924,0.99922,0.45111381031572817,92.44
265,0.0024536892371561825,0.99938,0.4549599519371986,92.44
266,0.0025927790766939176,0.99926,0.45575035609304904,92.33
267,0.002524934695971668,0.99928,0.4518161821365356,92.44
268,0.002070388249347887,0.99946,0.4565174813568592,92.3
269,0.0025139484087676953,0.99936,0.4548368564993143,92.36
270,0.002272025007954644,0.9995,0.4511379311233759,92.42
271,0.002353481283825834,0.9993,0.4550693587958813,92.3
272,0.001991050469431826,0.9995,0.45748249635100363,92.37
273,0.0023912654165714467,0.99938,0.4525429043918848,92.37
274,0.0023922422124296808,0.99938,0.45523656442761423,92.39
275,0.0026516437816271046,0.99928,0.454803925678134,92.44
276,0.002342746989048846,0.99942,0.45211498223245145,92.27
277,0.002007278321740215,0.99952,0.451304187476635,92.47
278,0.0023871213292984096,0.99938,0.4542706851661205,92.46
279,0.0020942761008377613,0.9994,0.45255251206457614,92.35
280,0.00214583794479175,0.99942,0.4516826099902391,92.41
281,0.0025413797105955944,0.9992,0.45386403039097784,92.43
282,0.0023971903697608985,0.99938,0.4526497180759907,92.39
283,0.0021411424936384886,0.99946,0.45143535487353803,92.36
284,0.002406455088725976,0.9994,0.45360870495438577,92.44
285,0.0026029695539682854,0.99922,0.45455667860805987,92.34
286,0.002229602331925473,0.99932,0.45457403145730496,92.37
287,0.002452353201330165,0.99932,0.45260076619684697,92.33
288,0.0020542311813513204,0.99956,0.4494662646949291,92.34
289,0.0024671123327051417,0.9994,0.4555743534117937,92.39
290,0.00253559815247193,0.99924,0.45535682529211047,92.33
291,0.002350925126329155,0.99938,0.45193703688681125,92.46
292,0.002827821280378515,0.99912,0.4524532001465559,92.4
293,0.002333244937650688,0.9994,0.4538857255876064,92.32
294,0.0023680396980660804,0.99942,0.4582555281370878,92.39
295,0.0024283536283485115,0.9993,0.4498949768394232,92.41
296,0.0023609781871511675,0.9994,0.450802368670702,92.34
297,0.002049545283474581,0.99936,0.45128982529044154,92.39
298,0.0019820646909193573,0.99948,0.45775867529213426,92.45
299,0.00233405365196564,0.99942,0.4558270087093115,92.32
300,0.002192801063689177,0.99938,0.461503861322999,92.34
301,0.00224076087415085,0.99936,0.45565672650933264,92.36
302,0.002336621614154595,0.99928,0.4568464318662882,92.34
303,0.0020383250968985718,0.99948,0.4567885636538267,92.32
304,0.0020399911343590466,0.99936,0.45893182896077633,92.31
305,0.0024400105818396297,0.99944,0.4519883614033461,92.32
306,0.0022083829020690697,0.9994,0.45135788232088087,92.37
307,0.002295843347941455,0.99938,0.45283260628581046,92.28
308,0.002413116393538187,0.99936,0.4520496429502964,92.37
309,0.0025001531195900668,0.9993,0.45770920485258104,92.28
310,0.0023877815651002308,0.9993,0.45946487367153166,92.28
311,0.0026456509651902045,0.99924,0.45368245773017407,92.35
312,0.0021077906794023113,0.9994,0.4549165155738592,92.43
313,0.002367474188756607,0.99944,0.4527416285872459,92.32
314,0.002316991801915282,0.99942,0.4628356975317001,92.29
315,0.0025112901807136244,0.99934,0.45954432897269726,92.32
316,0.0026419961353397127,0.99924,0.4514324496686459,92.38
317,0.002216425667757459,0.99938,0.4521029916405678,92.4
318,0.0026556346384609534,0.9992,0.44864532448351385,92.47
319,0.002636948193702132,0.99918,0.4567141044139862,92.39
320,0.002381477440061891,0.9995,0.4502056495845318,92.39
321,0.0021226055711112404,0.9994,0.4501957964152098,92.43
322,0.0021537755451658193,0.99948,0.45185213766992094,92.4
323,0.0022907825553065636,0.99936,0.45489481784403324,92.42
324,0.0025349436075482613,0.99922,0.45493596062064173,92.41
325,0.0021844445572942114,0.99954,0.45341790780425073,92.29
326,0.002155541599539997,0.99942,0.45445593021810055,92.35
327,0.0027407744406339,0.99916,0.45748415678739546,92.41
328,0.002338623914815833,0.99938,0.45687798827886583,92.44
329,0.002459596177382047,0.99938,0.45457589395344256,92.41
330,0.0024845666116271154,0.99944,0.4571818208694458,92.44
331,0.0022807582906778437,0.99942,0.45926734514534473,92.33
332,0.002154109981375487,0.99942,0.45340349413454534,92.43
333,0.0022769236141908676,0.9993,0.45399250768125055,92.4
334,0.002780562504897337,0.99912,0.4574234261363745,92.32
335,0.0020980600638629493,0.9994,0.45613326266407966,92.38
336,0.002431167170519719,0.9994,0.45119504801928995,92.38
337,0.0025101682031884445,0.99926,0.44983925379812717,92.36
338,0.0023497155810351415,0.99934,0.4496039293706417,92.36
339,0.0021587431183248008,0.99944,0.4590938290953636,92.33
340,0.0025089455039679284,0.99942,0.4550828582048416,92.42
341,0.0021394352493224107,0.99948,0.4548016370087862,92.36
342,0.002539837834886168,0.9993,0.4586308526992798,92.39
343,0.002548539585134972,0.9992,0.45375670820474623,92.38
344,0.0023236831622150587,0.99934,0.4531414347141981,92.4
345,0.0023989541029743374,0.9993,0.45321911670267584,92.28
346,0.0022253888199770407,0.99936,0.4471397054195404,92.41
347,0.0021236691252275457,0.99952,0.4472564248740673,92.34
348,0.002520857252004316,0.99926,0.4539664053171873,92.36
349,0.00196907543347996,0.99954,0.455569176748395,92.28
350,0.0024591607796867875,0.99942,0.4533282504975796,92.31
351,0.0022583618340894693,0.99946,0.45980204351246357,92.36
352,0.002349765581862472,0.99946,0.455135009214282,92.36
353,0.00206258213218978,0.99948,0.4527789753675461,92.45
354,0.002452849958757715,0.99934,0.4561275769025087,92.4
355,0.0024539074420457337,0.99936,0.4489902962744236,92.4
356,0.0023246964730341416,0.99934,0.45578933641314506,92.34
357,0.0022843124293138646,0.99934,0.4517952729016542,92.44
358,0.0023635720582250172,0.9994,0.4521600880473852,92.39
359,0.002276373321123188,0.9995,0.4608652912825346,92.38
360,0.0024517967098909416,0.99938,0.45586175680160523,92.29
361,0.002324806979813171,0.99938,0.45270182758569716,92.39
362,0.002557908890315134,0.99928,0.4489899957180023,92.37
363,0.0019700780660962054,0.99948,0.45204612411558626,92.43
364,0.0022857111223373097,0.99942,0.4551737315952778,92.33
365,0.0022982670008526436,0.99936,0.45052835419774057,92.39
366,0.0026078473233505893,0.9993,0.4560122561454773,92.4
367,0.002486548056621152,0.99924,0.45380175188183786,92.42
368,0.0020601559954974086,0.99938,0.4538314937800169,92.38
369,0.0024833781659588825,0.99928,0.4482690820842981,92.41
370,0.002374074995860724,0.9994,0.45310182578861713,92.27
371,0.0022020663022804445,0.99946,0.457494900226593,92.37
372,0.002322619492204472,0.9994,0.4558186890929937,92.31
373,0.002529463785536149,0.99924,0.46069658182561396,92.34
374,0.0024796579651834676,0.99936,0.4528784588724375,92.41
375,0.002510450262328624,0.99936,0.4559261490404606,92.28
376,0.0024167679802840933,0.99948,0.45298608250916006,92.34
377,0.002504592463659966,0.9992,0.4512731175869703,92.41
378,0.0021454324312222277,0.9995,0.4572907666862011,92.41
379,0.002322955345234755,0.99946,0.44958713933825495,92.45
380,0.0020318933687580136,0.99948,0.4524165540933609,92.42
381,0.0026151975031014378,0.99928,0.44953665681183336,92.33
382,0.002233553843637047,0.99938,0.45795529045164585,92.5
383,0.00195562838555297,0.99944,0.4575768417865038,92.29
384,0.002309163796532032,0.99924,0.45022326715290545,92.35
385,0.0025087365838329847,0.99932,0.46059711441397666,92.28
386,0.0025211307037052463,0.99938,0.45315119162201883,92.37
387,0.002224041065653724,0.99948,0.45342421762645246,92.36
388,0.002818051344522125,0.99914,0.44888973496854306,92.41
389,0.002075003372365966,0.99938,0.4476587574183941,92.45
390,0.0026265514658435304,0.99918,0.4556033956259489,92.34
391,0.002419035485394828,0.99952,0.4526613823324442,92.32
392,0.0024726129306094423,0.99924,0.4562600350379944,92.39
393,0.0022689471083223974,0.99954,0.4545801820605993,92.36
394,0.002885800685681155,0.99912,0.4451510772109032,92.36
395,0.002266431572255166,0.99944,0.4515718747675419,92.4
396,0.002090040541044377,0.99954,0.4559015283733606,92.37
397,0.002606861741112931,0.99928,0.45274887681007386,92.42
398,0.002032006596726582,0.99946,0.4567070480436087,92.36
399,0.0023391710750906326,0.9994,0.45449516668915746,92.25
