0,2.0583819608249323,0.28978,1.6369690763950349,41.16
1,1.4446448234036147,0.46976,1.8813386917114259,44.09
2,1.1613913536681544,0.58222,1.3287745064496994,62.75
3,0.9430840279135253,0.66664,1.0352084648609161,68.43
4,0.7728536117564687,0.73164,1.1416962134838105,71.03
5,0.6590964166099763,0.77204,0.7964482402801514,73.29
6,0.5659586797132516,0.80526,0.6785426425933838,77.38
7,0.49662801493769104,0.82934,0.6191066828370094,78.59
8,0.45044003644257863,0.8452,0.7436512163281441,76.79
9,0.4058378518694807,0.86118,0.6662033289670944,79.44
10,0.3700028478413287,0.87162,0.4998518109321594,83.79
11,0.3393837967339684,0.88276,0.638672893345356,81.35
12,0.31614829394061245,0.8927,0.5249386638402939,83.43
13,0.2901028996843206,0.89924,0.5054181909561157,84.39
14,0.264690382820566,0.90688,0.44711084604263307,86.25
15,0.24683371287248934,0.91516,0.514524979442358,84.66
16,0.22874526086899324,0.92034,0.40835116028785706,87.63
17,0.21377731394737273,0.92508,0.5356640905141831,84.6
18,0.19641285201015374,0.93004,0.39430871203541756,87.76
19,0.18455897648925976,0.9355,0.7090095880627633,82.0
20,0.17225600982947117,0.94038,0.49005422681570054,86.04
21,0.15959573668592117,0.94416,0.399752633869648,87.95
22,0.146398095590303,0.94946,0.5503634147346019,85.87
23,0.136005667602772,0.95158,0.45653510972857475,87.68
24,0.12793967718510982,0.9554,0.44640722528100013,87.85
25,0.12223802888027542,0.95672,0.5959415660798549,85.97
26,0.11334609434656474,0.95974,0.43521938160061835,87.47
27,0.10544218860395119,0.96266,0.407408337444067,88.81
28,0.09831674783812154,0.96584,0.440318433791399,89.02
29,0.09507894286376131,0.96624,0.44963885873556136,88.86
30,0.09053016973711799,0.9684,0.4349520859122276,89.03
31,0.07938737644697241,0.9716,0.4701582977175713,88.54
32,0.07540188911263748,0.9742,0.3640943244844675,90.15
33,0.07269620211304301,0.97452,0.4251146636903286,89.09
34,0.0672462802532765,0.97634,0.47144109234213827,88.8
35,0.0687058431613247,0.97592,0.41119071856141093,89.56
36,0.06143007139720575,0.97834,0.46512763753533365,89.55
37,0.05973721936802425,0.9794,0.4136208466440439,90.68
38,0.05525131868508161,0.98088,0.44753910586237905,90.12
39,0.05526469327280741,0.98084,0.42588892914354803,89.95
40,0.05137888044881089,0.982,0.5373836162686348,88.73
41,0.05209531691735205,0.98164,0.5290234868228435,88.97
42,0.047641910765024706,0.98338,0.41834323436021803,90.78
43,0.0415026241177431,0.98568,0.44133029408752916,90.44
44,0.04803797671728579,0.98346,0.4095955165475607,90.75
45,0.03879488212035021,0.98678,0.4465955081582069,90.82
46,0.04049009689525284,0.98562,0.4221945995092392,90.77
47,0.038195728317207994,0.98646,0.571478052586317,88.93
48,0.0368528426589106,0.987,0.4329886409640312,91.15
49,0.034926258127593326,0.98738,0.5930763839185238,88.69
50,0.03346098226297389,0.98854,0.4514581659436226,90.89
51,0.031170314244563926,0.98906,0.5068590927124024,90.03
52,0.03017841710630433,0.98978,0.515190654695034,89.52
53,0.02939765218673917,0.98996,0.6155906292796135,89.09
54,0.03218273095110112,0.98868,0.4731595193594694,90.42
55,0.02851226211756544,0.98994,0.489493556804955,89.96
56,0.025337043335027707,0.99098,0.47927601166069506,90.73
57,0.02243484303240886,0.9921,0.5048162967711687,90.67
58,0.027699145595626452,0.9903,0.4529893783852458,91.16
59,0.024639233406109122,0.9915,0.50962243527174,90.28
60,0.023188904280324118,0.99204,0.4495685929059982,91.23
61,0.023229085404397276,0.99208,0.48827847845852373,90.53
62,0.023544890248714506,0.99182,0.4538099464029074,91.29
63,0.019889668382875755,0.99334,0.5156426252424717,91.03
64,0.023029557688881066,0.99212,0.46501519620418547,91.26
65,0.019255419311773443,0.9935,0.48013802617788315,91.08
66,0.02065235614667044,0.9926,0.44509907871484755,91.63
67,0.019045814338242612,0.99358,0.4542928872257471,91.53
68,0.01772528027882204,0.99402,0.45232042372226716,91.69
69,0.018861795038394535,0.99352,0.4709649619832635,91.25
70,0.015938920228530076,0.99438,0.4986156364157796,91.4
71,0.019486021188556996,0.99328,0.5560051122307778,90.51
72,0.020237097414234257,0.99282,0.45453402794897557,91.61
73,0.015174853317725384,0.995,0.4492142501473427,91.9
74,0.01463479701015155,0.9948,0.47607053086161616,91.69
75,0.016401282232969314,0.9944,0.46364069513976575,91.36
76,0.013612378279075903,0.99534,0.551870249658823,90.95
77,0.017189962725105035,0.99404,0.5049799496680498,91.43
78,0.012638511560152254,0.99558,0.5175765596330166,91.3
79,0.014562698371727448,0.9948,0.4791989174857736,91.68
80,0.01368308514642441,0.99538,0.4731124721467495,91.7
81,0.012171078051733392,0.99558,0.5227118667960167,91.3
82,0.01308048819846776,0.99552,0.542508809864521,91.14
83,0.01386397469239762,0.9955,0.48744838044047356,91.66
84,0.011511473829531684,0.99634,0.5032484228163958,91.38
85,0.012317866711910633,0.99592,0.5074837784469127,91.43
86,0.014345065338651429,0.995,0.45695269100368024,91.91
87,0.012068243097047062,0.9959,0.524937492609024,91.2
88,0.014818436216058023,0.99468,0.4843871231377125,91.55
89,0.012309246850387572,0.99592,0.4879542623460293,91.92
90,0.01024273325405691,0.99666,0.49759971484541893,91.6
91,0.011279725469053363,0.99598,0.5168619483709336,91.56
92,0.0126479278506754,0.99582,0.5458410862088203,90.78
93,0.01007253903647899,0.9965,0.4815796131640673,91.96
94,0.010923327139728819,0.99626,0.5174188057333231,91.5
95,0.011696013581493626,0.99604,0.5616638150066138,90.98
96,0.011123761872920539,0.99628,0.4841444823145866,91.9
97,0.005361994455960464,0.99818,0.44114046476781366,92.41
98,0.0027393455500416743,0.99922,0.42930877558887004,92.58
99,0.0019498821413454115,0.9995,0.4346761523932219,92.67
100,0.001606794431462617,0.99956,0.4334939332306385,92.65
101,0.0018941950865204225,0.99938,0.4383133053779602,92.79
102,0.0013987639961871997,0.99954,0.4342882826924324,92.78
103,0.0012655417384851314,0.99972,0.43542100094258784,92.78
104,0.001163314139987628,0.99972,0.43739823922514914,92.71
105,0.0011171352832749025,0.99976,0.4371605359017849,92.76
106,0.001254528547488147,0.9997,0.43446538522839545,92.85
107,0.0010609742025282029,0.99972,0.43815176069736483,92.71
108,0.0010062325050604179,0.9997,0.4338509338349104,92.76
109,0.0008647798577233044,0.9999,0.43755678214132787,92.78
110,0.000987732004674385,0.9998,0.43958410032093526,92.69
111,0.0011793506991546487,0.9997,0.4349550257623196,92.78
112,0.0013142746770927144,0.99968,0.4325437694042921,92.75
113,0.0013699650487867291,0.99962,0.4350125204771757,92.8
114,0.001047901307825771,0.99976,0.43651846759021284,92.83
115,0.001229118675832874,0.99968,0.4384456732869148,92.86
116,0.0011597518439982574,0.9997,0.44177753672003744,92.78
117,0.0010355369647449153,0.99972,0.4364262602478266,92.82
118,0.0012257121789329888,0.99966,0.4407861191034317,92.83
119,0.001174739475742809,0.99964,0.4360963751375675,92.74
120,0.0011868790868604841,0.99972,0.43860729463398457,92.82
121,0.0013052307487920385,0.99954,0.43859040081501005,92.69
122,0.001134449691327689,0.99972,0.43328285828232765,92.84
123,0.0010318186124721232,0.9998,0.4371056404709816,92.78
124,0.0012365090096166328,0.99964,0.43574879944324496,92.81
125,0.0009064249238213691,0.99978,0.4324114213138819,92.79
126,0.0010719269199524304,0.99976,0.4336891356855631,92.78
127,0.0013531098261212362,0.99958,0.43496349923312666,92.9
128,0.001271726117673916,0.99966,0.43249199748039246,92.83
129,0.0016801326819125366,0.99956,0.43541608229279516,92.67
130,0.001147046470847886,0.99966,0.4368258412182331,92.78
131,0.001288243091862906,0.99958,0.443465159162879,92.77
132,0.0011727328095442193,0.99968,0.43031928069889547,92.8
133,0.001032210065318686,0.9997,0.4362318126857281,92.76
134,0.0011330472705576122,0.99976,0.43896149277687074,92.75
135,0.0011432946642988499,0.99968,0.4373870696872473,92.82
136,0.0013170656378921645,0.99962,0.43368137419223785,92.79
137,0.00112778305068917,0.9997,0.4394474484026432,92.83
138,0.0012175701863468378,0.99964,0.43354377374053,92.78
139,0.0015163839835224881,0.99948,0.4357313968986273,92.78
140,0.0009673680667110417,0.99988,0.4339969010651112,92.71
141,0.0011635743119680058,0.99968,0.4369568645954132,92.85
142,0.0011331863055848862,0.99976,0.4319059010595083,92.67
143,0.0012877849590145242,0.99974,0.43864248499274255,92.75
144,0.0011462311419989447,0.99968,0.43550214402377607,92.77
145,0.0013449861951421857,0.99958,0.43568869814276695,92.74
146,0.0013452299206298502,0.99978,0.43944478802382947,92.8
147,0.0012674305692847753,0.99972,0.43531159482896326,92.84
148,0.0011913043058589291,0.9997,0.43751877926290034,92.79
149,0.0013200576882213926,0.99968,0.43761105328798294,92.75
150,0.0012534332930852058,0.99972,0.43736409209668636,92.76
151,0.001046507843694387,0.99964,0.4382302739471197,92.86
152,0.0010620895534982462,0.99972,0.4367913418263197,92.82
153,0.0016007685576520307,0.9995,0.4368534082919359,92.75
154,0.001066961110850303,0.99976,0.4375079058110714,92.8
155,0.0012463702875006523,0.99968,0.44067193791270254,92.68
156,0.0009653321312516547,0.99984,0.4298024629801512,92.88
157,0.0012193149884792325,0.99966,0.4381123749911785,92.92
158,0.0011345591167431048,0.99976,0.43611517272889616,92.83
159,0.001539359049326109,0.9995,0.44238003000617027,92.78
160,0.001262166372100201,0.9996,0.4405063596367836,92.88
161,0.0012808021510352173,0.99968,0.44113832727074626,92.78
162,0.0011832844761289272,0.99964,0.4366428837925196,92.89
163,0.000991121443263773,0.99976,0.43269051268696784,92.8
164,0.0010147547821098668,0.9998,0.43469141125679017,92.77
165,0.0008859380374613005,0.99984,0.4372726411372423,92.81
166,0.001349148737351366,0.99958,0.4333940939605236,92.78
167,0.0016645451470533067,0.99952,0.43270853817462923,92.72
168,0.0010822617488763179,0.99974,0.431890142634511,92.84
169,0.0011896948375360436,0.99966,0.43894630394876005,92.72
170,0.0011897655075911403,0.99966,0.43769511207938194,92.85
171,0.0009214156290532335,0.9998,0.43752931237220766,92.78
172,0.0009774787365184987,0.99976,0.43814906433224676,92.81
173,0.0010163762704263825,0.99974,0.4348336736112833,92.87
174,0.0012133856144104906,0.99966,0.4331950042396784,92.73
175,0.001143025084765797,0.99972,0.43430683635175227,92.81
176,0.0011564621001521013,0.99976,0.43921491265296936,92.82
177,0.0011683403760852182,0.99972,0.436820727661252,92.82
178,0.0013896411480120077,0.9996,0.4322568602859974,92.85
179,0.0009036174668070606,0.99978,0.4382305233925581,92.73
180,0.0011407607961493684,0.9996,0.43678429841995237,92.79
181,0.0009364597327799401,0.99982,0.4341750656813383,92.83
182,0.00131893967138514,0.99962,0.43739701934158803,92.65
183,0.000941849639103331,0.9998,0.43707054942846296,92.68
184,0.0012997919983883171,0.99962,0.4401178704202175,92.72
185,0.001177160405678034,0.99962,0.4369933111220598,92.84
186,0.0011365391438186187,0.9997,0.4378428854048252,92.86
187,0.0013761504494008677,0.99954,0.4363503603637218,92.86
188,0.0011528030962652295,0.99972,0.43420914202928546,92.76
189,0.0011939279001500621,0.99974,0.43315723977983,92.79
190,0.0010022339746964884,0.99986,0.43506691612303255,92.74
191,0.0013905290028248863,0.99964,0.43238702438771726,92.83
192,0.0012217188733951439,0.99966,0.43618932127952575,92.82
193,0.0011335284280063866,0.9997,0.43685993827879427,92.81
194,0.0012112313314624455,0.9997,0.43318755835294726,92.8
195,0.0009523086992999488,0.9998,0.43458703473210336,92.84
196,0.0012447254373775343,0.99972,0.4390990848839283,92.78
197,0.0011839008763888934,0.99972,0.4344629867374897,92.87
198,0.001430194975589128,0.9995,0.43840422615408897,92.83
199,0.001338397620020725,0.9996,0.43913858078420165,92.79
200,0.000984587924271498,0.99976,0.4405057237297296,92.79
201,0.0011548740667817385,0.99978,0.43637018524110316,92.79
202,0.001198307306639647,0.99966,0.43393287539482117,92.72
203,0.0011934312906049555,0.9997,0.4380891963839531,92.75
204,0.0013512265499290603,0.99958,0.43815940342843535,92.86
205,0.0012736843846490621,0.9996,0.4366095866262913,92.76
206,0.0011938432446065243,0.9997,0.4358812163770199,92.83
207,0.001249179615617713,0.99968,0.43580109179019927,92.86
208,0.0011851648387932064,0.99976,0.4344890294969082,92.78
209,0.001313147164136216,0.99964,0.4369138668477535,92.79
210,0.0012028104642166726,0.99964,0.4346311920136213,92.81
211,0.001461630210737743,0.9996,0.4344203037023544,92.86
212,0.0014068545550917802,0.99964,0.4411043295264244,92.81
213,0.001470466119968487,0.99954,0.43790511645376684,92.68
214,0.0012516971079685041,0.99968,0.4408466339856386,92.73
215,0.0012526076440068194,0.99966,0.4383077321201563,92.79
216,0.0011536328222059532,0.99972,0.43595156222581866,92.75
217,0.0015916064295846404,0.99962,0.4360734634101391,92.75
218,0.0013256036900364987,0.99968,0.4343063752353191,92.69
219,0.0010682346837525435,0.99978,0.43216595366597177,92.93
220,0.0012658359544664916,0.99972,0.4367061594128609,92.84
221,0.0010734251602646618,0.99974,0.43606362357735634,92.68
222,0.0010175519606151827,0.99974,0.43578372031450274,92.86
223,0.0010237516287495108,0.9998,0.43385893531143666,92.87
224,0.0009803263084365108,0.99974,0.43863918490707876,92.75
225,0.0012435659675685037,0.99968,0.4381391490995884,92.79
226,0.001214567527068955,0.99976,0.43730388410389426,92.73
227,0.001066324551163427,0.99982,0.4351133371144533,92.79
228,0.0013151023205836563,0.99974,0.43831031285226346,92.73
229,0.0013799191530867744,0.9996,0.444001105800271,92.77
230,0.0010281339916504819,0.9997,0.4350127223879099,92.76
231,0.0010597430818054415,0.99984,0.4351690249145031,92.72
232,0.0011318929645850215,0.99972,0.4404330088943243,92.81
233,0.0011016431558148368,0.9997,0.4369875168800354,92.79
234,0.001274153640222214,0.99962,0.4386249420046806,92.81
235,0.00131077574723212,0.99964,0.43728865079581736,92.71
236,0.00119798048146312,0.99968,0.4336398081481457,92.79
237,0.0014427052415355677,0.99962,0.4331238026916981,92.77
238,0.0010274784186907584,0.99978,0.43573802314698695,92.71
239,0.001219517615673792,0.99958,0.43935166627168654,92.79
240,0.0013122805891453723,0.99962,0.44291331149637697,92.77
241,0.0014868484109716341,0.99962,0.4347602690756321,92.77
242,0.0010076562423858811,0.9998,0.43955754674971104,92.71
243,0.0014880546152054588,0.99956,0.4355024555325508,92.75
244,0.0011503066342976659,0.99976,0.44038640409708024,92.79
245,0.0012226547317012496,0.99962,0.43214112691581247,92.84
246,0.0010607600574183058,0.99974,0.429813723936677,92.71
247,0.001158020569129473,0.99976,0.43526073172688484,92.86
248,0.001313608494060843,0.99966,0.43855422526597976,92.84
249,0.001401787819078816,0.99964,0.43760118760168554,92.79
250,0.001120022897634779,0.99972,0.4359139002859592,92.83
251,0.0012497071223214382,0.99966,0.43541699312627313,92.79
252,0.001043609598332354,0.99982,0.43399700000882147,92.83
253,0.0010521518033178871,0.99976,0.4382980283349752,92.77
254,0.0012103920017042771,0.99972,0.43984509781003,92.81
255,0.0011950264253750796,0.99972,0.43735774770379066,92.95
256,0.0009746341106375855,0.99982,0.4377202215045691,92.77
257,0.001332315009874393,0.99958,0.4323357208818197,92.84
258,0.0011382795813138528,0.99976,0.43481362745165825,92.76
259,0.0012603899020903512,0.99966,0.4377098494768143,92.84
260,0.0009752176777945589,0.99976,0.43458154119551184,92.72
261,0.001335171486020012,0.9997,0.4366437900811434,92.79
262,0.0011710400223884437,0.9997,0.43923055320978166,92.88
263,0.00123242142489966,0.99974,0.43193551085889337,92.83
264,0.001100154527842783,0.9997,0.4378202174603939,92.85
265,0.0009851051742196693,0.99984,0.43341475784778594,92.77
266,0.0012513187289943017,0.99966,0.4367707550525665,92.87
267,0.0011842285980806326,0.99972,0.4358851769566536,92.74
268,0.0012479891138308494,0.99962,0.4394163466989994,92.73
269,0.0012185673007842504,0.9997,0.4362633604556322,92.79
270,0.0011792911771599138,0.99976,0.44048252820968625,92.72
271,0.0013477593860434145,0.99962,0.4372947786003351,92.82
272,0.0011791713744797327,0.99972,0.43756580851972104,92.72
273,0.0011840297514252671,0.99974,0.43651172183454034,92.67
274,0.001196116603532201,0.99974,0.43602456159889696,92.84
275,0.0014608980351796998,0.99952,0.43804536171257497,92.72
276,0.001124145166785873,0.9997,0.43937684170901775,92.78
277,0.0012947980212071515,0.9996,0.43834703125059604,92.78
278,0.0013384046275680766,0.99962,0.4359850297868252,92.87
279,0.001086001041020169,0.99976,0.4362066513299942,92.77
280,0.001029343401883369,0.9998,0.4369142460823059,92.7
281,0.0012116193694843794,0.99962,0.4396656015515327,92.88
282,0.0011234590845681843,0.99976,0.4394817233085632,92.76
283,0.0012420126448889784,0.99968,0.4360272413492203,92.88
284,0.0010371010588563006,0.99976,0.43829387962818145,92.85
285,0.001060743340263691,0.9998,0.432526997923851,92.77
286,0.0012497659401207106,0.99964,0.43713898487389086,92.72
287,0.0013133076584095236,0.99966,0.43794278383255003,92.79
288,0.001340188417600675,0.99978,0.4387029501795769,92.88
289,0.0011488627804380864,0.99968,0.440891455411911,92.81
290,0.0009913335885087986,0.9998,0.43956683978438377,92.83
291,0.0012220033847005166,0.9997,0.4375777069479227,92.9
292,0.001165393347520848,0.99972,0.43624432422220705,92.78
293,0.0010336494620959691,0.99976,0.43506043702363967,92.84
294,0.0012186344770212655,0.99966,0.43559188112616537,92.89
295,0.0011372907920908766,0.99974,0.4376018027961254,92.71
296,0.0013211492048848905,0.99964,0.43570295073091986,92.74
297,0.001284005873076751,0.99972,0.43382459558546543,92.75
298,0.0012497385863906674,0.99968,0.43551231548190117,92.86
299,0.001359809748590221,0.99964,0.4356513114273548,92.9
300,0.0012764615342294907,0.9997,0.4362396927922964,92.8
301,0.0012111881389961486,0.99972,0.4317806923389435,92.83
302,0.0010519298046026105,0.99976,0.43800405986607077,92.75
303,0.0011599616416769587,0.99976,0.4313897567987442,92.8
304,0.0014019164615822837,0.99968,0.4338205451518297,92.97
305,0.0010983141887047395,0.9997,0.4399932562559843,92.91
306,0.0011210470724448353,0.99972,0.433528286293149,92.91
307,0.0012976854105892083,0.9997,0.43624943628907203,92.79
308,0.000875464340922294,0.99988,0.43627071030437947,92.7
309,0.0012375474490625474,0.9997,0.4382904504239559,92.78
310,0.0011861486298426905,0.99976,0.4349235136806965,92.92
311,0.0010333681155158126,0.99966,0.43719371132552626,92.76
312,0.001248072170654831,0.99974,0.43634650208055975,92.73
313,0.0009417642641518101,0.99982,0.43448919340968134,92.8
314,0.0011278003435748656,0.99964,0.4326201070100069,92.87
315,0.000999462934147776,0.99984,0.4338537558913231,92.77
316,0.0012289341262806995,0.99974,0.43355065800249576,92.82
317,0.0013969410144229113,0.99972,0.43974290482699874,92.73
318,0.0013055518874541267,0.99972,0.4320907862484455,92.75
319,0.0010284991272746155,0.99978,0.4371340458095074,92.77
320,0.0013897795163308178,0.99958,0.4382778235524893,92.83
321,0.0011955606167578636,0.99978,0.43739630848169325,92.72
322,0.0014722826192732346,0.99958,0.4357438686490059,92.69
323,0.0011546519577733652,0.99972,0.4413828827440739,92.82
324,0.0011054765745101836,0.9997,0.4392402391880751,92.71
325,0.0011978240478812876,0.99972,0.4360859802365303,92.81
326,0.0010788990589587586,0.9998,0.43585912592709064,92.88
327,0.001008522691582675,0.99974,0.4365409696102142,92.79
328,0.001136331062037748,0.99974,0.4340463156998158,92.87
329,0.0011479749132598015,0.99974,0.44110392570495605,92.65
330,0.0013582620932303768,0.99952,0.43584263399243356,92.74
331,0.0012849348060110265,0.9997,0.4336352124810219,92.76
332,0.0012521001498338163,0.99974,0.4395211680978537,92.75
333,0.0012638969346880913,0.9997,0.4375412718951702,92.79
334,0.0013136502545963511,0.99962,0.435906447917223,92.81
335,0.0012108274375843575,0.9997,0.4363912469148636,92.77
336,0.001218013827453184,0.99972,0.44214634597301483,92.8
337,0.0010498274317787737,0.99982,0.43608616933226585,92.83
338,0.001335248695988663,0.99962,0.4344644997268915,92.81
339,0.0015524121387230465,0.99948,0.4391629908978939,92.73
340,0.0016985580630046958,0.99952,0.4392259630560875,92.8
341,0.0011945819782307986,0.99966,0.44205498658120634,92.76
342,0.0011218775625285856,0.99972,0.4352956733852625,92.82
343,0.0013034287544809666,0.99966,0.4348665746301413,92.78
344,0.0013482162809927466,0.99962,0.44000829473137854,92.81
345,0.0011640122022090926,0.99976,0.43365978717803955,92.82
346,0.0010357530906830992,0.9998,0.43263961240649224,92.8
347,0.0010957738036698307,0.99968,0.43523346692323683,92.72
348,0.0010852814416292117,0.99972,0.43619223646819594,92.7
349,0.0011323533609540434,0.99976,0.4400328349322081,92.77
350,0.0010890017689802372,0.99978,0.4349405165016651,92.77
351,0.0011025640493928148,0.99976,0.43309997603297234,92.74
352,0.0009501255077162229,0.99986,0.43602086141705515,92.76
353,0.0013391530210309474,0.99964,0.4322452372312546,92.8
354,0.0011707368123558257,0.99968,0.43638659358024595,92.83
355,0.0012899910414215091,0.9996,0.44015429317951205,92.79
356,0.001054732709193526,0.99976,0.43841152645647524,92.83
357,0.0010895593677792707,0.99972,0.4308368068188429,92.73
358,0.0009349994132701067,0.99984,0.4360319911688566,92.81
359,0.0011887548896579352,0.99964,0.4380204290151596,92.8
360,0.0011725464669011428,0.99968,0.4351622188091278,92.8
361,0.0008305596326009782,0.9999,0.43241672828793526,92.82
362,0.0010315851748907876,0.9998,0.4359074977785349,92.78
363,0.0011494506693557095,0.9998,0.43244987845420835,92.74
364,0.0013390190308661108,0.99956,0.4420178169757128,92.8
365,0.001105328889318344,0.99972,0.4422835277020931,92.74
366,0.0011270700436879827,0.99972,0.43593034744262693,92.76
367,0.0010521320088425904,0.99978,0.4328430987149477,92.81
368,0.0010202782004690536,0.99976,0.43496547430753707,92.86
369,0.0010711617177062611,0.99972,0.4378669910132885,92.74
370,0.0009485018508666007,0.99978,0.43493523851037025,92.87
371,0.001245844023078299,0.99966,0.43953798957169055,92.75
372,0.001113702259633852,0.99974,0.43348171085119247,92.79
373,0.0011649371831632597,0.99974,0.43588223643600943,92.75
374,0.0011777142600943584,0.99966,0.43568543531000614,92.76
375,0.001311154833183769,0.99962,0.4337404629588127,92.68
376,0.000952574210549223,0.99984,0.4373175401240587,92.86
377,0.001214248967259322,0.99976,0.43889321967959405,92.83
378,0.0011710151420234267,0.9997,0.4378833723813295,92.83
379,0.0011664551103931537,0.99972,0.4316963130235672,92.81
380,0.001217740728422199,0.99958,0.4397306896001101,92.75
381,0.0011861459459261516,0.99972,0.4378895937651396,92.71
382,0.0011262480560166146,0.99974,0.43637345612049105,92.83
383,0.0010837413904173307,0.9998,0.4344176211953163,92.75
384,0.001250134337969753,0.99972,0.4363231261819601,92.81
385,0.0012415178520258105,0.99974,0.43546890825033185,92.77
386,0.0012125552636678414,0.99968,0.43616566479206087,92.68
387,0.0010513062347703235,0.99976,0.4441285514831543,92.73
388,0.001190085640496305,0.9997,0.43327063336968424,92.74
389,0.0009372308679089389,0.99976,0.43611875891685487,92.75
390,0.0013671831306441666,0.99962,0.43859810061752796,92.7
391,0.0016278726270358623,0.99946,0.4347456183284521,92.85
392,0.0011381527327898476,0.99978,0.4374660289287567,92.78
393,0.0011193908026922853,0.99974,0.43710703797638417,92.8
394,0.0011354625872869277,0.99968,0.4359118451178074,92.75
395,0.001191161835909752,0.9997,0.4323957376927137,92.75
396,0.0011604303726926446,0.99968,0.4381877709925175,92.82
397,0.0012454878548672304,0.9997,0.4343434678763151,92.75
398,0.0012052037470016504,0.99964,0.4341570470482111,92.89
399,0.0011287100155792577,0.99972,0.4342709968984127,92.74
