0,2.022273915807914,0.3023,1.6038222301006317,44.65
1,1.3980679469340294,0.48752,1.3757375639677047,54.84
2,1.1091840654382925,0.60576,1.0547584146261215,63.33
3,0.8780497693649644,0.69084,1.3840087759494781,64.35
4,0.7231142533099865,0.74846,0.9164835005998612,71.29
5,0.612039331661161,0.7899,0.6976619622111321,77.49
6,0.5337839530557013,0.81558,1.2089038068056106,76.73
7,0.4806916113857113,0.83388,0.6580886656045913,79.64
8,0.4327599560208333,0.8501,0.8012286508083344,78.25
9,0.39732176831463717,0.86222,0.6414408324658871,81.57
10,0.3579456979204017,0.87686,0.5780046993494034,84.0
11,0.3329388905516671,0.88556,0.5008506532013416,84.76
12,0.301305303869345,0.89562,1.4412204313278199,85.13
13,0.27816468622068613,0.90312,0.6438866901397705,82.22
14,0.2579768853419272,0.90996,1.171593703776598,86.67
15,0.2403295329960106,0.91586,122.70894482135773,69.87
16,0.2218127444653255,0.92322,0.675749517083168,85.07
17,0.20612157810755702,0.92736,0.8149737414717674,86.25
18,0.1886311510715948,0.93426,0.5201272283494472,87.92
19,0.17537696310854933,0.93894,0.3760329632461071,89.12
20,0.16670920897056074,0.9403,0.40622798308730124,88.28
21,0.15292047642533432,0.9465,0.41222474053502084,88.53
22,0.14539705306444023,0.94882,0.38867990985512735,88.88
23,0.13291149977070596,0.95356,0.49779865026474,87.13
24,0.128378119777002,0.9547,0.45284177258610725,88.59
25,0.1171890696524964,0.95848,0.4786300763487816,86.74
26,0.11074514175429369,0.96098,0.40490022793412206,89.3
27,0.1000237010343148,0.96518,0.3916927859187126,89.86
28,0.09984349678544437,0.96518,0.4474576772749424,88.22
29,0.09284027054181794,0.9671,0.3824693302810192,90.26
30,0.08601483848908216,0.96998,0.4543619315326214,88.79
31,0.08082274527615294,0.97088,0.4098671405762434,89.56
32,0.07474001080674283,0.97316,0.4491415034234524,89.78
33,0.07146685918712098,0.97492,0.42434872895479203,89.78
34,0.06724481331303601,0.97606,0.482529057264328,89.1
35,0.06458838166826217,0.9781,0.5141108976304531,88.53
36,0.06287983608672686,0.97774,0.41153595194220544,90.22
37,0.059372584218792906,0.9792,0.42576059080660345,90.14
38,0.05086488957466829,0.9818,0.4209674302488565,90.43
39,0.05628348488713165,0.98044,0.4549750131368637,90.14
40,0.051607459607293536,0.9816,0.4132300869375467,90.82
41,0.04919112579958976,0.98274,0.42163992300629616,90.39
42,0.045081987002831135,0.98424,0.4529325537383556,90.78
43,0.04351534459101575,0.98462,0.55384386241436,88.44
44,0.04266720641013759,0.9849,0.4593400427699089,90.21
45,0.03989964640696945,0.98616,0.486087089329958,90.43
46,0.03412947195875066,0.98802,0.5281333769112826,89.8
47,0.03739527776799238,0.98664,0.5414772047847509,89.75
48,0.03511234482897974,0.98754,0.48347080886363986,90.65
49,0.036142727393475946,0.98728,0.4697973171621561,90.65
50,0.03368684916240175,0.98866,0.41954561926424505,91.3
51,0.03233231791792928,0.98902,0.4955557070672512,90.37
52,0.03127620145297416,0.98944,0.47765964299440383,91.12
53,0.02897659793991567,0.98982,0.5067276319116354,90.45
54,0.031784323646741754,0.98956,0.46451600193977355,90.77
55,0.02551166703471976,0.9909,0.42189111195504664,91.58
56,0.023669708322476394,0.99188,0.5088421074487269,90.75
57,0.025021239510163322,0.99156,0.45155240580439565,91.48
58,0.023427784042742553,0.99206,0.4668704631179571,91.43
59,0.024024856267282572,0.992,0.4403790912032127,91.36
60,0.02380826198579291,0.99188,0.44649604611098764,91.47
61,0.022993395755262783,0.99214,0.503761235922575,91.35
62,0.021671334169019025,0.99258,0.5009946114569902,91.01
63,0.02295722784784139,0.99198,0.47678331956267356,91.57
64,0.020697433430025034,0.99272,0.5218644228577614,90.84
65,0.023561609518306943,0.99182,0.5428966338932514,90.7
66,0.018293421329630306,0.99382,0.47550376527011395,91.81
67,0.01942927752385664,0.99294,0.49022236227989197,91.29
68,0.016815486828536938,0.99432,0.4913697436451912,91.02
69,0.018582964331195082,0.99324,0.46646790087223056,91.48
70,0.019234950763776022,0.99338,0.4656320354342461,91.71
71,0.017562536834774878,0.99394,0.45412707678973674,91.81
72,0.015424930128504705,0.99474,0.47072449132800104,91.76
73,0.01498602653789284,0.99536,0.5176064057648182,91.21
74,0.014428350245556259,0.99528,0.7204271523654461,89.37
75,0.017893800143357317,0.9938,0.49924339056015016,91.41
76,0.016578685517287087,0.99442,0.4768223797529936,91.67
77,0.015656264738806182,0.99482,0.529605484008789,91.24
78,0.014972021150619477,0.99508,0.518755791336298,91.0
79,0.011794853726844958,0.99612,0.5245312754809857,91.5
80,0.014197871355754335,0.99546,0.6190645055472851,90.46
81,0.014750661757176795,0.99482,0.4997599728405476,91.38
82,0.01320325214739727,0.9957,0.45278715059161184,91.93
83,0.01157014368726012,0.99588,0.5089599522203208,91.37
84,0.014055663231037357,0.99504,0.4902150797098875,91.75
85,0.01259112385961482,0.99576,0.47507902458310125,92.06
86,0.009948956818841493,0.99656,0.4999922551959753,92.02
87,0.014769544347387064,0.99502,0.501550380140543,91.78
88,0.011076819370774663,0.99634,0.5608032052963972,91.19
89,0.008283326311794388,0.9971,0.5054024860262871,91.96
90,0.01195339136816504,0.9961,0.5464476065337658,91.3
91,0.011432283546041954,0.99646,0.45923431530594827,92.38
92,0.008086428210130938,0.99736,0.5178591956198215,91.82
93,0.010321346706586599,0.99666,0.5006721810251474,92.3
94,0.010735005988260668,0.99636,0.5512853719294071,91.4
95,0.010377922107267868,0.99664,0.5498224477469921,91.88
96,0.00898447675663797,0.99712,0.5371216994896532,91.53
97,0.011095264414444451,0.99632,0.5162121702730655,91.81
98,0.0069916116288024095,0.99766,0.5287467280775309,91.93
99,0.009720748981170337,0.99664,0.53110077470541,91.58
100,0.0080976911413762,0.99714,0.5644579631835223,91.26
101,0.012608463970629875,0.99562,0.5149442346394062,91.44
102,0.007869725330451997,0.99732,0.5147179697453975,92.05
103,0.009377771635990009,0.9966,0.5148573645204305,91.88
104,0.011524636633074879,0.9965,0.4644731505215168,91.84
105,0.008122176423569417,0.99748,0.5019653642177582,91.91
106,0.00946972776880807,0.99674,0.5105328050255775,91.91
107,0.01069099281895477,0.99642,0.5129469700157643,91.9
108,0.00542322699637974,0.99814,0.5499269612878561,91.71
109,0.007144428286439432,0.99778,0.5152565096318722,92.01
110,0.006785654265176305,0.99778,0.5904664489999414,91.08
111,0.009052478690760311,0.99666,0.4877201224491,92.09
112,0.008213147135151316,0.99728,0.5025903879851102,92.3
113,0.007403989730755944,0.99738,0.5255223542451859,92.0
114,0.010598587991712649,0.9967,0.496904624029994,92.04
115,0.006638017321086448,0.9978,0.5411452228575945,91.87
116,0.009662372777071755,0.99654,0.4802213376760483,92.21
117,0.007538988237100108,0.99742,0.47170826978981495,92.38
118,0.007962461132222733,0.99712,0.5016171288117767,92.34
119,0.008829396274036078,0.99696,0.5091292380541563,91.86
120,0.008749621146170379,0.99732,0.5052967151999473,91.97
121,0.0053999663391353,0.99812,0.50244214810431,92.18
122,0.006714830341775094,0.99772,0.5045977802574635,92.42
123,0.007226262413098684,0.99748,0.6048716412484646,90.93
124,0.005935429375680625,0.99814,0.5616682324558496,91.8
125,0.00662039804181246,0.9976,0.5272643821686507,92.34
126,0.010818992977213981,0.9965,0.6022433434426785,90.84
127,0.007511223540129259,0.99732,0.5371587969362736,92.04
128,0.006753896751329112,0.99772,0.6405854429304599,90.72
129,0.00645539098326355,0.99778,0.5867964640259743,91.78
130,0.0054176635620401,0.99834,0.5096658689156175,92.13
131,0.004052063557877229,0.9986,0.4953219076991081,92.47
132,0.004920283150475096,0.99816,0.5243632155656814,91.93
133,0.005848108950402121,0.9979,0.5403740286082029,91.94
134,0.007952775977685324,0.99724,0.6684238851070404,91.03
135,0.004176198791139675,0.99872,0.5432338734716177,92.4
136,0.0057069693169201656,0.99798,0.5356858973950147,91.95
137,0.005515065787317198,0.99824,0.5574824100732804,92.12
138,0.0038734687238579134,0.99892,0.5109271387010813,92.58
139,0.004819149954591061,0.99838,0.5583262579143047,92.26
140,0.007983422392736311,0.99718,0.5371178641170263,92.04
141,0.007201120276432818,0.99752,0.5572228753566741,92.22
142,0.005896181557950525,0.99818,0.5008758683502674,92.11
143,0.006714456879040774,0.99762,0.515319945961237,92.31
144,0.0061001369343770435,0.99802,0.5325260532647371,91.87
145,0.005871787513939716,0.9979,0.5061589721217752,92.38
146,0.0032366571919349454,0.99886,0.5162480821460486,92.63
147,0.0029499382238023465,0.99914,0.5274552212655544,92.41
148,0.005569639127425221,0.99828,0.5250152664631605,92.47
149,0.0053650727114447246,0.99828,0.5480626223236322,92.23
150,0.005639802285349782,0.99832,0.48322396516799926,92.61
151,0.003939147365739202,0.99872,0.5093659813702106,92.85
152,0.00440230189400832,0.99844,0.5400721218436957,92.24
153,0.004219010952548088,0.99846,0.553267710879445,92.48
154,0.0038312498889730997,0.99866,0.5237894926965236,92.52
155,0.0032349370133853456,0.99898,0.5308059091866016,92.67
156,0.007359381832788005,0.9974,0.5553630121052265,92.33
157,0.006559463737108518,0.99758,0.5454746426641941,92.21
158,0.006080354708294525,0.99788,0.6273886354267597,91.5
159,0.007175245991600749,0.99748,0.5312334829568863,92.21
160,0.005029569256126576,0.99814,0.5344273121654988,92.23
161,0.004941788049030077,0.99828,0.5232296176254749,92.59
162,0.0053419336525347,0.99824,0.5213727831467986,92.69
163,0.004285682559661243,0.99866,0.5276640024036169,92.49
164,0.0027867268342265735,0.99916,0.5251011867634952,92.68
165,0.004984147149397779,0.99844,0.5541679026186466,92.21
166,0.005866619201539003,0.99804,0.49208143167197704,92.47
167,0.0042080954440733625,0.9984,0.5246745123714208,92.33
168,0.003780751170402871,0.99858,0.5267837167344988,92.45
169,0.0047723475124334435,0.99858,0.5555641031265259,92.11
170,0.004021543250105087,0.99848,0.5058346302434802,92.48
171,0.001585601165391537,0.99946,0.5458398249186576,92.51
172,0.005020228556126047,0.99822,0.577330780364573,92.58
173,0.004391551670401603,0.9984,0.6156477219983936,91.77
174,0.005685248008459959,0.99808,0.6007287579774857,91.91
175,0.006919878205079633,0.99774,0.5400235821306706,92.03
176,0.003751367168582004,0.99872,0.5506988321244717,92.12
177,0.0038514490951528646,0.99854,0.5388346302881837,92.35
178,0.004645176979777454,0.99852,0.5414078437536954,92.33
179,0.004593860708585585,0.99838,0.5089023003354669,92.62
180,0.004232663635040641,0.99872,0.5153887482173741,92.84
181,0.0037154855306797407,0.99888,0.5181352967023849,92.31
182,0.003302903610575085,0.99888,0.5573460034281016,92.41
183,0.0036089405531847915,0.99872,0.5572414050251245,92.39
184,0.001736871928692369,0.99932,0.5420609124749899,92.6
185,0.001928831391093676,0.99934,0.5892485619336366,92.32
186,0.003089024025537169,0.999,0.5772214728593826,92.38
187,0.0024079260828402116,0.9993,0.5418696829304099,92.7
188,0.0032311363903152973,0.99902,0.5479137257486582,92.74
189,0.0028598585711343124,0.99908,0.5577663542330265,92.49
190,0.005440374945893008,0.99804,0.555513145327568,92.28
191,0.004507477482175812,0.99844,0.5533363277465105,92.62
192,0.004343365355769334,0.9984,0.5635281258076429,92.01
193,0.0032486633037823154,0.99896,0.5276892829686404,92.89
194,0.002859041150010255,0.9991,0.5383362753689289,93.05
195,0.0035239696521703525,0.99884,0.5483493487536907,92.54
196,0.0048939332728038356,0.99812,0.5479468043893576,92.13
197,0.005234300404253519,0.9981,0.5158556745946408,92.66
198,0.0029602092321571486,0.999,0.5191390462964773,92.79
199,0.004018611428589868,0.99896,0.5225517876073718,92.45
200,0.003672314476688652,0.99874,0.5430892319977283,92.62
201,0.00308775900603484,0.99896,0.58443647056818,91.73
202,0.002253531908501497,0.99926,0.5568183150887489,92.6
203,0.003165561448582603,0.99894,0.5530320876836776,92.27
204,0.0017924865560068036,0.99946,0.5571663134172559,92.61
205,0.0037406937259694805,0.99876,0.5664013014733791,92.56
206,0.003360660328433048,0.99884,0.5587335367500782,92.47
207,0.006192070901241449,0.99818,0.5341245487332344,92.7
208,0.004991736710833771,0.9985,0.562011042535305,92.29
209,0.005652125008389963,0.99832,0.5210967275127768,92.55
210,0.0039035566036809796,0.99866,0.500026594363153,92.9
211,0.0016855871319161047,0.99944,0.5097596480720676,92.79
212,0.0021476695528271778,0.99928,0.5351327325031161,92.57
213,0.0017629511845077786,0.9995,0.5521250612661243,92.69
214,0.001520238906296607,0.9995,0.5253585091978311,92.97
215,0.0019286834045915918,0.99944,0.5523897361941635,92.8
216,0.0013199784376164553,0.99962,0.5842137479037046,92.54
217,0.0019534730469769872,0.9994,0.5556820893287658,92.8
218,0.0012655616930873214,0.9996,0.547547625657171,93.03
219,0.001331677175392291,0.99954,0.5805855837464332,92.61
220,0.0012207508716575058,0.99966,0.5735882626473904,92.85
221,0.005350183802256373,0.9983,0.615854917243123,92.27
222,0.004960944072928165,0.99834,0.5426557501405478,92.47
223,0.0035322308997743313,0.99864,0.5244919180124998,92.74
224,0.0008891780586878095,0.99978,0.5127391949202865,92.96
225,0.0009251760819148573,0.99972,0.54862170830369,92.67
226,0.0030088237638030285,0.9991,0.5768708522617817,92.3
227,0.0031968401578228796,0.99886,0.5755036239698529,92.08
228,0.0033196517973794375,0.99894,0.5904447704553604,91.8
229,0.002618861533558506,0.99912,0.5846463846415282,92.26
230,0.0024572701337497176,0.9992,0.560381430760026,92.39
231,0.0022217303342834983,0.99922,0.5627141487598419,92.3
232,0.0029918714424073656,0.999,0.5377742148563266,92.65
233,0.0018272459621301077,0.99928,0.555692341402173,92.48
234,0.0032116632937314346,0.99898,0.5739144325070084,92.6
235,0.004593299142547402,0.9987,0.5708455888554453,92.24
236,0.002115344211859319,0.99926,0.5551125240325928,92.62
237,0.0024177858448774367,0.99914,0.5505585942417384,92.52
238,0.0034827179425587175,0.9989,0.5492393609881401,92.26
239,0.002883620965985291,0.99886,0.5735624099522829,92.23
240,0.0019851842252186277,0.99928,0.5320325972698629,92.86
241,0.00226430940010617,0.99934,0.5326215369999409,92.76
242,0.0017887195281963081,0.99952,0.5459754196740687,92.7
243,0.0017608324546799245,0.9994,0.510229546786286,92.86
244,0.001157465851521264,0.99958,0.532702584862709,93.02
245,0.0012542124504180368,0.99956,0.5371316348202526,92.9
246,0.0006919015532414209,0.99978,0.5237381489016115,93.17
247,0.002662275988838452,0.99898,0.5739496098458767,92.65
248,0.0036203158123756917,0.99882,0.5519119433313608,92.76
249,0.0035095603779319922,0.99886,0.5371179660409688,92.62
250,0.0025755869762976763,0.99906,0.5499253282230347,92.88
251,0.0018436831167286925,0.99934,0.5544211566448212,92.79
252,0.001961559920450863,0.99934,0.5405038957297802,92.89
253,0.002308537247036929,0.9993,0.5880674248933793,92.41
254,0.0032760226501204323,0.9989,0.5881166233867406,92.07
255,0.0018850271086877837,0.99942,0.5297218999825418,92.76
256,0.0021638012641300676,0.9993,0.5503641023859381,92.84
257,0.0019448102301819865,0.99942,0.5535018904507161,93.03
258,0.00221381750901032,0.9991,0.5753815653920173,92.57
259,0.00275333323861327,0.9991,0.5807616159319877,92.45
260,0.0035802037505198643,0.9988,0.5418090878427029,92.59
261,0.001887623093008627,0.99952,0.5284798802435398,92.98
262,0.0011628018792174412,0.99956,0.5467013689130544,92.98
263,0.001433751792968501,0.9995,0.5335356146842242,93.1
264,0.0011589947983122464,0.99958,0.5339667081087828,93.14
265,0.0006222090814882504,0.99982,0.5529234755970538,93.09
266,0.0007340215470461273,0.99966,0.552023043949157,93.22
267,0.001191604429917872,0.99954,0.55828912101686,93.19
268,0.00235560244080894,0.9993,0.6128923341631889,92.73
269,0.0025025117428392136,0.99904,0.6167230241000652,92.47
270,0.003487022987077408,0.9989,0.5997969436645508,92.55
271,0.002275388421076338,0.99922,0.5670900398492813,92.9
272,0.0032390942563340925,0.99906,0.6152151320874691,92.27
273,0.0017443744270244132,0.99948,0.5762779607623816,92.72
274,0.0018605809458388525,0.99938,0.5750044128671289,92.69
275,0.0028314918717768406,0.99902,0.5871324686333537,92.67
276,0.0036864038747366126,0.99888,0.6138144272565842,92.2
277,0.0035481655422374336,0.99884,0.5555625761300326,92.55
278,0.0029393056326586266,0.9989,0.6422589485347271,92.03
279,0.003636990944902032,0.99882,0.5673067528009414,92.36
280,0.0019187905296892919,0.99936,0.5352407643944025,92.77
281,0.001602331558695001,0.99942,0.5356823396682739,92.79
282,0.0017026213314527137,0.9995,0.5487045976519584,92.85
283,0.0021196262915577036,0.99924,0.5669286666065454,92.49
284,0.0020899322179272354,0.99932,0.5606060021370649,92.86
285,0.0013972732379005884,0.99956,0.5533743539452552,92.61
286,0.0011852941549647495,0.99972,0.5945013976097107,92.69
287,0.001644117645728771,0.99946,0.5716282533109188,92.78
288,0.0013902710583947493,0.99948,0.6087583170086145,92.74
289,0.003755305823676474,0.9986,0.5422211195901037,93.09
290,0.002385482853314246,0.99902,0.5746778765227646,92.58
291,0.004112613553543339,0.99856,0.5575003653764725,92.66
292,0.0018821296675144569,0.99944,0.5286170969903469,93.12
293,0.0008104515559759939,0.99972,0.5167210210021586,93.27
294,0.0008969692889691393,0.99964,0.5372969270870089,93.03
295,0.0019006660355802398,0.99944,0.565410721898079,92.79
296,0.0014330579153717022,0.99956,0.5530623618513346,92.9
297,0.0012663053905987657,0.99958,0.5948999639600515,92.61
298,0.0011839975957818496,0.99964,0.5506719797477126,92.86
299,0.0013476973833100004,0.99948,0.5493299817293882,92.94
300,0.0015508260339652748,0.99944,0.5307737711956725,93.16
301,0.0012816270522158736,0.9996,0.5421456951554865,93.19
302,0.0009996802681554442,0.99964,0.5756333923712372,92.96
303,0.0029828347837385473,0.99904,0.5865202681347728,92.45
304,0.002940811881864898,0.999,0.5572415362671017,93.14
305,0.001052323885051475,0.99972,0.54968511775136,93.18
306,0.0019378932102390861,0.9993,0.5685890809446573,92.89
307,0.0017175413706117188,0.99938,0.5717483869194985,92.94
308,0.003861103431664674,0.99856,0.5742682263255119,92.51
309,0.0024992380739001963,0.99912,0.5803339701890945,92.64
310,0.0014020703999741246,0.99964,0.5680936826765537,92.75
311,0.0009787705376484643,0.99962,0.5503775195032358,92.99
312,0.001573795137410064,0.99956,0.5896057894080877,92.69
313,0.0016335492472514472,0.9993,0.5850420074164867,92.82
314,0.0006119571530910404,0.9999,0.5859442958980798,92.84
315,0.0016627592904068342,0.99932,0.6157680885493755,92.58
316,0.001830566045649521,0.99946,0.5836895221471786,92.78
317,0.0015210812944737846,0.99952,0.5886546638607979,92.9
318,0.0011249744051071765,0.9997,0.5767595436424017,92.97
319,0.0015144662479019237,0.99956,0.5714778119325638,93.07
320,0.000908798543388465,0.99962,0.5889664974808693,92.86
321,0.0017022618952387697,0.99946,0.6089338812232018,92.59
322,0.0022283222345361973,0.99934,0.5814177600294351,92.71
323,0.002806304482822938,0.99898,0.5727477789111436,92.74
324,0.002026465944852397,0.99936,0.603455810546875,92.5
325,0.003978950981899151,0.99862,0.5966355921328068,92.42
326,0.003167781609204619,0.99896,0.5549229700863362,92.86
327,0.0018035801570586232,0.9994,0.5578473988547921,92.69
328,0.0015879662920627981,0.9994,0.5694813922909089,92.86
329,0.001484265064114563,0.99946,0.6026959624513983,92.48
330,0.0023680263201294044,0.99916,0.5758569019287825,92.88
331,0.0030276912805226306,0.99896,0.5868412670865655,92.38
332,0.0016288485311333786,0.99944,0.5705491817742586,92.83
333,0.0014244638826421765,0.99958,0.5620000512152911,92.86
334,0.0011382750223588455,0.99956,0.5632591821067036,92.97
335,0.0019608007558166523,0.99936,0.5585222648642957,93.01
336,0.0018288030936990094,0.99928,0.5517570121586323,92.88
337,0.0014676884883884317,0.99948,0.573675332441926,92.89
338,0.0016050456582414208,0.9994,0.5926921566203237,92.85
339,0.0016998537956639324,0.99934,0.6151171035505831,92.48
340,0.0014933128376750995,0.99954,0.5943651679903269,92.71
341,0.0014849390520159241,0.99954,0.6409514853358269,92.34
342,0.0011770416899103146,0.99962,0.5755355344340205,92.84
343,0.0006060405574833363,0.99978,0.5651409372314811,93.35
344,0.00044114436284946204,0.99984,0.576633829139173,93.02
345,0.0006349438729952002,0.99974,0.6575791551731527,92.51
346,0.002763734668340829,0.99908,0.6253682085871697,92.75
347,0.0019115535089808046,0.99934,0.624484902471304,92.71
348,0.0019087859431763724,0.99932,0.5823645066097378,92.98
349,0.001422639913580683,0.99948,0.5678734719753266,93.13
350,0.002771146141968178,0.99906,0.561590506285429,93.11
351,0.0015598873043294905,0.99944,0.5832667909539304,93.11
352,0.0018543185763861365,0.9994,0.5970862513780594,92.95
353,0.0010164592862928637,0.99962,0.5525172384642064,93.18
354,0.0009431518576181758,0.99966,0.575070665962994,93.1
355,0.0003479627658958178,0.99994,0.5637016969686374,93.16
356,0.0003939386180923124,0.9999,0.5435948844999074,93.42
357,0.0005152883051005934,0.99986,0.5499831590801477,93.19
358,0.00016132616783253928,1.0,0.5483981048688292,93.21
359,0.00032800822077370235,0.9999,0.5535300412145443,93.38
360,0.0011070097517936735,0.99976,0.5665057926252485,93.14
361,0.0022219168960740917,0.99912,0.5629972177743912,92.97
362,0.0014021204655889966,0.9995,0.62404903806746,92.76
363,0.0014555717101468748,0.99948,0.5841625478863716,93.0
364,0.0010590590441318425,0.9996,0.5831373235583306,93.17
365,0.0010612343259308638,0.99968,0.5875340252369642,93.06
366,0.001159508019457083,0.99966,0.6004773167520762,93.04
367,0.0011357533390564686,0.9996,0.6027732491493225,92.8
368,0.0022202448028547967,0.99944,0.5963696623593568,92.74
369,0.0020908643656066092,0.99928,0.6179148512333632,92.91
370,0.0018907733623671126,0.99942,0.5976312203705311,92.36
371,0.0022913039092670013,0.99926,0.5678028105199338,92.85
372,0.0018499933087898631,0.9994,0.57504039645195,93.1
373,0.0014954324468703527,0.99946,0.647982382774353,92.52
374,0.0010849010932896122,0.99964,0.599378869086504,92.85
375,0.001426398681709208,0.99954,0.5761036796867848,92.83
376,0.0006355041775869115,0.99984,0.5734551724046468,93.13
377,0.0006828252311899861,0.99978,0.5681317691504956,93.18
378,0.0006456210180019002,0.99976,0.5784373319149018,92.82
379,0.0009369916756592139,0.99958,0.5904517848044634,93.17
380,0.001426714252854121,0.99946,0.6038122246414424,92.85
381,0.0020417998018473255,0.9994,0.5974670098721981,93.1
382,0.0029862930650430253,0.99894,0.5705895430594683,93.17
383,0.0015246020534726056,0.99954,0.5863979720324278,92.93
384,0.0016702371780448557,0.99948,0.5886902774870396,92.8
385,0.002492209663019156,0.99916,0.5991616758704186,92.93
386,0.002676875883585207,0.99924,0.5755211195349693,92.95
387,0.0013487648685717747,0.99956,0.573171105235815,92.86
388,0.002832337546988826,0.99902,0.5921163517981768,92.78
389,0.0019503204528337403,0.99924,0.5838130067288876,92.62
390,0.0011475310892240641,0.9997,0.5958623220026493,92.76
391,0.0008249157720519228,0.99972,0.5896361845731736,92.51
392,0.0009475500880242766,0.99964,0.6210677456110716,92.5
393,0.0015310976206419674,0.99958,0.5858754711598158,92.75
394,0.0012885833716527928,0.9996,0.5691300610080361,93.19
395,0.0007552375135653148,0.99978,0.5880664641410113,93.01
396,0.0009641689031639525,0.99974,0.6131716045737267,92.73
397,0.0021894255467235584,0.99936,0.5674790418148041,92.81
398,0.0012710459187355414,0.9996,0.5703451281040907,92.98
399,0.0012850902346081918,0.99958,0.5696696699410677,92.94
