0,2.051189769259499,0.29016,1.6660595500469209,40.84
1,1.4517167824918351,0.46752,1.4604638016223908,50.8
2,1.1655799523948709,0.57944,1.062469152212143,62.69
3,0.9381567122381361,0.67056,1.3036317867040634,60.57
4,0.7577290599760802,0.73638,0.7680873474478722,73.47
5,0.6364115042149868,0.7801,0.829386235177517,72.64
6,0.5572731988814176,0.80828,0.7400973454117775,75.5
7,0.5043125603052662,0.8244,0.616999642252922,79.17
8,0.4561814392161796,0.84176,0.5388609755039215,82.21
9,0.4156263654341783,0.85554,0.6065309262275695,80.59
10,0.3805206815909852,0.86946,0.7045972472429276,78.68
11,0.3523853209317493,0.8777,0.7898984222114086,81.04
12,0.3260266729404249,0.88694,0.5055980524420738,83.82
13,0.30043598132974964,0.89552,0.5908028477430344,83.36
14,0.28003590590203814,0.89996,0.4869809675216675,85.02
15,0.2598263636193312,0.90948,0.4643164139986038,85.77
16,0.24484158031013617,0.9145,0.5048170830309391,84.99
17,0.2257743726872727,0.92132,0.4344262899458408,86.89
18,0.2086252474876316,0.9275,0.4429635917395353,87.2
19,0.19819222161989383,0.93144,0.483593403249979,85.27
20,0.18299315486798812,0.93524,0.5340725561976433,84.92
21,0.17527028178924794,0.9386,0.5723428030312061,85.2
22,0.1650794149874269,0.9426,0.3603174408525229,89.58
23,0.15108616954987616,0.94776,0.4806551647186279,86.32
24,0.13932114832884515,0.9512,0.45506059303879737,87.58
25,0.12825957204565366,0.9542,0.3975013095885515,88.94
26,0.12176611782301722,0.95594,0.39475007362663744,88.92
27,0.11394600892234641,0.95998,0.42575047448277475,88.58
28,0.10555527969966154,0.96262,0.458459452316165,88.1
29,0.10050137837886658,0.96496,0.3937112732231617,90.02
30,0.09683654846056648,0.96568,0.4062141355872154,89.93
31,0.09172752503391422,0.96756,0.39633788116276264,89.71
32,0.08381596885983596,0.9705,0.47013271391391753,88.77
33,0.07887222455895465,0.97252,0.46303261294960973,89.01
34,0.07344632359969494,0.9741,0.4335818609595299,89.24
35,0.0707780635055831,0.97532,0.42306993529200554,89.86
36,0.06854093293456928,0.97618,0.45719086691737176,89.31
37,0.06264279690830757,0.97822,0.4160001105815172,89.94
38,0.06258740181775044,0.97786,0.4102462010085583,90.23
39,0.05835285224020481,0.97934,0.4203143995255232,90.63
40,0.05357606209281003,0.98092,0.6599777168035508,86.57
41,0.049200117726193364,0.98326,0.45316490352153777,90.43
42,0.054475396228453994,0.98112,0.4499172807484865,90.17
43,0.05256737402790343,0.98126,0.44033891282975673,90.51
44,0.04375886246609642,0.98482,0.4166922688484192,91.04
45,0.04286810698087715,0.98488,0.45828328758478165,90.86
46,0.04228248686322471,0.98584,0.9269536551833153,85.8
47,0.04066438621858044,0.98582,0.4442404052615166,90.7
48,0.037690172591210935,0.98734,0.4473549927026033,91.09
49,0.036828914719164524,0.98732,0.4936233261600137,90.38
50,0.03423189393737737,0.98808,0.4469483830034733,90.87
51,0.03422138455997952,0.98828,0.46888563357293606,90.97
52,0.03661541515946998,0.98738,0.43156901314854623,90.91
53,0.030057690613676826,0.98986,0.4947676582634449,90.14
54,0.030533946150213556,0.98984,0.4620988219976425,91.56
55,0.02938347433686561,0.9905,0.5727363383769989,89.65
56,0.031162547362048914,0.98922,0.493232220262289,90.42
57,0.02830919150687049,0.99024,0.4585376663506031,90.88
58,0.025508363100002183,0.9915,0.49660961888730526,90.91
59,0.025294340284698454,0.99124,0.5670000582933425,89.61
60,0.02648049668716195,0.99128,0.5118136996775866,90.4
61,0.023339284317153493,0.99178,0.4604031978547573,91.28
62,0.025582335041383342,0.99124,0.5022163551300765,90.88
63,0.02067673400692318,0.99278,0.4809309057146311,91.6
64,0.021341451159094835,0.99242,0.4833875958621502,91.27
65,0.02124683167833044,0.9922,0.4855948982387781,91.29
66,0.022147365200245166,0.9924,0.5187542847916484,90.64
67,0.01982357796481656,0.99346,0.44636835537850855,91.69
68,0.01854462204667766,0.99384,0.46402738966047763,91.39
69,0.022219235905210303,0.99238,0.44726503029465675,91.77
70,0.017402926926760723,0.99388,0.501940255612135,91.41
71,0.019770264506454357,0.99316,0.5786759240925312,90.11
72,0.02062630011221332,0.99252,0.4801312939822674,91.64
73,0.016113619513028418,0.99464,0.45697404369711875,91.96
74,0.01584118971948886,0.99432,0.4855646003782749,91.51
75,0.015383932824351389,0.99512,0.49050316244363784,91.72
76,0.01721879186423119,0.99398,0.5009137021005153,91.26
77,0.015748794159620924,0.99484,0.5050420933961868,91.35
78,0.016044318804617427,0.99472,0.4976288564503193,91.57
79,0.01464584953797138,0.99468,0.48462589234113695,91.4
80,0.014333602360180577,0.99484,0.4740383655577898,92.03
81,0.01468637650427611,0.99516,0.4981588070839644,91.79
82,0.012088285643867006,0.99558,0.4525158055126667,92.15
83,0.015466846444684526,0.99446,0.4875500340014696,91.58
84,0.012789880753854467,0.99538,0.5028708901256322,91.81
85,0.015795208885312995,0.9944,0.537460801973939,90.72
86,0.01544392310306811,0.99502,0.43521642208099365,92.38
87,0.011732702452541731,0.99628,0.4821615506708622,91.9
88,0.012392589284102326,0.99586,0.43981733210384844,92.31
89,0.00855533017412476,0.99712,0.5360708045959472,91.79
90,0.005812473380771439,0.99808,0.4607384458184242,92.54
91,0.0036567391070258587,0.99882,0.4467858810722828,92.74
92,0.0022747553158503817,0.99942,0.4476053098961711,92.92
93,0.0019244323222590682,0.9995,0.4530551027134061,92.79
94,0.0017982151102074577,0.9996,0.44471927650272847,92.84
95,0.0012830083803942159,0.99966,0.4449769995734096,92.97
96,0.0013621787662100766,0.99958,0.4466439739614725,92.88
97,0.0012807103905283733,0.9997,0.4493263070657849,92.95
98,0.0013004287048225122,0.9997,0.4478298476710916,92.91
99,0.0013994342054102255,0.99962,0.44484792947769164,92.98
100,0.0015317168380931743,0.99948,0.4499053167551756,92.99
101,0.0010485310861340646,0.9998,0.45476607587188483,93.0
102,0.0012710622795287323,0.99966,0.44866183403879406,92.95
103,0.0012768429791545281,0.9997,0.4548993742838502,92.96
104,0.0013395608033594268,0.99962,0.45071658611297605,92.98
105,0.0012791439928971898,0.99966,0.4469991692900658,93.01
106,0.0011833570478513807,0.99964,0.450548811852932,93.02
107,0.0013631126841010949,0.99964,0.45361404832452534,92.97
108,0.001134905950737941,0.99968,0.44568742662668226,92.99
109,0.0014254610499907809,0.99958,0.45117709193378686,92.97
110,0.0011732278807360269,0.99972,0.4466153892874718,93.0
111,0.0013054654173686377,0.99958,0.4499317755922675,92.92
112,0.0012067112357259187,0.99962,0.4458160109817982,92.95
113,0.0013413437016313071,0.99958,0.452604795768857,93.02
114,0.0012412411401934369,0.99968,0.45274621427059175,92.98
115,0.0012381185236794259,0.99972,0.4522898616269231,93.05
116,0.0013056422171839144,0.99964,0.44932353623211385,92.97
117,0.0012125938101653772,0.99968,0.452372700534761,92.96
118,0.0013146228421365355,0.99972,0.4500919356942177,93.0
119,0.0013349410039289375,0.99968,0.44611614897847174,92.98
120,0.0015000496373769095,0.99966,0.4496079212427139,93.0
121,0.0011685532091966714,0.99968,0.4519810000061989,92.96
122,0.0012846265912360851,0.99966,0.45051631251350044,92.95
123,0.0011987260106922416,0.99976,0.44886655524373054,93.0
124,0.0015412856264912542,0.9995,0.4495420302823186,93.02
125,0.0013472976186774228,0.99966,0.44469903361052276,92.97
126,0.0014082349436667263,0.99964,0.45126807257533075,93.0
127,0.001368620597264346,0.99964,0.4483919466659427,92.93
128,0.0012383178466587991,0.9996,0.4499283615127206,93.0
129,0.0010051221798604015,0.99978,0.448216751255095,93.04
130,0.0012436093514799462,0.99968,0.4497577504441142,92.94
131,0.0014700590554290436,0.99962,0.45187900997698305,93.02
132,0.001169367502217212,0.99968,0.4459680512174964,92.98
133,0.0014813547302513857,0.99962,0.45025674913078545,92.98
134,0.001381913925067175,0.99962,0.4488124065473676,93.02
135,0.0011415455199759025,0.99966,0.45305372107774017,92.96
136,0.001363482953155237,0.99966,0.45361732728779314,92.91
137,0.001160752020634549,0.99976,0.44794570151716473,92.96
138,0.001144146145669186,0.99966,0.45274618443101644,92.95
139,0.0013848919678381775,0.99962,0.44852465376257894,93.03
140,0.001170957063706151,0.99964,0.4495506290346384,92.97
141,0.0014271651349409156,0.9996,0.4515431524068117,92.97
142,0.0012831032942936464,0.9997,0.45374604139477015,92.96
143,0.0014346109166064912,0.99956,0.4489121984690428,93.02
144,0.0012737317253416285,0.99966,0.4531776896864176,93.02
145,0.0014846424162483123,0.99958,0.4483622842654586,92.95
146,0.0011605665392434115,0.99972,0.4485903960838914,92.97
147,0.0014844293446492052,0.9995,0.4430919491127133,92.92
148,0.0011162972149184292,0.99964,0.4485320593044162,93.07
149,0.001218158200911968,0.99976,0.4474907827377319,93.05
150,0.001423616688299562,0.99964,0.44854000125080346,93.02
151,0.0012588944641010993,0.99968,0.449169003367424,92.92
152,0.0011555566297620154,0.9997,0.44896387606859206,92.89
153,0.001112064098060379,0.99976,0.4494306618720293,92.95
154,0.001286394762672017,0.99968,0.4516632843390107,92.97
155,0.0011847433036208436,0.9997,0.4464196150004864,92.97
156,0.0011619545500445635,0.99978,0.447904700525105,92.98
157,0.0014777489253939094,0.99968,0.4539166271314025,92.96
158,0.0015593728692511388,0.99952,0.4495753275603056,93.01
159,0.001195936053491119,0.99976,0.45498204277828336,92.9
160,0.0013278697943672195,0.99966,0.45054405711591244,92.97
161,0.0013250350457011148,0.9996,0.4484526888653636,92.91
162,0.0013510929387839288,0.9997,0.4503980798646808,93.0
163,0.0010311648459270504,0.99982,0.4519824155792594,92.96
164,0.0015606064720989187,0.99954,0.4455678220465779,92.97
165,0.0009726938841574321,0.99976,0.4505487287789583,93.02
166,0.0013870793499547959,0.99966,0.44473765563219786,92.89
167,0.0013495823803126735,0.99964,0.4536106262356043,92.95
168,0.0013590809594973198,0.99964,0.4483893800899386,93.0
169,0.0010612603858151399,0.99982,0.44892067901790145,92.97
170,0.001262559825593196,0.99964,0.4493447296693921,92.93
171,0.001379115391782273,0.99966,0.4566652585938573,93.0
172,0.0014310257018716765,0.99966,0.44169568974524737,92.97
173,0.001232182573708122,0.99964,0.45300784286111595,92.96
174,0.0011950574986918895,0.9997,0.4491949990019202,93.0
175,0.0010832868402151218,0.99974,0.45107299968600273,92.96
176,0.001174236024201647,0.99964,0.45190407287329437,93.01
177,0.0012785438552957034,0.99962,0.44967202953994273,93.03
178,0.0010440370959379826,0.99976,0.45290106136351826,93.0
179,0.001353536349958103,0.99956,0.44724085353314874,92.9
180,0.0013391687189374128,0.99954,0.45167799837887285,92.96
181,0.0012331487863417477,0.99968,0.44842528235167267,92.99
182,0.001450138584867863,0.99944,0.447820539791137,93.02
183,0.0011127071364571656,0.9997,0.44857469405978917,93.04
184,0.0011988366046525023,0.99976,0.4533558291196823,92.92
185,0.001560015316881106,0.9996,0.454495405331254,92.87
186,0.0011040072592929282,0.99976,0.4513033722899854,92.92
187,0.0016105437618227738,0.99952,0.45223144713789226,93.04
188,0.0014021779227097605,0.9996,0.4479545610398054,92.99
189,0.0012712048713827643,0.9996,0.45200611431151627,92.97
190,0.0011818875227292613,0.9997,0.4499071649461985,92.91
191,0.001499695932533404,0.99952,0.44784264735877516,92.95
192,0.0012959068047973658,0.99968,0.4487261287868023,93.01
193,0.0013196692406616706,0.9997,0.4513820367679,92.98
194,0.0010665042835431855,0.99976,0.4538620674610138,92.9
195,0.0011709938745807541,0.99972,0.4496590908616781,92.91
196,0.0013986930556004614,0.99946,0.44702895388007163,92.9
197,0.0011415074223919254,0.9997,0.453714975528419,92.94
198,0.001270830455944603,0.99968,0.4526059528812766,93.02
199,0.0013148918986240702,0.99972,0.44940606988966464,92.91
200,0.0012503444643505394,0.99964,0.44777146484702823,92.99
201,0.0012131370184786767,0.99966,0.44808239486068485,93.0
202,0.001150283190752844,0.99962,0.44871849328279495,93.0
203,0.0013788650846233844,0.9997,0.45157131474465134,93.06
204,0.0013009456779493394,0.99976,0.44900268595665693,92.91
205,0.0014260634416690492,0.99962,0.44403901021927594,93.03
206,0.0013266714980572408,0.99966,0.44788488999009135,92.96
207,0.0011337016301769692,0.99972,0.449511666931212,92.9
208,0.0014623876761102005,0.99964,0.45236225735396146,93.09
209,0.0015700297930347183,0.99956,0.4477678393945098,92.95
210,0.001459529041312635,0.99958,0.44903046026825905,93.0
211,0.0014634035546770643,0.99952,0.45105082415044306,92.99
212,0.0014692442953143545,0.99954,0.44573185611516236,92.95
213,0.0011562177611579238,0.99966,0.448413004130125,93.04
214,0.0012170258004379417,0.9996,0.4493241482973099,92.96
215,0.0011337291782737061,0.9997,0.450478408485651,92.97
216,0.0011870010943977338,0.99962,0.4506602019071579,92.88
217,0.0014389247902671396,0.99952,0.44864029452204707,92.98
218,0.0009713964884534053,0.99982,0.4449860433861613,92.96
219,0.0012101442422098516,0.9997,0.45001862972974777,92.97
220,0.0014407592566560029,0.99962,0.4433484549075365,93.01
221,0.001258152253601862,0.99962,0.4503254546970129,92.91
222,0.0013909249792701404,0.99964,0.44907298803329465,92.93
223,0.0012581951763180783,0.99968,0.44788812346756457,93.0
224,0.0011109851472175924,0.99978,0.44975298151373866,92.91
225,0.0011959656253647622,0.9997,0.4505794122815132,93.02
226,0.001394868714471712,0.99956,0.4514941775426269,93.0
227,0.001170361956731533,0.99972,0.44716214913874863,93.0
228,0.0013373594521485326,0.9996,0.4555471246317029,92.97
229,0.0013501599773882514,0.99966,0.4468858886882663,92.97
230,0.0013588842528853137,0.99964,0.4517331537976861,92.96
231,0.0014635268227367537,0.99952,0.45173382241278887,92.92
232,0.001383630714118433,0.99954,0.45292810890823604,93.01
233,0.001078964952710549,0.99974,0.45023588683456184,93.03
234,0.0011585378928793014,0.99972,0.44891183033585547,92.96
235,0.0014231069408871633,0.99968,0.4492605784535408,92.96
236,0.0010895759362698821,0.99978,0.45072760224342345,92.95
237,0.0011803352676243866,0.99972,0.4521549109742045,92.95
238,0.0012517213935705075,0.99974,0.44937752950936555,92.96
239,0.0010556004522267826,0.99982,0.4469307957589626,92.96
240,0.0015178014421710492,0.99966,0.448366343267262,92.91
241,0.001060037810565032,0.99974,0.448659671023488,92.94
242,0.0012547475374553858,0.99968,0.4497363578900695,92.99
243,0.0011119348161286362,0.99974,0.44737585144117475,92.91
244,0.0011400439433486718,0.99968,0.45223546274006365,92.94
245,0.0012401156337357715,0.99968,0.4531898728385568,92.97
246,0.001265925940725954,0.99962,0.44665016908198596,93.02
247,0.0015163699056610198,0.99964,0.45464311994612217,92.9
248,0.001075727584035805,0.99976,0.45130255360156296,92.97
249,0.0014803956022232717,0.99966,0.44860735315829514,93.05
250,0.0011063924226302493,0.99968,0.4512351754307747,93.0
251,0.0013430304682391988,0.9997,0.4526600310578942,92.9
252,0.0015813556090092567,0.9995,0.4501501514390111,93.02
253,0.0014413045009162248,0.99964,0.44942770950496197,92.99
254,0.001194204799743081,0.99964,0.452484361641109,93.03
255,0.0010663651101424567,0.99976,0.4512888802215457,92.93
256,0.0014509126811069163,0.99958,0.44647592373192313,93.12
257,0.0011733636450621805,0.99972,0.448302235044539,93.06
258,0.0014312959273739228,0.99962,0.451028620749712,92.86
259,0.0013028577655938495,0.99964,0.44973928321152923,92.94
260,0.0011884009003635648,0.99972,0.4497333227097988,92.9
261,0.001139231691206329,0.99968,0.44897163443267346,92.91
262,0.0012073990443180723,0.99974,0.4492714324221015,92.98
263,0.0015302424540456212,0.99952,0.44696329429745674,92.95
264,0.00122228397815393,0.99974,0.4519987040013075,93.0
265,0.001366593959250623,0.9996,0.4520639639720321,92.89
266,0.0014564473800661275,0.99962,0.44884538795799017,93.01
267,0.0011496117542190549,0.99966,0.44676836870610714,93.05
268,0.0011399890456343894,0.99968,0.4509849170222878,92.92
269,0.0013414465643655624,0.99962,0.45313755348324775,92.95
270,0.0017122608888477486,0.99946,0.45528996717184783,92.97
271,0.0015265082935546584,0.99956,0.4506364085897803,92.94
272,0.001545620511424111,0.99958,0.4472882674634457,93.04
273,0.0012364558266092312,0.99964,0.44921117249876263,92.97
274,0.001305701903780908,0.99964,0.4498856800049543,93.02
275,0.001370946950543567,0.99954,0.4493863426893949,92.95
276,0.0014444558345370322,0.99952,0.44521055534482,92.89
277,0.0011677074233008087,0.9997,0.4529526439681649,92.98
278,0.001368788353469045,0.99964,0.4476197225227952,92.98
279,0.001424856362012846,0.9996,0.4473665411770344,93.03
280,0.001371419736575109,0.99974,0.45147489592432977,92.95
281,0.001273082835046584,0.99968,0.447899808883667,92.98
282,0.0011901222300403716,0.99974,0.4482464958354831,92.99
283,0.001357304264881822,0.99964,0.45139542903751134,93.01
284,0.0012198446027915496,0.9997,0.4502860023453832,92.86
285,0.0016003550736524183,0.99952,0.45423302296549084,92.99
286,0.0012760791651275762,0.99968,0.44716845996677873,92.94
287,0.0012135853433548032,0.99966,0.4477889023721218,92.99
288,0.0013364043772754158,0.99966,0.4467408500611782,93.02
289,0.0015077325711955727,0.99966,0.4489521390199661,92.91
290,0.0013449338009900145,0.9996,0.4490567374229431,93.0
291,0.0011894841271061379,0.99978,0.44849924094974997,92.97
292,0.0013885306408944424,0.99956,0.44542373474687336,93.02
293,0.0016268317704088986,0.99948,0.4501137344911694,92.94
294,0.0012449674213619527,0.99968,0.44763451870530846,92.96
295,0.0012317669257531157,0.99966,0.44668911933898925,93.01
296,0.001380671335853484,0.99956,0.4498002458363771,92.98
297,0.001373577655157279,0.99958,0.4497307835146785,92.93
298,0.001042583455208286,0.99976,0.44928513146936894,93.0
299,0.0015437838576144247,0.99956,0.45026952736079695,92.97
300,0.0012340778470798003,0.9997,0.448890785779804,92.93
301,0.0015080484187663973,0.99958,0.44658948365598916,92.99
302,0.0013793497533916169,0.99952,0.44737116593867543,92.98
303,0.0010052129378854333,0.99986,0.45207611825317146,92.99
304,0.0010580658912509823,0.99974,0.4481074189767241,92.99
305,0.0016477379157110248,0.99956,0.4532177045196295,92.89
306,0.0013230422668306686,0.99968,0.45236947502940894,92.93
307,0.0011004512858129871,0.9997,0.45183752477169037,92.95
308,0.0013264136527085266,0.99966,0.453075928799808,92.87
309,0.0011341895212453868,0.99972,0.4472894262894988,92.92
310,0.0015704344681803854,0.99952,0.4501590706780553,92.97
311,0.0012543512941769468,0.99968,0.449755524136126,93.05
312,0.0011846319354875275,0.99974,0.45058953076601027,93.0
313,0.0012535399793072745,0.9996,0.4503016773611307,92.98
314,0.00113277163577166,0.99968,0.4489154402911663,93.02
315,0.0018410697541273464,0.99948,0.44574523326009513,92.98
316,0.0012889386909773282,0.99968,0.4435021699965,93.04
317,0.0012034027472823498,0.9997,0.4455323005095124,92.96
318,0.0014427582778886933,0.99966,0.45023355692625044,92.99
319,0.0011914122249464245,0.9997,0.4487690360471606,92.94
320,0.0011221055010490863,0.9997,0.4449606988206506,93.05
321,0.0013585803033474386,0.99958,0.4476983039453626,93.02
322,0.001259193626617122,0.99958,0.44897479124367234,92.92
323,0.001069923987622698,0.9997,0.45214683812111617,92.98
324,0.001285821523355401,0.99976,0.44855903048068285,92.95
325,0.0012333509277033111,0.99964,0.4467622261121869,92.96
326,0.0014354765891273747,0.9997,0.4493173452466726,93.0
327,0.0013606393447174402,0.99966,0.452346739731729,92.88
328,0.0017348031711090556,0.99954,0.4461105775460601,93.03
329,0.0013741546374795687,0.99956,0.45200090900063516,92.98
330,0.0014487514010323283,0.9996,0.447612110003829,92.96
331,0.0013985456083008014,0.9996,0.45035786971449854,93.02
332,0.0012537234827079346,0.9997,0.44811466269195077,92.94
333,0.0012846675179952333,0.99972,0.450127281062305,92.96
334,0.001503963951415786,0.99948,0.44940431021153926,92.98
335,0.0013141730290619047,0.9996,0.4494181751459837,93.0
336,0.0017180943180082839,0.99938,0.45117085145786406,92.91
337,0.0010038722811471176,0.99976,0.44802340341731905,92.95
338,0.0013938844718290326,0.99956,0.45187253434211017,92.99
339,0.001346238119446713,0.99966,0.44991084072738885,93.0
340,0.0013560728888120264,0.99968,0.45397306967526674,93.1
341,0.0012100617760968635,0.99972,0.4483318580687046,92.98
342,0.0014071647144640888,0.99964,0.4505277385562658,93.0
343,0.0014988386646181684,0.99962,0.4480309197679162,93.06
344,0.0012113595252756573,0.99962,0.4526190124079585,92.97
345,0.0010322589016950612,0.99976,0.45235350854694845,93.01
346,0.001318645867918942,0.99964,0.45050315782427786,92.97
347,0.0015070455248855873,0.9996,0.4479482442885637,92.95
348,0.0014591232513823315,0.99952,0.45429298397153617,92.97
349,0.0014996224866353472,0.99952,0.4486867566034198,93.01
350,0.001181057293761207,0.99974,0.45099651243537664,92.93
351,0.0012892855650550612,0.99964,0.4457815191522241,93.04
352,0.0012862895531995195,0.99968,0.448004764020443,92.86
353,0.0014275578785535243,0.99962,0.4494844861701131,93.05
354,0.0014478598714328568,0.99956,0.44667925510555506,92.93
355,0.0012022892952255923,0.99972,0.45006835777312515,93.0
356,0.001158862635299005,0.9997,0.4446173304319382,93.0
357,0.001063609178519815,0.99976,0.44609375281259417,93.02
358,0.0011501227421543139,0.99974,0.45096739012748005,93.06
359,0.001192037936757364,0.99968,0.4493846034631133,92.94
360,0.0013567083556910076,0.99962,0.44731076203286646,92.97
361,0.0013738897374200383,0.99968,0.4495940002799034,93.07
362,0.0014056580031321616,0.99958,0.4431992356851697,92.99
363,0.0014242622724441273,0.99956,0.4495115943998098,92.93
364,0.0014598106446168612,0.99962,0.44964001543819904,92.89
365,0.0011955595706203057,0.9996,0.44747113436460495,92.91
366,0.0012677173899716513,0.99968,0.4527261833101511,92.93
367,0.0013245135126516336,0.9997,0.4446907585859299,92.97
368,0.0011383899242070545,0.99974,0.4475184254348278,92.94
369,0.0015491695688737324,0.9996,0.44731243897229434,93.06
370,0.0011636994435521,0.99966,0.4526456732302904,92.99
371,0.001073259220030123,0.99978,0.44524286344647407,92.91
372,0.001112766460986877,0.99974,0.44730196382850407,93.0
373,0.0013276087601021256,0.99964,0.44669393479824065,92.99
374,0.0011241910517658762,0.99968,0.45180103670805694,92.97
375,0.001260145797434113,0.99956,0.4494903277978301,92.97
376,0.001331241226747937,0.99966,0.45167804799973965,92.96
377,0.0013634189469096682,0.99966,0.4463670274615288,93.02
378,0.0013230490963310575,0.99952,0.4469119345396757,93.02
379,0.0010944838776155506,0.99974,0.45168597519397735,93.05
380,0.0011139136141209188,0.99974,0.4504016939550638,93.0
381,0.0011957184509243197,0.99974,0.45012081556022165,92.88
382,0.0012831039574292614,0.99972,0.45425207398831846,92.91
383,0.0014022870460891968,0.99962,0.45424928329885006,92.99
384,0.0009537272136229688,0.99974,0.4525456194207072,93.02
385,0.001081501267610125,0.99982,0.4549086298421025,93.03
386,0.0011660109209778058,0.99974,0.45046538397669794,92.92
387,0.001095435739781209,0.99984,0.4507047576084733,92.97
388,0.0013580869054397964,0.99954,0.4560026652365923,92.86
389,0.0011723530090600371,0.99968,0.4522093945555389,92.96
390,0.001208981576245701,0.99964,0.4540610343590379,92.92
391,0.0011483773343798603,0.99978,0.4435855558887124,93.0
392,0.0011229678454892703,0.99968,0.44797743529081346,92.94
393,0.0014326613815620428,0.99956,0.4509343634173274,92.95
394,0.0014639571061223278,0.99952,0.449021408110857,92.95
395,0.0011594368597356213,0.99968,0.45029895182698965,92.93
396,0.0014605253834820465,0.99964,0.4515119170024991,92.99
397,0.0015421519403757058,0.99952,0.44896773859858513,92.93
398,0.001207530458458959,0.99968,0.45067817606031896,93.0
399,0.0010340432986653413,0.99978,0.45432554472237824,92.95
