0,1.8652301880404771,0.33132,1.508149950504303,44.05
1,1.402255928424923,0.48898,1.3044876873493194,54.88
2,1.1652076861742513,0.58196,1.2576150447130203,58.09
3,1.019994315131546,0.63892,1.0263148003816605,63.47
4,0.8710757493972778,0.6921,0.9138287109136581,69.28
5,0.7280894371554675,0.74336,0.9121758836507797,71.65
6,0.6310075030607336,0.78058,0.7931421515345574,74.49
7,0.5643343380497544,0.80466,0.745845043361187,75.48
8,0.5059540432584865,0.82484,0.627563009262085,78.59
9,0.46154165549961196,0.841,0.5939956402778626,81.83
10,0.42392281955465333,0.85276,0.5596754416823387,81.54
11,0.3835168256784034,0.86718,0.6051121410727501,81.39
12,0.355761513456969,0.87622,0.6824526652693749,82.04
13,0.331089394819706,0.88476,0.4759448263049126,84.69
14,0.31217914884505066,0.89094,0.5376332542300224,82.73
15,0.28750720684942993,0.90096,0.5644798186421395,81.63
16,0.2686686969321707,0.90744,0.468502502143383,85.38
17,0.2568315878281813,0.90966,0.5414911225438118,84.19
18,0.23343791542074566,0.9195,0.4705131261050701,85.64
19,0.21883337188254842,0.92316,0.4655209907889366,85.92
20,0.2085656182044912,0.92612,0.4200877197086811,87.11
21,0.20045270707906054,0.92888,0.4733806851506233,86.17
22,0.18482979004988281,0.935,0.4439771132171154,86.91
23,0.17116330299154878,0.94054,0.3879463368654251,88.5
24,0.1640388783534317,0.94334,0.36544149056077,89.13
25,0.15307495921202327,0.94628,0.3883399660885334,88.75
26,0.14450985615325096,0.94922,0.4044232308119535,88.46
27,0.13726772137386414,0.95182,0.44143047109246253,87.71
28,0.125524799203705,0.9558,0.469649448543787,87.74
29,0.12287116988235727,0.95582,0.47449781343340874,87.19
30,0.11336512575426218,0.96088,0.45662410467863085,87.99
31,0.10896989882297223,0.96012,0.38773849442601205,89.28
32,0.10469358554467216,0.9628,0.41212154150009156,89.37
33,0.09788208668741881,0.9649,0.3922120437026024,89.19
34,0.09273910193758853,0.9674,0.3657661624252796,90.25
35,0.0880682968136752,0.96968,0.4642528460919857,88.92
36,0.08558001576463127,0.9691,0.6279159758985042,86.15
37,0.07756783123916525,0.97184,0.42917738363146785,89.37
38,0.07737388506607937,0.97204,0.4072300637513399,89.65
39,0.073345368861428,0.97312,0.3965123994648457,90.22
40,0.06704624162038879,0.97522,0.4409375283122063,89.51
41,0.06390030215234707,0.97772,0.45894694738090036,89.18
42,0.062225340320097515,0.97786,0.5467852759361267,88.2
43,0.06319904816634667,0.9775,0.41510250344872474,89.78
44,0.05566522990689253,0.9806,0.4964052505791187,89.62
45,0.05358904137102234,0.98096,0.42327417716383936,90.54
46,0.050405246093678656,0.98256,0.5445581106841564,88.93
47,0.05204120368870628,0.98114,0.43813758552074433,90.4
48,0.04621638971692918,0.98382,0.38225532293319703,91.2
49,0.045155732504204106,0.9842,0.434722451120615,90.32
50,0.04299367832310517,0.98472,0.4445916287600994,90.17
51,0.04469348644585256,0.98444,0.48395604997873304,89.77
52,0.040195250416846226,0.98576,0.45716696843504906,90.74
53,0.03625674359500408,0.9877,0.612572092115879,88.61
54,0.042759122207875144,0.98456,0.4680726972222328,90.28
55,0.03642071978858365,0.98692,0.45940256647765637,90.46
56,0.03417742400027602,0.9879,0.4592032428830862,90.55
57,0.0358940169293805,0.98784,0.46238441571593286,90.76
58,0.03263448313107271,0.98832,0.43367786023765803,91.48
59,0.03241655690705075,0.98828,0.49883343920111656,90.37
60,0.02692817744162991,0.99062,0.5378023891150951,89.88
61,0.030064080772764238,0.98944,0.4661327904462814,90.68
62,0.02943250263000236,0.98988,0.6348309773951769,88.74
63,0.029282733659876888,0.98974,0.469116622954607,90.95
64,0.026448961466436497,0.99066,0.454700915440917,91.22
65,0.023846207958315036,0.99162,0.4676893641799688,91.12
66,0.024447788458193658,0.99158,0.47428647622466086,90.92
67,0.023502881620841486,0.99178,0.4761972264200449,91.05
68,0.0215188269896428,0.9927,0.5160742254555225,90.91
69,0.025990461660287036,0.99148,0.47089905202388765,90.91
70,0.023842313444799246,0.9912,0.4460423421114683,91.17
71,0.02413441876754584,0.99166,0.5848024024069309,90.05
72,0.017597147944809682,0.99394,0.5005092966556549,91.09
73,0.021916229230211214,0.99192,0.49424542278051375,90.46
74,0.021597724769959973,0.9923,0.5050981876254081,90.78
75,0.017898952988598046,0.9938,0.50341856777668,91.05
76,0.019381964460129627,0.99324,0.5063197730481624,91.02
77,0.020407410109858682,0.99316,0.4510405219346285,91.16
78,0.014465742661138934,0.99546,0.5260561281442642,90.81
79,0.01764135702472666,0.99378,0.5496666499227285,90.72
80,0.01542400982221374,0.99516,0.5333953518420458,91.11
81,0.01750099019307043,0.99396,0.4723652819544077,91.53
82,0.01613720647438103,0.99426,0.4723713023029268,91.49
83,0.015364672521800946,0.99464,0.5251828943192959,91.12
84,0.015061719252554047,0.9945,0.4873622220754623,91.55
85,0.018691002816447744,0.99362,0.48397551476955414,91.18
86,0.013592331722626447,0.99504,0.4754649385809898,91.83
87,0.014294844778145062,0.99532,0.5678575755655766,90.92
88,0.013129315033550268,0.99526,0.4827857941389084,91.51
89,0.013764610337784223,0.9949,0.49040493205189706,91.57
90,0.016851824882161588,0.99404,0.5432396829128265,90.55
91,0.01000188973725147,0.9968,0.5230670436099172,91.35
92,0.015405681279614149,0.99474,0.5069916364550591,91.2
93,0.011834847737479445,0.99602,0.5063698953390121,91.68
94,0.009768117185863083,0.99672,0.5852713010087609,90.64
95,0.007812604196179096,0.99752,0.5235804844647646,91.63
96,0.011595104868664309,0.99576,0.5096760629117489,91.67
97,0.013818065985999144,0.99514,0.5193809365853668,91.47
98,0.012432877509676091,0.99592,0.5223026712238789,91.42
99,0.014021207243525673,0.99482,0.5120161420106888,91.66
100,0.011591104528559444,0.99596,0.5127483619749547,91.79
101,0.012048634587578825,0.99592,0.519032771140337,91.7
102,0.009340441554708555,0.99678,0.6384739129245282,91.01
103,0.013817020184586725,0.99516,0.5072839696705341,91.67
104,0.007726549097072438,0.99718,0.5469872911274433,92.06
105,0.009821743390414521,0.99664,0.5048436017334461,92.1
106,0.012112769304452103,0.99578,0.5006112624704838,92.08
107,0.009094493925723883,0.99694,0.5655229456722737,91.42
108,0.008338643461846939,0.99726,0.5177327258884907,91.78
109,0.007604780546484796,0.9972,0.5254016236960888,91.93
110,0.010586592371163465,0.99664,0.6919752903282642,90.59
111,0.008662296193273729,0.99704,0.49825214125216005,92.05
112,0.009746433314307572,0.99646,0.5529041537642478,91.41
113,0.00835912537825344,0.99722,0.5336113008111716,91.73
114,0.007227617544014854,0.99766,0.5669800326228142,91.51
115,0.0110468947354828,0.99588,0.552977015376091,91.86
116,0.00882553885050044,0.99704,0.5321439996361732,91.97
117,0.009245700464891198,0.99668,0.5274387723207474,91.91
118,0.009338502893629282,0.99688,0.5516833705455064,91.68
119,0.007489551234127069,0.99776,0.50735804438591,92.13
120,0.006442786536186629,0.99778,0.5888084588944912,91.63
121,0.0071774935897658855,0.99752,0.5514116540551186,91.63
122,0.006565675852061643,0.99782,0.5494066517055035,91.78
123,0.010136067495702783,0.9965,0.5838372442126274,91.13
124,0.008453842681234756,0.99726,0.5398873454332351,91.75
125,0.007938322079989612,0.99718,0.5481987361609936,91.99
126,0.007328832531562242,0.9977,0.5432928814738989,91.7
127,0.007152653742305306,0.99724,0.5751442608982325,91.35
128,0.008104832095029714,0.99718,0.5307086217403412,91.91
129,0.0076278063151805275,0.9974,0.5383507117629052,92.18
130,0.007619550067555074,0.99776,0.5270787365734577,92.17
131,0.006976082349372337,0.99764,0.5362692043185234,92.04
132,0.007358462689310441,0.99742,0.5319758944213391,92.22
133,0.007520968044001628,0.99754,0.49926943622529507,92.18
134,0.008293897623334394,0.99718,0.5229000620543957,91.76
135,0.006422373916372619,0.9979,0.5093772500380873,92.11
136,0.0065200527649982585,0.99774,0.525916279554367,92.05
137,0.005856817339524946,0.99816,0.5430456867814064,91.99
138,0.006363326215597293,0.99786,0.5811556042730808,91.76
139,0.006278620443314009,0.99792,0.5312943505495786,92.31
140,0.006884435437086141,0.99772,0.5418601917475462,92.16
141,0.0054656762541617126,0.9983,0.53518471326679,92.34
142,0.008089330847687124,0.99728,0.5328187034279108,92.24
143,0.004729268381662686,0.99838,0.5622436370514333,92.11
144,0.007826206581595609,0.9972,0.6376685746759176,91.31
145,0.009118924652228652,0.99672,0.5348673099279404,92.06
146,0.007137300946828349,0.9974,0.5366454904526472,91.6
147,0.00695061924702981,0.9976,0.48832786560058594,92.28
148,0.0042094397418143805,0.99866,0.5101824750751257,92.44
149,0.0037088675086226915,0.9985,0.5522803054749965,92.03
150,0.004192545177245898,0.99866,0.5403893253952264,92.28
151,0.007849222503464355,0.9974,0.5318626175820828,92.1
152,0.009693590191709798,0.99692,0.510877890214324,91.71
153,0.004820027922661534,0.99858,0.512610649317503,92.09
154,0.0031182347461009576,0.999,0.523801466524601,91.96
155,0.004363279791621496,0.99854,0.5354212330281735,92.1
156,0.00500246129371464,0.9983,0.5580126373469829,91.99
157,0.004294490425602135,0.99858,0.5343672544509173,92.42
158,0.0047476239026199,0.99832,0.5636750042438508,92.02
159,0.005035148503894791,0.99816,0.5438663330301643,92.25
160,0.00485781577160715,0.99818,0.5530767288804054,91.9
161,0.004193057911113247,0.99868,0.576991003677249,91.93
162,0.005383920123609488,0.99824,0.5762933230400086,91.9
163,0.004545378179558556,0.9984,0.5679478403925896,92.07
164,0.003879365109665262,0.99854,0.5602742056548595,91.99
165,0.005131434658756646,0.99796,0.6076042357832193,91.5
166,0.004711741232015478,0.99852,0.5712421285361051,92.28
167,0.006064780099350778,0.99796,0.633742943033576,91.59
168,0.006775065457991437,0.99782,0.6179489398747683,91.49
169,0.005559447503005883,0.99806,0.5303743341658265,92.29
170,0.003242164823587488,0.99906,0.5662848967313766,92.42
171,0.002385946964878408,0.99932,0.566272654607892,92.23
172,0.003156779695030116,0.99892,0.5616967792063952,92.41
173,0.0027041472132851266,0.99918,0.5621104504913091,92.39
174,0.0033501705644256854,0.99894,0.553757487386465,92.25
175,0.002286123900252687,0.99934,0.603854146823287,91.87
176,0.0032876889838282103,0.99906,0.5635394544899464,92.41
177,0.0037964322587574996,0.99858,0.5577279990911483,92.45
178,0.005157172094921574,0.99828,0.5408578112721443,92.53
179,0.004867243006482454,0.99844,0.6044804655015469,92.11
180,0.005333018691643425,0.99816,0.5878067481517791,91.64
181,0.005106933788894235,0.99822,0.6557633599638939,90.97
182,0.004515576398811009,0.99846,0.5518856291472912,92.36
183,0.0022361400695589118,0.99934,0.5429389866068959,92.55
184,0.0022772467292337907,0.99932,0.5674046566337347,92.31
185,0.003089068467011842,0.99912,0.563884594514966,92.42
186,0.004791378435712127,0.9983,0.5984741897881031,91.8
187,0.00527825885597626,0.99818,0.5597575805336237,92.3
188,0.003675733122479199,0.99872,0.6534248207509518,91.37
189,0.004346658615280053,0.9985,0.5805579501390458,92.15
190,0.0033441271451922655,0.9989,0.5409080062061549,92.48
191,0.0054048394380599414,0.99796,0.5350493591651321,92.4
192,0.005451262412566568,0.9982,0.5554351097345352,92.4
193,0.00307323961444866,0.99896,0.5679796662926674,92.29
194,0.003944634223155721,0.99864,0.5527172493189574,92.33
195,0.007207850519510562,0.99774,0.5569283954799176,92.08
196,0.00339628045860728,0.99878,0.5556059665977955,92.55
197,0.0026353782323776218,0.99914,0.5475066112726927,92.68
198,0.003165948350959674,0.99898,0.5490693493187427,92.54
199,0.004077399087607708,0.99858,0.5242635664343834,92.97
200,0.004081821588375379,0.99868,0.5890173580497503,92.33
201,0.0034315443709087763,0.9989,0.5375845018029213,92.68
202,0.0029769252823709505,0.99904,0.5856779864430428,92.18
203,0.0027569548150672175,0.9992,0.5294281920790672,92.73
204,0.0026011107065339748,0.99916,0.5833303296566009,92.4
205,0.00377283897392316,0.99876,0.5532841584086419,92.61
206,0.002916694926026532,0.99912,0.53583486456424,92.76
207,0.003121797820431707,0.99904,0.5362667594850064,92.56
208,0.003706040978401928,0.99878,0.533988903015852,92.51
209,0.0024248381175667696,0.99912,0.5445444709062577,92.58
210,0.003727652504087409,0.99886,0.5635936931520701,92.25
211,0.004679315287591247,0.99834,0.551513908430934,92.39
212,0.0028662266195355734,0.999,0.5662914604321122,92.35
213,0.003826623703466247,0.99886,0.530942458063364,92.56
214,0.0028832725134899703,0.99896,0.5550156305730343,92.63
215,0.0024535322414182335,0.99924,0.5766853161901235,92.13
216,0.002197912365891566,0.99918,0.5664980727434158,92.53
217,0.0011210223979047497,0.99966,0.5556759770214558,92.68
218,0.001395046789096171,0.9996,0.5584246498718858,92.79
219,0.0018962275856064365,0.99938,0.5920368718355894,92.58
220,0.0027420629539986704,0.99894,0.6308288818597794,91.72
221,0.0029105452110815516,0.99882,0.590548245087266,92.32
222,0.003362949190614715,0.99896,0.5856570944562555,92.35
223,0.0030572584942173773,0.99898,0.6157476573437453,91.93
224,0.004343990437549335,0.99846,0.5694403670728206,92.37
225,0.0029949564839188664,0.99888,0.5574219138175249,92.72
226,0.0019302691262729865,0.99926,0.5425450112484396,92.52
227,0.0022984422839191906,0.99914,0.5789029836654663,92.45
228,0.0038381552414248382,0.99888,0.5569181323423982,92.35
229,0.00152474628651099,0.99952,0.5563950333558023,92.62
230,0.0028537940796669525,0.99914,0.5719535554666072,92.4
231,0.001812646204549575,0.99942,0.5823118084808812,92.65
232,0.0035722780525517623,0.9988,0.5823734518885613,92.38
233,0.0015217538970658463,0.99948,0.5607423198223114,92.93
234,0.001598732327786185,0.99948,0.5983246317505837,92.48
235,0.0028494322524957425,0.9991,0.5824763863533735,92.78
236,0.0029092928849617995,0.99912,0.5817350977286696,92.54
237,0.002239050307420387,0.99932,0.5826780527946539,92.56
238,0.0030862232608221355,0.99916,0.6099652884155512,92.18
239,0.002003539475569766,0.9992,0.5584189897868782,92.6
240,0.0017963356564424055,0.99944,0.5818581479787827,92.74
241,0.0021779157201666623,0.99942,0.5907026182860136,92.56
242,0.0015958855314461766,0.99958,0.5704718823730945,92.64
243,0.0012001053795166066,0.99974,0.5741922412440181,92.7
244,0.0008037348270683926,0.99978,0.5651427874714137,92.77
245,0.001568839064506871,0.99954,0.6044788175821304,92.56
246,0.001588299748530347,0.99942,0.5963916269689798,92.68
247,0.002247961477170226,0.99918,0.6033720054477453,92.32
248,0.003337061227968587,0.99884,0.6062882927805185,92.43
249,0.005540208495638865,0.99818,0.6721471624076366,91.53
250,0.004184669562997079,0.9987,0.5688906218111515,92.6
251,0.003913887809185535,0.99864,0.5831321793794632,92.35
252,0.0038106157175337306,0.99874,0.6373479150235652,91.81
253,0.003544671921139283,0.99896,0.5662544068694114,92.22
254,0.003397128100225897,0.99874,0.5670350319892168,92.7
255,0.0021883498238937935,0.99942,0.5746622693538666,92.83
256,0.0010945067933836208,0.99966,0.543887671418488,92.83
257,0.0010336430557548542,0.99972,0.5678527972102165,92.79
258,0.00221178512972639,0.9993,0.5983680123463273,92.53
259,0.002995487502621263,0.99906,0.586986411511898,92.55
260,0.0018983265056627353,0.9993,0.577246797606349,92.47
261,0.00119462286878694,0.99962,0.5831311563402415,92.66
262,0.0013222631800662527,0.9996,0.564342290405184,92.69
263,0.00173807719631878,0.99946,0.6130444907769561,92.28
264,0.0025413703392529042,0.99918,0.5874847051221878,92.54
265,0.0024519867080328105,0.99926,0.5963103667460382,92.59
266,0.0025055228310930148,0.99916,0.6016533201187849,92.36
267,0.003316468815973797,0.99894,0.5978149994462728,92.53
268,0.0027855002723843852,0.99892,0.6216964156925678,92.04
269,0.0038996994781368617,0.99884,0.5829582450538874,92.26
270,0.0025037126220245915,0.99924,0.5944301371276378,92.28
271,0.001810669298748226,0.9993,0.5911108602583408,92.57
272,0.002601392424243795,0.99902,0.5997072286903858,92.35
273,0.0033306091508168317,0.99908,0.5840828014165163,92.74
274,0.001168639273819653,0.99962,0.5916573943616822,92.42
275,0.0023644418000717603,0.9992,0.6178852420300245,92.39
276,0.0017457649225930032,0.9995,0.5961516383290291,92.62
277,0.0014077133687293154,0.99966,0.579475180208683,92.95
278,0.001313097458189863,0.99964,0.5893606770783663,92.79
279,0.0014858845287844327,0.99948,0.6162367160618305,92.47
280,0.0035998729745978894,0.99878,0.6393575392663479,92.26
281,0.0034950034831038295,0.99874,0.5878402937948703,92.67
282,0.002201346298464408,0.99932,0.5919272881746293,92.54
283,0.0025667965774188567,0.99928,0.5947255832329392,92.34
284,0.0011937080460930746,0.99966,0.5847155494615436,92.92
285,0.0010510091205387165,0.99964,0.6272252003848553,92.44
286,0.0018519305855112002,0.99936,0.5763650615140796,92.78
287,0.0029882811429098135,0.99904,0.5938377718627453,92.65
288,0.0023137426303951646,0.99932,0.5659904953092336,92.59
289,0.0030044122501407438,0.999,0.5857017778046429,92.57
290,0.001380027518091846,0.99958,0.5494956096261739,92.75
291,0.001631290536038006,0.99944,0.547494442909956,92.79
292,0.0014648093077380335,0.99958,0.6590238519012928,92.08
293,0.0013185247454805362,0.9996,0.570999366901815,92.62
294,0.0014079622123972513,0.99942,0.5991457127034664,92.55
295,0.002285722629794621,0.9993,0.5808324205316603,92.4
296,0.0013251516768081194,0.99956,0.5646169060841203,92.64
297,0.00070453264638591,0.99986,0.5755381404282525,92.6
298,0.0012053252695618992,0.99972,0.6252325899153948,92.24
299,0.002919892225500263,0.99896,0.5799985430482775,92.47
300,0.004339445782515704,0.99898,0.5712287591770291,92.37
301,0.002700971556193841,0.99914,0.5984483854845166,92.16
302,0.003558266932717012,0.99892,0.5375632014870644,92.81
303,0.002202756064550956,0.99936,0.5611599332047627,92.7
304,0.0016701330804726635,0.99944,0.5416583596728742,93.05
305,0.001623444722204194,0.99942,0.5783143044263125,92.58
306,0.0013241770017333567,0.99956,0.5762011125683785,92.84
307,0.0011725314304648238,0.99966,0.5696517598256469,92.76
308,0.0005808430921544753,0.9998,0.5820617434754968,92.79
309,0.0013471344528750804,0.99958,0.5935078034061008,92.83
310,0.0014464488019869017,0.9995,0.5834516851278022,92.86
311,0.001053809915739268,0.99966,0.5754855231754482,93.11
312,0.0011906817688776689,0.99964,0.6170590031519532,92.67
313,0.002812970412390121,0.99914,0.5933404456824064,92.73
314,0.0021034112709867373,0.99938,0.6152405117638409,92.63
315,0.0019103752720393621,0.9993,0.5817389247193933,92.54
316,0.0035373830981433505,0.9989,0.603496142104268,92.32
317,0.0014933562492016855,0.9995,0.592202129624784,92.71
318,0.0013721632321089473,0.9997,0.5775256931036711,92.78
319,0.0014416396065884273,0.99954,0.5863755422830582,92.69
320,0.000902109696051044,0.99972,0.5829780209064483,92.82
321,0.0017931001131956364,0.99942,0.5910626351088285,92.65
322,0.00047454346933656426,0.99984,0.5966310008615255,92.84
323,0.0017141108564875276,0.99942,0.5727933593094349,92.48
324,0.000490828334842749,0.99986,0.5731703605502844,92.71
325,0.0007436238343903647,0.99986,0.5921600691974163,92.68
326,0.001440525329324564,0.9995,0.6218970949947834,92.16
327,0.002540215664981481,0.99914,0.6111919433623553,92.17
328,0.0019357155294209966,0.99936,0.6014397628605366,92.16
329,0.00158246665659463,0.99952,0.6017907435819506,92.7
330,0.0011130305983678619,0.99964,0.557598113939166,92.85
331,0.0007944702187313667,0.99976,0.5685631138086319,92.78
332,0.0018043367606581009,0.99928,0.5972715294361115,92.72
333,0.002267204722433644,0.99928,0.6258020582795143,92.53
334,0.0020394219290491913,0.99928,0.5951366320252418,92.61
335,0.0013028173400756076,0.99962,0.5914203271269798,92.58
336,0.0012825611435697455,0.9996,0.6060902330651879,92.46
337,0.0009330975506162924,0.99968,0.5793502965569496,93.02
338,0.0006271371394014724,0.9998,0.6094833533465862,92.71
339,0.0019492648675239258,0.99926,0.5866922437027097,92.5
340,0.0005032327626372012,0.99992,0.577659378387034,92.85
341,0.00037640932080478976,0.9999,0.5675534204207361,92.84
342,0.0003663530225491585,0.99984,0.5593453506752849,93.06
343,0.0007235138979580407,0.99974,0.6241517541185021,92.47
344,0.0016628577047600522,0.9993,0.5947264889627695,92.54
345,0.0013197516846304397,0.99952,0.593191195204854,92.39
346,0.0010713259391772472,0.99966,0.5941280648112297,92.48
347,0.0015158372731102854,0.99956,0.5802567011862994,92.43
348,0.0025307170798979125,0.99908,0.6081982762366533,92.37
349,0.001475075872429657,0.99948,0.6017042038403452,92.69
350,0.0007568433271040946,0.9998,0.6143741442263126,92.48
351,0.0011302672040439151,0.99956,0.6008701477944851,92.76
352,0.0011095450185901596,0.9997,0.611430958583951,92.62
353,0.0028834035157995603,0.9989,0.6278691183775663,92.41
354,0.0030846772615335132,0.999,0.6239151018857956,92.46
355,0.0013217073438726032,0.9996,0.5906757583469152,92.68
356,0.00048338780775838925,0.99984,0.5944576555863023,92.77
357,0.0010695978541808587,0.9997,0.6165919123962521,92.56
358,0.002023581209603835,0.99936,0.6039993043988943,92.52
359,0.0006913229137116223,0.99982,0.5885112980008125,92.63
360,0.0011566485837459222,0.99972,0.6010464976727963,92.66
361,0.0012340157080803539,0.99968,0.6014076693356037,92.62
362,0.0009679017850507443,0.99972,0.6038762141019106,92.75
363,0.0008618510897516448,0.99972,0.6093251560255886,92.51
364,0.0005596810480194312,0.99984,0.591251219585538,92.72
365,0.0010756631107891306,0.99966,0.6067908383160829,92.42
366,0.001135262401055192,0.99968,0.61371172696352,92.72
367,0.0017490811817406956,0.99938,0.6157735165208578,92.51
368,0.0012927750797520684,0.99966,0.6505281695723534,92.36
369,0.0005822994253216994,0.99982,0.6248016482964158,92.59
370,0.0007456938400330162,0.99974,0.624051791653037,92.62
371,0.0016510672236094846,0.99944,0.615360795315355,92.68
372,0.0024950357044481583,0.9991,0.6576828630268574,92.17
373,0.0013319332351493637,0.99956,0.6447568396478891,92.35
374,0.0036618641041435986,0.99888,0.6000625799782574,92.48
375,0.0025324833619853725,0.99902,0.6200514118373394,92.44
376,0.001651647429713668,0.99944,0.5730181461572648,92.8
377,0.0009867936925358727,0.99966,0.5816542212292553,92.58
378,0.0010717608644376935,0.99962,0.5856920012086629,92.75
379,0.0015320679949372626,0.9995,0.6094828426837922,92.47
380,0.0011787821968679156,0.99956,0.6171201199293137,92.25
381,0.0011080329680381834,0.99968,0.5885430461913347,92.77
382,0.00041356069009441135,0.99994,0.6047458431869746,92.75
383,0.00030971113449475204,0.99994,0.5916254734992981,92.79
384,0.00030422040339942526,0.99992,0.601996678262949,92.69
385,0.000546513547372969,0.99986,0.618578184992075,92.82
386,0.0015479707047227136,0.9995,0.6818689227104187,91.99
387,0.0019138478257162187,0.99944,0.6207164048403502,92.44
388,0.0009018562105268447,0.99972,0.5973304141312837,92.85
389,0.0009981273080386548,0.99968,0.5932421746850014,92.57
390,0.0008509945324765008,0.99976,0.6145462020486593,92.68
391,0.0017118726220890603,0.99942,0.6144004645943641,92.42
392,0.0009422744898235097,0.99974,0.6279794067516923,92.49
393,0.0020601267933531334,0.99932,0.6554827747493982,92.39
394,0.0006629860576759081,0.99984,0.6336275563389063,92.61
395,0.0003937190050816597,0.99992,0.6152434134483338,92.79
396,0.0011228576512135509,0.99966,0.6414403220266104,92.68
397,0.0007919009593889683,0.99974,0.6186368710920215,92.76
398,0.0009184541720230028,0.99964,0.6395622825622559,92.63
399,0.001068213284777398,0.99968,0.6231240051239729,92.73
